          50   665.15584574059551     
         100   616.92583401805268     
         150   573.72464375762638     
         200   541.07754174439390     
         250   510.50308863339569     
         300   478.10373650112575     
         350   441.69256960076081     
         400   407.99372589183878     
         450   375.77801087931795     
         500   345.71114031985132     
         550   313.33694787738750     
         600   282.14027117329618     
         650   253.31337638328975     
         700   227.12393270309295     
         750   200.77369113860118     
         800   174.22987530906695     
         850   147.48876156933625     
         900   118.78637116605395     
         950   90.952351849732992     
        1000   63.122144372756480     
        1050   35.755200198956516     
        1100   8.5502968177067569     
        1150  -17.701111356773122     
        1200  -43.330163568073857     
        1250  -68.235374516495042     
        1300  -92.321602286054187     
        1350  -115.89525865364340     
        1400  -139.03918590188434     
        1450  -161.27366693913990     
        1500  -183.00751159231007     
        1550  -205.66516327183152     
        1600  -229.01519609869234     
        1650  -252.24577412237218     
        1700  -274.36314146242370     
        1750  -295.63886098326287     
        1800  -316.45114507105495     
        1850  -337.47498758427366     
        1900  -357.98922187481855     
        1950  -378.19622383493311     
        2000  -397.85719069657881     
        2050  -416.92264251389219     
        2100  -436.46721965547556     
        2150  -455.92565980716006     
        2200  -474.83079795363994     
        2250  -493.29514151077649     
        2300  -511.40236114915291     
        2350  -529.18944277814830     
        2400  -547.35742731648668     
        2450  -565.36064947234036     
        2500  -583.03718872242519     
        2550  -600.42139189043246     
        2600  -617.73278155279922     
        2650  -635.26262411064158     
        2700  -652.48503051799696     
        2750  -669.70719554137656     
        2800  -687.03307969083733     
        2850  -704.51452808863621     
        2900  -721.96261175310372     
        2950  -739.50244781041783     
        3000  -757.32649578549524     
        3050  -775.39927476293099     
        3100  -793.43411689120512     
        3150  -811.34865886796274     
        3200  -829.43364264911168     
        3250  -847.45008501466702     
        3300  -865.47472546226231     
        3350  -883.66801661105274     
        3400  -901.66657011692405     
        3450  -919.40946348169007     
        3500  -936.95068440240766     
        3550  -954.62904625486317     
        3600  -972.00297396643123     
        3650  -989.16408185869318     
        3700  -1006.2216701501745     
        3750  -1023.2644811950842     
        3800  -1040.0679619719253     
        3850  -1056.8206519168155     
        3900  -1073.3272788751947     
        3950  -1089.5604728464571     
        4000  -1105.8323865882726     
        4050  -1122.0921092360777     
        4100  -1138.1006468767102     
        4150  -1153.9434890943728     
        4200  -1169.6438358095106     
        4250  -1185.1584100916298     
        4300  -1200.3824303095839     
        4350  -1215.3282126791159     
        4400  -1230.4270420191742     
        4450  -1245.6256508773890     
        4500  -1260.7066691991438     
        4550  -1275.9155855500856     
        4600  -1291.1372384971130     
        4650  -1306.2121540062612     
        4700  -1321.1924946812942     
        4750  -1335.9124218196660     
        4800  -1350.5684906312133     
        4850  -1365.5069297473431     
        4900  -1380.2987146779196     
        4950  -1395.0959759433729     
        5000  -1409.9979225713357     
        5050  -1424.7607384800028     
        5100  -1439.4054916070922     
        5150  -1453.8775817875219     
        5200  -1468.2064772352526     
        5250  -1482.4019136799384     
        5300  -1496.5613969616365     
        5350  -1510.5241392685491     
        5400  -1524.2846222654050     
        5450  -1537.8269710214045     
        5500  -1551.2274970942165     
        5550  -1564.4744510103249     
        5600  -1577.7201950095186     
        5650  -1590.8168400688485     
        5700  -1603.7170152763631     
        5750  -1616.4187591949881     
        5800  -1629.0703116247423     
        5850  -1641.6427588593265     
        5900  -1654.0961185767706     
        5950  -1666.3532070798703     
        6000  -1678.4542054902288     
        6050  -1690.6688305139858     
        6100  -1702.7864140057175     
        6150  -1714.7405499960232     
        6200  -1726.6646834482788     
        6250  -1738.4708892837605     
        6300  -1750.1323534885964     
        6350  -1761.6960617890716     
        6400  -1773.2352818075165     
        6450  -1784.6412333995333     
        6500  -1795.9308494084516     
        6550  -1807.1052050686042     
        6600  -1818.2045515918940     
        6650  -1829.2136007726606     
        6700  -1840.1016957489444     
        6750  -1850.8929537131496     
        6800  -1861.6211576669430     
        6850  -1872.2308514611682     
        6900  -1882.7398710408261     
        6950  -1893.1405272814229     
        7000  -1903.4391331736222     
        7050  -1913.6027992106954     
        7100  -1923.6664684914565     
        7150  -1933.6995830024841     
        7200  -1943.6817200949829     
        7250  -1953.5340053561533     
        7300  -1963.4357149544135     
        7350  -1973.2818545719663     
        7400  -1983.0697985864610     
        7450  -1992.8789678298192     
        7500  -2002.6937215774838     
        7550  -2012.3812502070550     
        7600  -2021.9548518477716     
        7650  -2031.4426687404732     
        7700  -2040.8294739480962     
        7750  -2050.1321791540704     
        7800  -2059.3894410169823     
        7850  -2068.5551190246520     
        7900  -2077.6127911135804     
        7950  -2086.6242102475171     
        8000  -2095.5830066009489     
        8050  -2104.4600587046889     
        8100  -2113.3078912321284     
        8150  -2122.1061118067601     
        8200  -2130.8330969940134     
        8250  -2139.4999412967773     
        8300  -2148.1112404790269     
        8350  -2156.6484018611195     
        8400  -2165.1298076880503     
        8450  -2173.5234840966955     
        8500  -2181.9308231772407     
        8550  -2190.3009531265866     
        8600  -2198.6064545179793     
        8650  -2206.8255159330683     
        8700  -2215.0403190941447     
        8750  -2223.3038491249476     
        8800  -2231.5119338709328     
        8850  -2239.6582237750499     
        8900  -2247.7781442606588     
        8950  -2255.9221423301638     
        9000  -2264.0559146800283     
        9050  -2272.1450059641020     
        9100  -2280.1660200051529     
        9150  -2288.1187226100301     
        9200  -2296.0263943238951     
        9250  -2303.8847689657828     
        9300  -2311.7103891120564     
        9350  -2319.5518779585518     
        9400  -2327.3705482667333     
        9450  -2335.1626007287150     
        9500  -2342.9055432425821     
        9550  -2350.6202715736476     
        9600  -2358.2820902801291     
        9650  -2365.9049980699133     
        9700  -2373.5168477531251     
        9750  -2381.0691049230468     
        9800  -2388.5650420212182     
        9850  -2396.0601370489076     
        9900  -2403.5077800719932     
        9950  -2410.9104842073039     
       10000  -2418.2562171505847     
       10050  -2425.5688037380373     
       10100  -2432.8787699077129     
       10150  -2440.2035412282407     
       10200  -2447.4855922382808     
       10250  -2454.7243787781267     
       10300  -2461.9243225529585     
       10350  -2469.1029515921191     
       10400  -2476.2413385388654     
       10450  -2483.3324978177734     
       10500  -2490.3911595186855     
       10550  -2497.4369448991506     
       10600  -2504.5126665573289     
       10650  -2511.6056256130237     
       10700  -2518.7418562240441     
       10750  -2525.9464800784422     
       10800  -2533.1291452441378     
       10850  -2540.2660694672672     
       10900  -2547.3478852587618     
       10950  -2554.3699177139838     
       11000  -2561.3438862818657     
       11050  -2568.3063097566483     
       11100  -2575.2347730287079     
       11150  -2582.1366122628351     
       11200  -2588.9867932841726     
       11250  -2595.8042019246532     
       11300  -2602.6063930599585     
       11350  -2609.3795652141180     
       11400  -2616.1333405806881     
       11450  -2622.9097461835941     
       11500  -2629.6669235061490     
       11550  -2636.4363343031191     
       11600  -2643.1585615704253     
       11650  -2649.8623303391314     
       11700  -2656.5141117444605     
       11750  -2663.1474861032812     
       11800  -2669.7661480988240     
       11850  -2676.3687686313338     
       11900  -2682.9699404926350     
       11950  -2689.5339207751513     
       12000  -2696.0592877210029     
       12050  -2702.5819890130115     
       12100  -2709.0783444182803     
       12150  -2715.6405604411339     
       12200  -2722.2392184532514     
       12250  -2728.7866492135645     
       12300  -2735.2977005128191     
       12350  -2741.7783838689411     
       12400  -2748.2385320087560     
       12450  -2754.6814185052785     
       12500  -2761.1078464542888     
       12550  -2767.5076922192952     
       12600  -2773.8803652945476     
       12650  -2780.2124624769435     
       12700  -2786.5155202796891     
       12750  -2792.7885033875336     
       12800  -2799.0298994811446     
       12850  -2805.2307437244617     
       12900  -2811.3978730590857     
       12950  -2817.5290734374430     
       13000  -2823.6532407692284     
       13050  -2829.7849821469886     
       13100  -2835.8740212915886     
       13150  -2841.9692377265587     
       13200  -2848.0663897820300     
       13250  -2854.1810653105795     
       13300  -2860.3184567063158     
       13350  -2866.4595150731134     
       13400  -2872.5863156147834     
       13450  -2878.6750452859969     
       13500  -2884.7480023652288     
       13550  -2890.8060261185574     
       13600  -2896.8442232889929     
       13650  -2902.8639101908270     
       13700  -2908.8630971481766     
       13750  -2914.8445713560036     
       13800  -2920.8224889591688     
       13850  -2926.8688238071300     
       13900  -2932.9391459546641     
       13950  -2939.0070022999271     
       14000  -2945.0487068114621     
       14050  -2951.0757972452416     
       14100  -2957.0642123555544     
       14150  -2963.0194140135904     
       14200  -2968.9474713563909     
       14250  -2974.8727585196825     
       14300  -2980.7568882557516     
       14350  -2986.6011574348099     
       14400  -2992.4565247236924     
       14450  -2998.2842378444770     
       14500  -3004.0773220613319     
       14550  -3009.8419413810161     
       14600  -3015.5797289095362     
       14650  -3021.3158920060132     
       14700  -3027.0373107015926     
       14750  -3032.7749931448793     
       14800  -3038.5297699009325     
       14850  -3044.2716961216497     
       14900  -3049.9836027681172     
       14950  -3055.6592198290473     
       15000  -3061.3212584630423     
       15050  -3066.9698104420954     
       15100  -3072.5825237938911     
       15150  -3078.1589943826057     
       15200  -3083.7007259033730     
       15250  -3089.2278646335681     
       15300  -3094.7477232614510     
       15350  -3100.2504321529900     
       15400  -3105.7474268858919     
       15450  -3111.2558131424785     
       15500  -3116.7441904552884     
       15550  -3122.2016682671633     
       15600  -3127.6333546372739     
       15650  -3133.0467101996896     
       15700  -3138.4306901892860     
       15750  -3143.7852725896482     
       15800  -3149.1230158544022     
       15850  -3154.4552109775800     
       15900  -3159.7729014108718     
       15950  -3165.0713725203668     
       16000  -3170.3389990532573     
       16050  -3175.5792884342500     
       16100  -3180.7886582013753     
       16150  -3185.9753628058083     
       16200  -3191.1506139460803     
       16250  -3196.2972223334591     
       16300  -3201.4189517539662     
       16350  -3206.5217085736849     
       16400  -3211.5951632956912     
       16450  -3216.6478300648832     
       16500  -3221.7028909680907     
       16550  -3226.7483219562073     
       16600  -3231.7687579310391     
       16650  -3236.7594645559489     
       16700  -3241.7202867100505     
       16750  -3246.6676564215577     
       16800  -3251.6081772168586     
       16850  -3256.5227313863525     
       16900  -3261.4583327607315     
       16950  -3266.3707343488645     
       17000  -3271.2574303846245     
       17050  -3276.1194743688852     
       17100  -3280.9643476158017     
       17150  -3285.8113713630819     
       17200  -3290.6302147397387     
       17250  -3295.4506029357531     
       17300  -3300.3078938393433     
       17350  -3305.1707845722917     
       17400  -3310.0356961109242     
       17450  -3314.8939176271865     
       17500  -3319.7408180060411     
       17550  -3324.5679960133280     
       17600  -3329.3755675942784     
       17650  -3334.1681975662918     
       17700  -3338.9354146549190     
       17750  -3343.6951584206486     
       17800  -3348.4454818429558     
       17850  -3353.2056887449571     
       17900  -3357.9537975772923     
       17950  -3362.7422502070840     
       18000  -3367.5199972499058     
       18050  -3372.3012322770946     
       18100  -3377.0678483603401     
       18150  -3381.8157220296130     
       18200  -3386.5631039851542     
       18250  -3391.3126901364535     
       18300  -3396.0425733341435     
       18350  -3400.7503847600115     
       18400  -3405.4383457396425     
       18450  -3410.1008977166739     
       18500  -3414.7413598136854     
       18550  -3419.3625689709770     
       18600  -3423.9626576993201     
       18650  -3428.5428255705383     
       18700  -3433.1055387998335     
       18750  -3437.6733671773477     
       18800  -3442.2697091112982     
       18850  -3446.8528538033652     
       18900  -3451.4180588715017     
       18950  -3455.9722263148083     
       19000  -3460.5057209312299     
       19050  -3465.0154176756496     
       19100  -3469.5023074002456     
       19150  -3473.9686756553288     
       19200  -3478.4295752579255     
       19250  -3482.8803483843917     
       19300  -3487.3102535517496     
       19350  -3491.7535786723811     
       19400  -3496.1769250352968     
       19450  -3500.5983431678405     
       19500  -3505.0012686118885     
       19550  -3509.4340831719678     
       19600  -3513.8534745333309     
       19650  -3518.2512689484224     
       19700  -3522.6377239106923     
       19750  -3527.0122662710219     
       19800  -3531.3705413428593     
       19850  -3535.7099182660372     
       19900  -3540.0274892750281     
       19950  -3544.3268098857734     
       20000  -3548.6059674637308     
       20050  -3552.8749890092372     
       20100  -3557.1372670065471     
       20150  -3561.4093952899693     
       20200  -3565.6662288686575     
       20250  -3569.9324267601837     
       20300  -3574.2052144529107     
       20350  -3578.4703912466048     
       20400  -3582.7535715736853     
       20450  -3587.0163036954318     
       20500  -3591.2601847097721     
       20550  -3595.4872816734005     
       20600  -3599.7035002436164     
       20650  -3603.9014897161287     
       20700  -3608.0975442769477     
       20750  -3612.2999173702183     
       20800  -3616.4820867466942     
       20850  -3620.6441977568561     
       20900  -3624.8176623215786     
       20950  -3628.9824692634029     
       21000  -3633.1274437912184     
       21050  -3637.2614467739672     
       21100  -3641.3856227349424     
       21150  -3645.4908270655274     
       21200  -3649.5785684845550     
       21250  -3653.6491510340152     
       21300  -3657.7406035441131     
       21350  -3661.8200751525296     
       21400  -3665.9094587532900     
       21450  -3669.9828280008710     
       21500  -3674.0413413721744     
       21550  -3678.0879033268670     
       21600  -3682.1510001834140     
       21650  -3686.2184422230689     
       21700  -3690.3329000639319     
       21750  -3694.4530543834103     
       21800  -3698.5763637691989     
       21850  -3702.7003423788797     
       21900  -3706.8114409447794     
       21950  -3710.9110888083105     
       22000  -3714.9965973720928     
       22050  -3719.0767025751984     
       22100  -3723.1494658854026     
       22150  -3727.2054455509697     
       22200  -3731.2603969810593     
       22250  -3735.3139037433575     
       22300  -3739.3617353400282     
       22350  -3743.3940402601615     
       22400  -3747.4083460241322     
       22450  -3751.4077115467135     
       22500  -3755.3894893068468     
       22550  -3759.3696158414778     
       22600  -3763.3591795989364     
       22650  -3767.3314377706211     
       22700  -3771.2905926225708     
       22750  -3775.2463216699889     
       22800  -3779.2026429885855     
       22850  -3783.1436728100166     
       22900  -3787.0726762471804     
       22950  -3790.9845598436596     
       23000  -3794.8939302032277     
       23050  -3798.7910015738380     
       23100  -3802.6756216147992     
       23150  -3806.5503116826776     
       23200  -3810.4083005002631     
       23250  -3814.2558414251275     
       23300  -3818.1039163036753     
       23350  -3821.9692001730327     
       23400  -3825.8307649112544     
       23450  -3829.6989973129598     
       23500  -3833.5671409138008     
       23550  -3837.4302549281274     
       23600  -3841.2787294974073     
       23650  -3845.1111229681592     
       23700  -3848.9359213354855     
       23750  -3852.7807267918670     
       23800  -3856.6143832701432     
       23850  -3860.4371664897640     
       23900  -3864.2499865086324     
       23950  -3868.0573073537266     
       24000  -3871.8501824119089     
       24050  -3875.6272866798290     
       24100  -3879.3897682677725     
       24150  -3883.1396523592744     
       24200  -3886.8740410619680     
       24250  -3890.5933486937029     
       24300  -3894.2978612426487     
       24350  -3898.0123905037121     
       24400  -3901.7119757319092     
       24450  -3905.3964297321791     
       24500  -3909.0662528723956     
       24550  -3912.7229398647760     
       24600  -3916.3675584934344     
       24650  -3919.9973916509830     
       24700  -3923.6125291277317     
       24750  -3927.2130599884131     
       24800  -3930.8034493978053     
       24850  -3934.3819866574322     
       24900  -3937.9692116965016     
       24950  -3941.5625201815992     
       25000  -3945.1423291744045     
       25050  -3948.7091206840564     
       25100  -3952.2617274132554     
       25150  -3955.8003949928093     
       25200  -3959.3256884716006     
       25250  -3962.8565053795746     
       25300  -3966.3875500073586     
       25350  -3969.9052438487079     
       25400  -3973.4103937521954     
       25450  -3976.9352321734063     
       25500  -3980.5458412063686     
       25550  -3984.1779021120178     
       25600  -3987.8011590788929     
       25650  -3991.4158454414023     
       25700  -3995.0242175394887     
       25750  -3998.6613370344958     
       25800  -4002.2849456608847     
       25850  -4005.9028053754469     
       25900  -4009.5078544246130     
       25950  -4013.1079217059882     
       26000  -4016.6944449843113     
       26050  -4020.2739559353199     
       26100  -4023.8431348525774     
       26150  -4027.4019335094786     
       26200  -4030.9500046428711     
       26250  -4034.4878015906202     
       26300  -4038.0172454158178     
       26350  -4041.5340414558473     
       26400  -4045.0440921423592     
       26450  -4048.5602532608018     
       26500  -4052.0695586292968     
       26550  -4055.5692720465972     
       26600  -4059.0707209903671     
       26650  -4062.5725907964161     
       26700  -4066.0911796904188     
       26750  -4069.6079999139520     
       26800  -4073.1163083507977     
       26850  -4076.6190190608895     
       26900  -4080.1090196991486     
       26950  -4083.5860704278034     
       27000  -4087.0518838148378     
       27050  -4090.5055214241906     
       27100  -4093.9464149833248     
       27150  -4097.3914081566882     
       27200  -4100.8439298424009     
       27250  -4104.3027455740184     
       27300  -4107.7726910143683     
       27350  -4111.2366416893756     
       27400  -4114.6885682229176     
       27450  -4118.1363063477629     
       27500  -4121.5766351981056     
       27550  -4125.0099238059183     
       27600  -4128.4341127812459     
       27650  -4131.8506485040416     
       27700  -4135.2590672727474     
       27750  -4138.6552034512943     
       27800  -4142.0395210656552     
       27850  -4145.4134954644524     
       27900  -4148.7769185934767     
       27950  -4152.1332750486354     
       28000  -4155.4865880592170     
       28050  -4158.8289872411870     
       28100  -4162.1712806280466     
       28150  -4165.5101259926059     
       28200  -4168.8581182528742     
       28250  -4172.2000813005861     
       28300  -4175.5354457175426     
       28350  -4178.8595322559449     
       28400  -4182.1790264865840     
       28450  -4185.4954368583121     
       28500  -4188.8069055907281     
       28550  -4192.1126691305208     
       28600  -4195.4081362996485     
       28650  -4198.6978581116800     
       28700  -4201.9976155669874     
       28750  -4205.2882669826658     
       28800  -4208.5718489397550     
       28850  -4211.8445861460841     
       28900  -4215.1174838776597     
       28950  -4218.3890252106748     
       29000  -4221.6614767903629     
       29050  -4224.9253313350137     
       29100  -4228.2098250733070     
       29150  -4231.5019787535875     
       29200  -4234.7865959786996     
       29250  -4238.0627443461372     
       29300  -4241.3355530256549     
       29350  -4244.6113077044374     
       29400  -4247.8795633494838     
       29450  -4251.1380519382055     
       29500  -4254.3854948028975     
       29550  -4257.6219480132249     
       29600  -4260.8539610727858     
       29650  -4264.0960761015040     
       29700  -4267.3302557803136     
       29750  -4270.5615966827500     
       29800  -4273.7889319330579     
       29850  -4277.0064122897384     
       29900  -4280.2134657983579     
       29950  -4283.4180482017828     
       30001  -4286.6764818458514     
       30050  -4289.3854781155851     
       30100  -4291.5215667567109     
       30150  -4293.0152899733075     
       30200  -4294.1561415587585     
       30250  -4294.9033715224723     
       30300  -4295.3058780358970     
       30350  -4295.2827328258400     
       30400  -4294.9690253167855     
       30450  -4294.4361152270085     
       30500  -4293.7074788778518     
       30550  -4292.7002050777301     
       30600  -4291.5560210347658     
       30650  -4290.1214701966001     
       30700  -4288.4565429525064     
       30750  -4286.6267430176313     
       30800  -4284.7572035977000     
       30850  -4282.7046036472357     
       30900  -4280.4638817286159     
       30950  -4278.0507765707907     
       31000  -4275.4944832664423     
       31050  -4272.8119443441701     
       31100  -4270.0335827974104     
       31150  -4267.1429376329588     
       31200  -4264.0570876520678     
       31250  -4260.7428578935487     
       31300  -4257.2407722995567     
       31350  -4253.6890702171995     
       31400  -4249.9846473825073     
       31450  -4246.1006518873046     
       31500  -4242.1569459763841     
       31550  -4238.1492892871156     
       31600  -4233.9393562922032     
       31650  -4229.5843558847946     
       31700  -4225.2287732831501     
       31750  -4220.7807760038359     
       31800  -4216.2753815601500     
       31850  -4211.6853087646659     
       31900  -4206.9057506630716     
       31950  -4202.0543970301569     
       32000  -4197.2278019249752     
       32050  -4192.3255004630419     
       32100  -4187.3805036197946     
       32150  -4182.4601744441734     
       32200  -4177.4758594430186     
       32250  -4172.4530257697506     
       32300  -4167.3319940586871     
       32350  -4162.1858993256383     
       32400  -4157.0051417209716     
       32450  -4151.7929044385301     
       32500  -4146.5642827791544     
       32550  -4141.3037104375871     
       32600  -4135.9194222945298     
       32650  -4130.3681254749363     
       32700  -4124.7186056014716     
       32750  -4118.9998632196903     
       32800  -4113.2756504719973     
       32850  -4107.5420033416167     
       32900  -4101.7397589081675     
       32950  -4095.8781008733163     
       33000  -4089.9286063552731     
       33050  -4083.9396555187295     
       33100  -4077.9937099848812     
       33150  -4072.0503209387421     
       33200  -4066.0113162999000     
       33250  -4059.9400805550940     
       33300  -4053.7946682857264     
       33350  -4047.5915949435935     
       33400  -4041.4144132474635     
       33450  -4035.1798790013863     
       33500  -4028.9253104750032     
       33550  -4022.6638657552694     
       33600  -4016.3544768548186     
       33650  -4010.0777447353466     
       33700  -4003.8147612205476     
       33750  -3997.4603431008372     
       33800  -3991.1118424251699     
       33850  -3984.7789284973596     
       33900  -3978.3861184655229     
       33950  -3972.0579938375172     
       34000  -3965.7774951188690     
       34050  -3959.5716039906411     
       34100  -3953.4478755527953     
       34150  -3947.3170700231522     
       34200  -3941.2444416232720     
       34250  -3935.2292475973240     
       34300  -3929.2894287909230     
       34350  -3923.4449752654687     
       34400  -3917.5486503237507     
       34450  -3911.5894464797434     
       34500  -3905.6479199321025     
       34550  -3899.6854133234724     
       34600  -3893.7882763203252     
       34650  -3887.8780344999313     
       34700  -3881.9415299988477     
       34750  -3876.0326340365555     
       34800  -3870.0932305937349     
       34850  -3864.0805329050941     
       34900  -3858.0715717674939     
       34950  -3852.0942047414551     
       35000  -3846.1489134526873     
       35050  -3840.2107070984621     
       35100  -3834.3108145388574     
       35150  -3828.4256125988209     
       35200  -3822.4357280618674     
       35250  -3816.5088626703091     
       35300  -3810.6344833816129     
       35350  -3804.7949144771856     
       35400  -3798.9867797970232     
       35450  -3793.1284007122445     
       35500  -3787.2985908339342     
       35550  -3781.5214825024691     
       35600  -3775.7843702967211     
       35650  -3770.0969077249902     
       35700  -3764.4905916118987     
       35750  -3758.9879981022286     
       35800  -3753.4664563778547     
       35850  -3747.9441437125465     
       35900  -3742.4715460538541     
       35950  -3736.9977337846490     
       36000  -3731.5582791344682     
       36050  -3726.1213338739331     
       36100  -3720.6952342223731     
       36150  -3715.2257681620085     
       36200  -3709.7281948010564     
       36250  -3704.1506364644702     
       36300  -3698.5495327176936     
       36350  -3692.9458455625636     
       36400  -3687.3881139041218     
       36450  -3681.8188030894717     
       36500  -3676.2900674710036     
       36550  -3670.7927274632893     
       36600  -3665.3203450159358     
       36650  -3659.8812678151639     
       36700  -3654.4543390462691     
       36750  -3649.0258790604425     
       36800  -3643.6024137774543     
       36850  -3638.1787469738620     
       36900  -3632.7752057706211     
       36950  -3627.3877196826734     
       37000  -3622.0449576858991     
       37050  -3616.6978500666469     
       37100  -3611.2067538384017     
       37150  -3605.7247131352428     
       37200  -3600.2658476031447     
       37250  -3594.7718416948387     
       37300  -3589.2542112721135     
       37350  -3583.8072450440181     
       37400  -3578.4152237251492     
       37450  -3573.0680825416816     
       37500  -3567.6744521822529     
       37550  -3562.2566345713149     
       37600  -3556.7507423490529     
       37650  -3551.2690808979200     
       37700  -3545.7707327811759     
       37750  -3540.2700479141627     
       37800  -3534.7932278158896     
       37850  -3529.3380312756885     
       37900  -3523.9688703339998     
       37950  -3518.5975141152048     
       38000  -3513.2241148814592     
       38050  -3507.8445357003911     
       38100  -3502.4814054267122     
       38150  -3497.1258973298400     
       38200  -3491.8061416145201     
       38250  -3486.4664520108863     
       38300  -3481.1138919666705     
       38350  -3475.7536713342788     
       38400  -3470.4330642439222     
       38450  -3465.1755535903690     
       38500  -3459.8921533452803     
       38550  -3454.5903989581852     
       38600  -3449.3092103769077     
       38650  -3443.9933070969805     
       38700  -3438.6215586697858     
       38750  -3433.2276077727556     
       38800  -3427.7796632839822     
       38850  -3422.3376274404641     
       38900  -3416.7887571653487     
       38950  -3411.2717859539425     
       39000  -3405.7945043822542     
       39050  -3400.3601419763650     
       39100  -3394.9426918001700     
       39150  -3389.4982408322394     
       39200  -3384.0628363007086     
       39250  -3378.7256729389910     
       39300  -3373.4209211274169     
       39350  -3368.1554240214882     
       39400  -3362.8486330163614     
       39450  -3357.5536836518186     
       39500  -3352.2959817982392     
       39550  -3347.1114960055684     
       39600  -3341.9225299406507     
       39650  -3336.7427583004801     
       39700  -3331.6573759507714     
       39750  -3326.5349112226854     
       39800  -3321.3854655678715     
       39850  -3316.2536644960155     
       39900  -3311.0946227595946     
       39950  -3305.9860743281715     
       40000  -3300.9593638379047     
       40050  -3295.9449649526973     
       40100  -3290.9131475323170     
       40150  -3285.8904932337355     
       40200  -3280.8939438938978     
       40250  -3275.9206082085411     
       40300  -3271.0209833686263     
       40350  -3266.1746132194075     
       40400  -3261.3533450694331     
       40450  -3256.5075211363705     
       40500  -3251.6341496825535     
       40550  -3246.7293128925662     
       40600  -3241.7491269220404     
       40650  -3236.8252634323603     
       40700  -3231.9289338581020     
       40750  -3227.0848065817013     
       40800  -3222.2751142211555     
       40850  -3217.5281974196037     
       40900  -3212.8032354100001     
       40950  -3208.1077354891959     
       41000  -3203.3722808872026     
       41050  -3198.6015199166059     
       41100  -3193.7857182343942     
       41150  -3188.9791319577580     
       41200  -3184.2079897540480     
       41250  -3179.5361853754707     
       41300  -3174.8719608325546     
       41350  -3170.2163407719054     
       41400  -3165.5365503359685     
       41450  -3160.8654452068017     
       41500  -3156.2497670535404     
       41550  -3151.6254547156582     
       41600  -3147.0066468319201     
       41650  -3142.3712528400156     
       41700  -3137.7091506389202     
       41750  -3133.0892050582133     
       41800  -3128.4830773864192     
       41850  -3123.8650568787907     
       41900  -3119.2636944665660     
       41950  -3114.6810393421620     
       42000  -3110.1763421056557     
       42050  -3105.6490785377673     
       42100  -3101.1495323585168     
       42150  -3096.7137884464846     
       42200  -3092.3068461546136     
       42250  -3087.9206615993730     
       42300  -3083.5675149468152     
       42350  -3079.2125417031025     
       42400  -3074.9049073946790     
       42450  -3070.6192167262307     
       42500  -3066.3608818599419     
       42550  -3062.0974799025862     
       42600  -3057.8572633518293     
       42650  -3053.6543818322316     
       42700  -3049.4775968214076     
       42750  -3045.2754663432620     
       42800  -3041.0722928963792     
       42850  -3036.8717047929549     
       42900  -3032.7280763346384     
       42950  -3028.5948703886129     
       43000  -3024.3848479528237     
       43050  -3020.1406082792028     
       43100  -3015.8574693153041     
       43150  -3011.5996249347318     
       43200  -3007.3931867339093     
       43250  -3003.1977830066685     
       43300  -2999.0643247593594     
       43350  -2994.9887286682620     
       43400  -2990.9552956133866     
       43450  -2986.9313109080035     
       43500  -2982.9324633802298     
       43550  -2978.9402100032762     
       43600  -2974.9859224670272     
       43650  -2971.0169624340624     
       43700  -2967.0164991652391     
       43750  -2962.9838306477400     
       43800  -2958.9249274064023     
       43850  -2954.8691855907982     
       43900  -2950.8015871393545     
       43950  -2946.7219220020452     
       44000  -2942.6403646327080     
       44050  -2938.5042917758706     
       44100  -2934.3197402781184     
       44150  -2930.1767225441254     
       44200  -2926.1271089744487     
       44250  -2922.1397871751119     
       44300  -2918.1978109689958     
       44350  -2914.3122929159872     
       44400  -2910.4678612020057     
       44450  -2906.6143322287153     
       44500  -2902.7685773670319     
       44550  -2898.8534836712033     
       44600  -2894.9339040512518     
       44650  -2891.0271226309451     
       44700  -2887.1359642930697     
       44750  -2883.2434286592752     
       44800  -2879.4117869890219     
       44850  -2875.6201513259120     
       44900  -2871.7703620150578     
       44950  -2867.8882234626453     
       45000  -2864.0392743502134     
       45050  -2860.0773248099263     
       45100  -2856.1236335890535     
       45150  -2852.1702920475905     
       45200  -2848.2538753323174     
       45250  -2844.3220876891287     
       45300  -2840.3635824344660     
       45350  -2836.3994659177001     
       45400  -2832.4349657995940     
       45450  -2828.4963221975572     
       45500  -2824.5823571304613     
       45550  -2820.7202267752582     
       45600  -2816.8439850535233     
       45650  -2812.9728945608322     
       45700  -2809.0829811453655     
       45750  -2805.2258021641569     
       45800  -2801.3949948197464     
       45850  -2797.5627555710512     
       45900  -2793.6792509223324     
       45950  -2789.7992624843218     
       46000  -2785.9508430405626     
       46050  -2782.1267557825099     
       46100  -2778.3544131856429     
       46150  -2774.6100700713532     
       46200  -2770.8650586576073     
       46250  -2767.1287973117123     
       46300  -2763.4008288589134     
       46350  -2759.7016865697797     
       46400  -2756.0628370571162     
       46450  -2752.4603123643005     
       46500  -2748.8872833591131     
       46550  -2745.3025270200155     
       46600  -2741.7349610666470     
       46650  -2738.0897398117768     
       46700  -2734.4441519973102     
       46750  -2730.7979796144659     
       46800  -2727.1587215576478     
       46850  -2723.5282911848126     
       46900  -2719.8150869862270     
       46950  -2716.0419500751414     
       47000  -2712.2387927412274     
       47050  -2708.4799639331873     
       47100  -2704.7737399569396     
       47150  -2701.1063833618523     
       47200  -2697.3916324102561     
       47250  -2693.6875451409560     
       47300  -2689.9660149696588     
       47350  -2686.2777530332005     
       47400  -2682.5842676936322     
       47450  -2678.9082685213443     
       47500  -2675.2700777305367     
       47550  -2671.6182679512258     
       47600  -2667.9732115786264     
       47650  -2664.3601769667707     
       47700  -2660.7625912214039     
       47750  -2657.1280314220280     
       47800  -2653.4828175240841     
       47850  -2649.8670103860795     
       47900  -2646.2521455512692     
       47950  -2642.6165632764660     
       48000  -2638.9826852735018     
       48050  -2635.3564980669398     
       48100  -2631.7549715307955     
       48150  -2628.1594359331098     
       48200  -2624.5446472585686     
       48250  -2620.9982670741078     
       48300  -2617.4519823498213     
       48350  -2613.8850496616469     
       48400  -2610.2882284129514     
       48450  -2606.6971211359405     
       48500  -2603.1151596529635     
       48550  -2599.4889491607159     
       48600  -2595.8175916031651     
       48650  -2592.1080577505591     
       48700  -2588.4252990250952     
       48750  -2584.7477004397260     
       48800  -2581.0556214804160     
       48850  -2577.4514069845836     
       48900  -2573.8512449697996     
       48950  -2570.2463868072705     
       49000  -2566.6135425318994     
       49050  -2563.0362081881590     
       49100  -2559.5577771966882     
       49150  -2556.1069271566407     
       49200  -2552.6817019278510     
       49250  -2549.2665898399141     
       49300  -2545.8713164710853     
       49350  -2542.4894784275548     
       49400  -2539.1106140971178     
       49450  -2535.7162392713744     
       49500  -2532.3855449357325     
       49550  -2529.0850192500352     
       49600  -2525.8377447551429     
       49650  -2522.5817043567795     
       49700  -2519.3020154042788     
       49750  -2516.0282185725941     
       49800  -2512.8154393599875     
       49850  -2509.5823935498720     
       49900  -2506.3335260160266     
       49950  -2503.1183090912396     
       50000  -2499.9207722547962     
       50050  -2496.7194761177911     
       50100  -2493.5024801586187     
       50150  -2490.3209759873253     
       50200  -2487.1947750190416     
       50250  -2484.0654901579824     
       50300  -2480.8871866635964     
       50350  -2477.7036235154264     
       50400  -2474.4597081361285     
       50450  -2471.2253425828062     
       50500  -2468.0506242382180     
       50550  -2464.8988746470473     
       50600  -2461.7415923366875     
       50650  -2458.5918178912107     
       50700  -2455.4200969010994     
       50750  -2452.2229881022809     
       50800  -2449.0486754916537     
       50850  -2445.8984060156799     
       50900  -2442.7736690982138     
       50950  -2439.6618843893343     
       51000  -2436.5436799800218     
       51050  -2433.3370447914554     
       51100  -2430.0880168486415     
       51150  -2426.8517133170549     
       51200  -2423.6096724711642     
       51250  -2420.3249121495974     
       51300  -2417.0180036594684     
       51350  -2413.7368303515359     
       51400  -2410.4659891497777     
       51450  -2407.2492678200715     
       51500  -2404.0372744035967     
       51550  -2400.8014439893332     
       51600  -2397.5505625500127     
       51650  -2394.3810281671895     
       51700  -2391.2588134471152     
       51750  -2388.1638393353714     
       51800  -2385.0823731256141     
       51850  -2382.0227270936421     
       51900  -2378.9988878577601     
       51950  -2376.0200378414484     
       52000  -2373.0350423609189     
       52050  -2370.0629764697728     
       52100  -2367.0765982207049     
       52150  -2364.0755059581106     
       52200  -2361.0906214036418     
       52250  -2358.1618047894285     
       52300  -2355.2460755153879     
       52350  -2352.3581946737640     
       52400  -2349.5391498888475     
       52450  -2346.7261125417640     
       52500  -2343.9340779145036     
       52550  -2341.1207720919556     
       52600  -2338.2836706722151     
       52650  -2335.4531806365380     
       52700  -2332.6495040124487     
       52750  -2329.8166413089207     
       52800  -2326.9936750607721     
       52850  -2324.1977859794474     
       52900  -2321.3673452298108     
       52950  -2318.5167980556544     
       53000  -2315.6444162407306     
       53050  -2312.8030411921472     
       53100  -2309.9611742947982     
       53150  -2307.0640559536178     
       53200  -2304.1591926015572     
       53250  -2301.2567665960478     
       53300  -2298.3753059024270     
       53350  -2295.5085020456054     
       53400  -2292.7007036787359     
       53450  -2289.9262846549964     
       53500  -2287.1137170774296     
       53550  -2284.2905021187448     
       53600  -2281.4302784568004     
       53650  -2278.6160216572293     
       53700  -2275.8567957099963     
       53750  -2273.0789011177426     
       53800  -2270.2876278706844     
       53850  -2267.4935711926987     
       53900  -2264.7365490446991     
       53950  -2262.0362380529432     
       54000  -2259.3616330041868     
       54050  -2256.6737753993912     
       54100  -2253.9927939877562     
       54150  -2251.3081142355049     
       54200  -2248.5768086971780     
       54250  -2245.8149872182626     
       54300  -2243.0465058916757     
       54350  -2240.2932852194285     
       54400  -2237.5404165716891     
       54450  -2234.7387889335964     
       54500  -2231.9114614929285     
       54550  -2229.0126821896124     
       54600  -2226.1066344174019     
       54650  -2223.2080139296581     
       54700  -2220.3066496159481     
       54750  -2217.4716265563493     
       54800  -2214.6448827428180     
       54850  -2211.8647920711228     
       54900  -2209.0879609793751     
       54950  -2206.2942986401504     
       55000  -2203.5410503509006     
       55050  -2200.8034714315509     
       55100  -2198.0694229823998     
       55150  -2195.3335440676642     
       55200  -2192.6563017755084     
       55250  -2189.9930789928835     
       55300  -2187.2759209428414     
       55350  -2184.5936607826411     
       55400  -2181.9761155995229     
       55450  -2179.4085146460111     
       55500  -2176.8503397197269     
       55550  -2174.2695426621276     
       55600  -2171.6748437598430     
       55650  -2169.1142462840621     
       55700  -2166.5435081647229     
       55750  -2163.9365577227945     
       55800  -2161.2803049771305     
       55850  -2158.6141421524835     
       55900  -2155.9867429367428     
       55950  -2153.3944507585702     
       56000  -2150.8134722588097     
       56050  -2148.2217471057447     
       56100  -2145.6201583436941     
       56150  -2143.0325602346084     
       56200  -2140.4540830239630     
       56250  -2137.8533934119241     
       56300  -2135.2963451714772     
       56350  -2132.7700104413875     
       56400  -2130.2590863684500     
       56450  -2127.7913566025818     
       56500  -2125.2699304741059     
       56550  -2122.7025482715912     
       56600  -2120.1497522840714     
       56650  -2117.5551530470921     
       56700  -2114.9700611913595     
       56750  -2112.4008461530279     
       56800  -2109.8437648693025     
       56850  -2107.3412794337687     
       56900  -2104.8250552463592     
       56950  -2102.3033858522504     
       57000  -2099.8046168529049     
       57050  -2097.2887020632129     
       57100  -2094.7927094222337     
       57150  -2092.3603963147057     
       57200  -2089.9487725684899     
       57250  -2087.5349103533463     
       57300  -2085.1308368555287     
       57350  -2082.7250871866868     
       57400  -2080.3008124793359     
       57450  -2077.8554397298171     
       57500  -2075.4105638707115     
       57550  -2072.9819499057044     
       57600  -2070.5351997870102     
       57650  -2068.0777754316737     
       57700  -2065.6395005224231     
       57750  -2063.2570670178652     
       57800  -2060.9362440429218     
       57850  -2058.6279674157317     
       57900  -2056.3295205952454     
       57950  -2054.0216951212656     
       58000  -2051.7100248605466     
       58050  -2049.3821172951307     
       58100  -2047.0376411483364     
       58150  -2044.6941610920214     
       58200  -2042.3305794343933     
       58250  -2039.9501900208720     
       58300  -2037.5973521784256     
       58350  -2035.2611483022656     
       58400  -2032.9228549513102     
       58450  -2030.5953463709491     
       58500  -2028.2485699044580     
       58550  -2025.9194762982875     
       58600  -2023.5937571773748     
       58650  -2021.2680405587075     
       58700  -2018.9789864976817     
       58750  -2016.6868024909011     
       58800  -2014.4218308533852     
       58850  -2012.1349150278259     
       58900  -2009.8809886579288     
       58950  -2007.6946672764407     
       59000  -2005.5303515817704     
       59050  -2003.3610661851783     
       59100  -2001.1971965948178     
       59150  -1999.0375001936984     
       59200  -1996.8588393739917     
       59250  -1994.6365665362453     
       59300  -1992.4280532800242     
       59350  -1990.3044932216628     
       59400  -1988.2163553986213     
       59450  -1986.1536444951896     
       59500  -1984.0805429137238     
       59550  -1981.9777946085601     
       59600  -1979.8699199779912     
       59650  -1977.7417163562689     
       59700  -1975.5955091736073     
       59750  -1973.4464196893609     
       59800  -1971.2904400558637     
       59850  -1969.1586397049171     
       59900  -1967.0817543657081     
       59950  -1965.0313311652756     
       60000  -1963.0099106319537     
       60050  -1960.9656194914739     
       60100  -1958.9643517475708     
       60150  -1956.9480215709495     
       60200  -1954.9046245779341     
       60250  -1952.8412808460178     
       60300  -1950.7696744495561     
       60350  -1948.6889075514405     
       60400  -1946.6147313523861     
       60450  -1944.5322282448101     
       60500  -1942.4433286795756     
       60550  -1940.3558738109064     
       60600  -1938.3095209416081     
       60650  -1936.2553047968720     
       60700  -1934.2178200394428     
       60750  -1932.1922829388614     
       60800  -1930.1666753990839     
       60850  -1928.1778458285501     
       60900  -1926.1894886889181     
       60950  -1924.1884759021241     
       61000  -1922.1543633427232     
       61050  -1920.1239532221741     
       61100  -1918.1097508180749     
       61150  -1916.1054289916126     
       61200  -1914.0130398340214     
       61250  -1911.8571148718411     
       61300  -1909.6678609813309     
       61350  -1907.4102777130922     
       61400  -1905.1375889327403     
       61450  -1902.8771081130812     
       61500  -1900.6121859840498     
       61550  -1898.3612901249455     
       61600  -1896.1546438145731     
       61650  -1893.9714657409991     
       61700  -1891.8141567601911     
       61750  -1889.6089685600039     
       61800  -1887.4349485561211     
       61850  -1885.2625967248507     
       61900  -1883.1402239110841     
       61950  -1881.0496538131822     
       62000  -1878.9663804930569     
       62050  -1876.8773552421674     
       62100  -1874.7690489084894     
       62150  -1872.6395819377724     
       62200  -1870.5155145075653     
       62250  -1868.4007412806980     
       62300  -1866.2564025281297     
       62350  -1864.1410852954793     
       62400  -1862.0295450284748     
       62450  -1859.9459042490689     
       62500  -1857.8820069783360     
       62550  -1855.8213313836752     
       62600  -1853.7467310414183     
       62650  -1851.6911475135553     
       62700  -1849.6016117134809     
       62750  -1847.4832762208164     
       62800  -1845.3462048076019     
       62850  -1843.2198905615364     
       62900  -1841.0906267551429     
       62950  -1838.9544038914300     
       63000  -1836.8446354793139     
       63050  -1834.7534679172038     
       63100  -1832.6570047026091     
       63150  -1830.6346458558648     
       63200  -1828.6038338254107     
       63250  -1826.5931218519479     
       63300  -1824.5562285927872     
       63350  -1822.5090078382864     
       63400  -1820.4821863223701     
       63450  -1818.4530333824675     
       63500  -1816.3849442929163     
       63550  -1814.3285033616994     
       63600  -1812.2962571205235     
       63650  -1810.2811204885609     
       63700  -1808.2520351318667     
       63750  -1806.2435964907763     
       63800  -1804.2163015151496     
       63850  -1802.2214315394435     
       63900  -1800.2275513562993     
       63950  -1798.2384793007809     
       64000  -1796.2808503116162     
       64050  -1794.3657028039947     
       64100  -1792.4518924355493     
       64150  -1790.5449035264739     
       64200  -1788.6708208457046     
       64250  -1786.8177901339548     
       64300  -1785.0165611626894     
       64350  -1783.2712549663072     
       64400  -1781.5251607786543     
       64450  -1779.7547195812692     
       64500  -1777.9560365248312     
       64550  -1776.1438579806097     
       64600  -1774.3130334107091     
       64650  -1772.4672797188909     
       64700  -1770.6407721369626     
       64750  -1768.8184054349147     
       64800  -1766.9571816177358     
       64850  -1765.0550733966259     
       64900  -1763.1269430687219     
       64950  -1761.2322304643508     
       65000  -1759.3561912780424     
       65050  -1757.4733445359057     
       65100  -1755.6239687116934     
       65150  -1753.7706302457432     
       65200  -1751.8827946135364     
       65250  -1750.0038174890988     
       65300  -1748.1462342337129     
       65350  -1746.2830157655603     
       65400  -1744.4551548325185     
       65450  -1742.6300401279198     
       65500  -1740.7884074333922     
       65550  -1738.9628520140684     
       65600  -1737.1450734968741     
       65650  -1735.3470308654969     
       65700  -1733.5619738020632     
       65750  -1731.8237211445210     
       65800  -1730.0719483519599     
       65850  -1728.2966376804586     
       65900  -1726.5337695495728     
       65950  -1724.8003641029989     
       66000  -1723.0497265166966     
       66050  -1721.2766223328181     
       66100  -1719.4779886445795     
       66150  -1717.6661394097002     
       66200  -1715.8383300514195     
       66250  -1713.9984275832016     
       66300  -1712.1585090540718     
       66350  -1710.3464902310177     
       66400  -1708.5455876825056     
       66450  -1706.7351609620039     
       66500  -1704.8923677511989     
       66550  -1703.0329027185535     
       66600  -1701.1305584167362     
       66650  -1699.1962742626076     
       66700  -1697.2743619178509     
       66750  -1695.3527281524641     
       66800  -1693.4269283808749     
       66850  -1691.4745875484391     
       66900  -1689.4965022573435     
       66950  -1687.4995375440351     
       67000  -1685.5137860081111     
       67050  -1683.5625076491294     
       67100  -1681.6254965352036     
       67150  -1679.7049271638339     
       67200  -1677.7830927773830     
       67250  -1675.8907296744744     
       67300  -1673.9993222154692     
       67350  -1672.1093142622842     
       67400  -1670.2301941702112     
       67450  -1668.3442068393858     
       67500  -1666.4293133929152     
       67550  -1664.5112343397927     
       67600  -1662.5904184744018     
       67650  -1660.6315307867144     
       67700  -1658.6839496263071     
       67750  -1656.7377203923650     
       67800  -1654.8031270067345     
       67850  -1652.8593198518872     
       67900  -1650.8995854698551     
       67950  -1648.9555586641422     
       68000  -1647.0258838947643     
       68050  -1645.0574541818080     
       68100  -1643.0898288661110     
       68150  -1641.1430526179677     
       68200  -1639.2326659821404     
       68250  -1637.3524318809086     
       68300  -1635.5125764067934     
       68350  -1633.6253524849874     
       68400  -1631.7306492072730     
       68450  -1629.9206371828618     
       68500  -1628.1538817912979     
       68550  -1626.3830706936715     
       68600  -1624.5723871424095     
       68650  -1622.7810932066416     
       68700  -1621.0459010047280     
       68750  -1619.3322965514278     
       68800  -1617.6148821480083     
       68850  -1615.9050452515946     
       68900  -1614.2018017613025     
       68950  -1612.4904938700586     
       69000  -1610.7536171884437     
       69050  -1608.9960501458852     
       69100  -1607.2508985446052     
       69150  -1605.5237685221766     
       69200  -1603.7976875413578     
       69250  -1602.1007684892638     
       69300  -1600.4034127042607     
       69350  -1598.7046450788330     
       69400  -1596.9968129725642     
       69450  -1595.2784960363133     
       69500  -1593.5319651765201     
       69550  -1591.7990693243739     
       69600  -1590.0686383190900     
       69650  -1588.3424790944014     
       69700  -1586.6306509739334     
       69750  -1584.9238694243991     
       69800  -1583.2249451864386     
       69850  -1581.5108278425437     
       69900  -1579.8248518550295     
       69950  -1578.1629960811699     
       70000  -1576.4891532791280     
       70050  -1574.8379959274523     
       70100  -1573.1947111764252     
       70150  -1571.5450268944089     
       70200  -1569.9031609389492     
       70250  -1568.2735568560349     
       70300  -1566.6545465438260     
       70350  -1565.0495816668486     
       70400  -1563.4424851876377     
       70450  -1561.8673980142089     
       70500  -1560.3313620795129     
       70550  -1558.8263678884348     
       70600  -1557.3397074702486     
       70650  -1555.8501521726982     
       70700  -1554.3612779393429     
       70750  -1552.8417115271147     
       70800  -1551.2838605959232     
       70850  -1549.7301649260162     
       70900  -1548.1776942585288     
       70950  -1546.6375802294403     
       71000  -1545.1162314974140     
       71050  -1543.5710291867276     
       71100  -1541.9977474161983     
       71150  -1540.4015302132368     
       71200  -1538.7814488637459     
       71250  -1537.1656308323231     
       71300  -1535.5303636319011     
       71350  -1533.8383112713830     
       71400  -1532.1422939434567     
       71450  -1530.4608877506175     
       71500  -1528.7658809325619     
       71550  -1527.0803427899993     
       71600  -1525.4220034562161     
       71650  -1523.7756609112757     
       71700  -1522.1434586090502     
       71750  -1520.5569935647823     
       71800  -1518.9848480012911     
       71850  -1517.4392454791589     
       71900  -1515.8733827230158     
       71950  -1514.2998022152592     
       72000  -1512.7425359465235     
       72050  -1511.1777410928580     
       72100  -1509.6313438925667     
       72150  -1508.1464017458909     
       72200  -1506.6726893298003     
       72250  -1505.2049169429599     
       72300  -1503.7342759132475     
       72350  -1502.2479762291857     
       72400  -1500.7191431037322     
       72450  -1499.1875907686779     
       72500  -1497.6727805029461     
       72550  -1496.1692170958536     
       72600  -1494.7111917228103     
       72650  -1493.2514768830390     
       72700  -1491.7976233873062     
       72750  -1490.3593506257334     
       72800  -1488.9479322992543     
       72850  -1487.5334805916189     
       72900  -1486.1175118047577     
       72950  -1484.6893854874986     
       73000  -1483.2803235406936     
       73050  -1481.9057918086135     
       73100  -1480.4819082673259     
       73150  -1479.0367917261231     
       73200  -1477.5504920623173     
       73250  -1476.0689067801288     
       73300  -1474.5981078143152     
       73350  -1473.1194629658562     
       73400  -1471.6027776847866     
       73450  -1470.1286202823317     
       73500  -1468.6846195456199     
       73550  -1467.2270303044197     
       73600  -1465.7484015694115     
       73650  -1464.2639761959570     
       73700  -1462.8043307963203     
       73750  -1461.3460999385600     
       73800  -1459.9000608761451     
       73850  -1458.4262632934042     
       73900  -1456.9648139054596     
       73950  -1455.5287275878334     
       74000  -1454.1086173469064     
       74050  -1452.6973585972851     
       74100  -1451.3117655204194     
       74150  -1449.9529951076991     
       74200  -1448.5859464830473     
       74250  -1447.1904627765446     
       74300  -1445.7814814849328     
       74350  -1444.3812973640217     
       74400  -1442.9652507245955     
       74450  -1441.6057254552529     
       74500  -1440.2626750588934     
       74550  -1438.9437032921803     
       74600  -1437.6483940108842     
       74650  -1436.3576907339784     
       74700  -1435.0559922080222     
       74750  -1433.7437027319477     
       74800  -1432.4636381750302     
       74850  -1431.2418713327866     
       74900  -1430.0378898193519     
       74950  -1428.8075255980420     
       75000  -1427.5758551058498     
       75050  -1426.3376755921165     
       75100  -1425.1245161380550     
       75150  -1423.9064149277031     
       75200  -1422.6797268166331     
       75250  -1421.4453459151111     
       75300  -1420.2207440196785     
       75350  -1419.0046051036340     
       75400  -1417.7747652825883     
       75450  -1416.5159786256920     
       75500  -1415.2453796733391     
       75550  -1413.9604594860380     
       75600  -1412.6647918489732     
       75650  -1411.4009827627897     
       75700  -1410.1499368600116     
       75750  -1408.8702601733612     
       75800  -1407.5602203676792     
       75850  -1406.2461341371247     
       75900  -1404.9272347151202     
       75950  -1403.6105593536302     
       76000  -1402.3262399252931     
       76050  -1401.0202930076671     
       76100  -1399.6903964957035     
       76150  -1398.3458420805823     
       76200  -1397.0090613623120     
       76250  -1395.6868544957224     
       76300  -1394.3740298952141     
       76350  -1393.0590336370130     
       76400  -1391.7485736795147     
       76450  -1390.4668307398867     
       76500  -1389.1951357149810     
       76550  -1387.9218659028506     
       76600  -1386.6487307703328     
       76650  -1385.3586438924349     
       76700  -1383.9974540314442     
       76750  -1382.6470425728096     
       76800  -1381.2880438926654     
       76850  -1379.9219028579937     
       76900  -1378.5405489064945     
       76950  -1377.1749195670916     
       77000  -1375.8290910369797     
       77050  -1374.4835257314801     
       77100  -1373.1335541604599     
       77150  -1371.7741687969374     
       77200  -1370.4103149862387     
       77250  -1369.0197316573633     
       77300  -1367.5594296169929     
       77350  -1366.0934526753420     
       77400  -1364.6192417006500     
       77450  -1363.1363665226202     
       77500  -1361.6580375526860     
       77550  -1360.1722099413012     
       77600  -1358.7127427203607     
       77650  -1357.2712055998941     
       77700  -1355.8249643448041     
       77750  -1354.3879067015682     
       77800  -1352.9291080119460     
       77850  -1351.4866358126565     
       77900  -1350.0633801536940     
       77950  -1348.6535375312410     
       78000  -1347.2448502314719     
       78050  -1345.8724412598376     
       78100  -1344.4901448862140     
       78150  -1343.1051081609899     
       78200  -1341.6993324794114     
       78250  -1340.2842355402879     
       78300  -1338.8533633424545     
       78350  -1337.4083370541300     
       78400  -1335.9837343229942     
       78450  -1334.5417884904332     
       78500  -1333.0781399639930     
       78550  -1331.6060632362824     
       78600  -1330.1161120406123     
       78650  -1328.6391028618534     
       78700  -1327.1807807291264     
       78750  -1325.7158416546176     
       78800  -1324.2502580633909     
       78850  -1322.8127206581485     
       78900  -1321.3853916660423     
       78950  -1319.9569075602137     
       79000  -1318.5470735612473     
       79050  -1317.1578684843334     
       79100  -1315.7600367357898     
       79150  -1314.3822885303357     
       79200  -1312.9961433035392     
       79250  -1311.6248553409894     
       79300  -1310.2530149488944     
       79350  -1308.8792502273950     
       79400  -1307.5216326414802     
       79450  -1306.1750207216555     
       79500  -1304.8689394608671     
       79550  -1303.5920257678001     
       79600  -1302.3114515836087     
       79650  -1301.0244057895266     
       79700  -1299.7004515931926     
       79750  -1298.3643294987535     
       79800  -1297.0246260945717     
       79850  -1295.6975217541110     
       79900  -1294.3785392891582     
       79950  -1293.0685835471882     
       80000  -1291.7900503367518     
