 k=    5.0000000000000000      a=   2.5000000000000000      b=  0.50000000000000000      r/b=   2.0000000000000000     
 x   SS
   2.0000000000000000       -3.6023085101414771E-003
   2.1000000014901161       -3.4582202330668056E-003
   2.2000000029802322       -3.3213171030820341E-003
   2.3000000044703484       -3.1911713709479642E-003
   2.4000000059604645       -3.0673848035768564E-003
   2.5000000074505806       -2.9495863733586770E-003
   2.6000000089406967       -2.8374301494010446E-003
   2.7000000104308128       -2.7305933712380324E-003
   2.8000000119209290       -2.6287746876056534E-003
   2.9000000134110451       -2.5316925446924295E-003
   3.0000000149011612       -2.4390837098801927E-003
   3.1000000163912773       -2.3507019184179747E-003
   3.2000000178813934       -2.2663166317417301E-003
   3.3000000193715096       -2.1857118972836934E-003
   3.4000000208616257       -2.1086853006234509E-003
   3.5000000223517418       -2.0350470017328798E-003
   3.6000000238418579       -1.9646188478712225E-003
   3.7000000253319740       -1.8972335564059013E-003
   3.8000000268220901       -1.8327339614787256E-003
   3.9000000283122063       -1.7709723190144039E-003
   4.0000000298023224       -1.7118096650862516E-003
   4.1000000312924385       -1.6551152231191110E-003
   4.2000000327825546       -1.6007658558276642E-003
   4.3000000342726707       -1.5486455581646083E-003
   4.4000000357627869       -1.4986449878920097E-003
   4.5000000372529030       -1.4506610306947022E-003
   4.6000000387430191       -1.4045963970302081E-003
   4.7000000402331352       -1.3603592481586082E-003
   4.8000000417232513       -1.3178628490208111E-003
   4.9000000432133675       -1.2770252458372100E-003
   5.0000000447034836       -1.2377689664830292E-003
   5.1000000461935997       -1.2000207418636586E-003
   5.2000000476837158       -1.1637112466647427E-003
   5.3000000491738319       -1.1287748579892531E-003
   5.4000000506639481       -1.0951494305186430E-003
   5.5000000521540642       -1.0627760869486816E-003
   5.6000000536441803       -1.0315990225538496E-003
   5.7000000551342964       -1.0015653228281616E-003
   5.8000000566244125       -9.7262479323596298E-004
   5.9000000581145287       -9.4472980018432326E-004
   6.0000000596046448       -9.1783512239990454E-004
   6.1000000610947609       -8.9189781195825942E-004
   6.2000000625848770       -8.6687706427292471E-004
   6.3000000640749931       -8.4273409640605223E-004
   6.4000000655651093       -8.1943203311202553E-004
   6.5000000670552254       -7.9693580007104330E-004
   6.6000000685453415       -7.7521202381134835E-004
   6.7000000700354576       -7.5422893785702036E-004
   6.8000000715255737       -7.3395629467331094E-004
   6.9000000730156898       -7.1436528301369864E-004
   7.0000000745058060       -6.9542845030239509E-004
   7.1000000759959221       -6.7711962971320552E-004
   7.2000000774860382       -6.5941387163063721E-004
   7.3000000789761543       -6.4228737920211856E-004
   7.4000000804662704       -6.2571744771136670E-004
   7.5000000819563866       -6.0968240752242917E-004
   7.6000000834465027       -5.9416157036189135E-004
   7.7000000849366188       -5.7913517872330280E-004
   7.8000000864267349       -5.6458435819317328E-004
   7.9000000879168510       -5.5049107251199290E-004
   8.0000000894069672       -5.3683808119676826E-004
   8.1000000908970833       -5.2360889956361485E-004
   8.2000000923871994       -5.1078776100008311E-004
   8.3000000938773155       -4.9835958134720418E-004
   8.4000000953674316       -4.8630992526077201E-004
   8.5000000968575478       -4.7462497443022481E-004
   8.6000000983476639       -4.6329149754165626E-004
   8.7000000998377800       -4.5229682187908961E-004
   8.8000001013278961       -4.4162880646517248E-004
   8.9000001028180122       -4.3127581664898298E-004
   9.0000001043081284       -4.2122670005469886E-004
   9.1000001057982445       -4.1147076381050615E-004
   9.2000001072883606       -4.0199775298235634E-004
   9.3000001087784767       -3.9279783014204214E-004
   9.4000001102685928       -3.8386155600358230E-004
   9.5000001117587090       -3.7517987106611090E-004
   9.6000001132488251       -3.6674407820538478E-004
   9.7000001147389412       -3.5854582615966676E-004
   9.8000001162290573       -3.5057709385914011E-004
   9.9000001177191734       -3.4283017555117220E-004
   10.000000119209290       -3.3529766667670426E-004
   10.100000120699406       -3.2797245045578687E-004
   10.200000122189522       -3.2084768514286050E-004
   10.300000123679638       -3.1391679191477119E-004
   10.400000125169754       -3.0717344335675490E-004
   10.500000126659870       -3.0061155251371696E-004
   10.600000128149986       -2.9422526247608553E-004
   10.700000129640102       -2.8800893647135069E-004
   10.800000131130219       -2.8195714843410913E-004
   10.900000132620335       -2.7606467402903497E-004
   11.000000134110451       -2.7032648210269429E-004
   11.100000135600567       -2.6473772654152748E-004
   11.200000137090683       -2.5929373851463189E-004
   11.300000138580799       -2.5399001908121388E-004
   11.400000140070915       -2.4882223214372910E-004
   11.500000141561031       -2.4378619772881700E-004
   11.600000143051147       -2.3887788557914471E-004
   11.700000144541264       -2.3409340904023430E-004
   11.800000146031380       -2.2942901922723741E-004
   11.900000147521496       -2.2488109945746209E-004
   12.000000149011612       -2.2044615993524773E-004
   12.100000150501728       -2.1612083267651987E-004
   12.200000151991844       -2.1190186666106015E-004
   12.300000153481960       -2.0778612320117515E-004
   12.400000154972076       -2.0377057151606839E-004
   12.500000156462193       -1.9985228450179667E-004
   12.600000157952309       -1.9602843468723944E-004
   12.700000159442425       -1.9229629036702169E-004
   12.800000160932541       -1.8865321190281509E-004
   12.900000162422657       -1.8509664818489797E-004
   13.000000163912773       -1.8162413324628301E-004
   13.100000165402889       -1.7823328302212738E-004
   13.200000166893005       -1.7492179224752006E-004
   13.300000168383121       -1.7168743148710135E-004
   13.400000169873238       -1.6852804429031052E-004
   13.500000171363354       -1.6544154446637371E-004
   13.600000172853470       -1.6242591347345140E-004
   13.700000174343586       -1.5947919791664677E-004
   13.800000175833702       -1.5659950714984685E-004
   13.900000177323818       -1.5378501097662267E-004
   14.000000178813934       -1.5103393744565625E-004
   14.100000180304050       -1.4834457073638853E-004
   14.200000181794167       -1.4571524913079765E-004
   14.300000183284283       -1.4314436306742058E-004
   14.400000184774399       -1.4063035327392329E-004
   14.500000186264515       -1.3817170897470726E-004
   14.600000187754631       -1.3576696617021060E-004
   14.700000189244747       -1.3341470598472749E-004
   14.800000190734863       -1.3111355307972257E-004
   14.900000192224979       -1.2886217412976306E-004
   15.000000193715096       -1.2665927635833161E-004
   15.100000195205212       -1.2450360613091118E-004
   15.200000196695328       -1.2239394760286162E-004
   15.300000198185444       -1.2032912141972161E-004
   15.400000199675560       -1.1830798346768494E-004
   15.500000201165676       -1.1632942367210367E-004
   15.600000202655792       -1.1439236484197342E-004
   15.700000204145908       -1.1249576155844978E-004
   15.800000205636024       -1.1063859910553717E-004
   15.900000207126141       -1.0881989244117633E-004
   16.000000208616257       -1.0703868520703938E-004
   16.100000210106373       -1.0529404877541849E-004
   16.200000211596489       -1.0358508133166776E-004
   16.300000213086605       -1.0191090699072926E-004
   16.400000214576721       -1.0027067494633918E-004
   16.500000216066837       -9.8663558651574681E-005
   16.600000217556953       -9.7088755029461535E-005
   16.700000219047070       -9.5545483712421105E-005
   16.800000220537186       -9.4032986309387567E-005
   16.900000222027302       -9.2550525699480475E-005
   17.000000223517418       -9.1097385351166055E-005
   17.100000225007534       -8.9672868665887043E-005
   17.200000226497650       -8.8276298345187158E-005
   17.300000227987766       -8.6907015780397293E-005
   17.400000229477882       -8.5564380463992094E-005
   17.500000230967999       -8.4247769421764415E-005
   17.600000232458115       -8.2956576665000145E-005
   17.700000233948231       -8.1690212661874532E-005
   17.800000235438347       -8.0448103827320005E-005
   17.900000236928463       -7.9229692030652018E-005
   18.000000238418579       -7.8034434120266216E-005
   18.100000239908695       -7.6861801464751263E-005
