  0.13397831088276912       0.50709390780646713        2.9999999999999999E-002   1.0000000000000000E-002   18.439268695322028     
  0.60916470597064387        2.6325713953387453E-002   2.9999999999999999E-002   1.0000000000000000E-002   97.544496222328902     
  0.10311933650309291       0.21049951718526427        2.9999999999999999E-002   1.0000000000000000E-002   25.648118976811222     
  0.45596874596009040        1.2871823090184531E-002   2.9999999999999999E-002   1.0000000000000000E-002   165.57997181019778     
  0.83247212454901898       0.83747702167828986        2.9999999999999999E-002   1.0000000000000000E-002   19.729527100648941     
  0.55055243773107232        5.5926526401045007E-002   2.9999999999999999E-002   1.0000000000000000E-002   32.621120977374254     
  0.43356984838570678       0.37740998846936791        2.9999999999999999E-002   1.0000000000000000E-002   35.016807830123035     
   4.3665250345416351E-002  0.74969460350695338        2.9999999999999999E-002   1.0000000000000000E-002   119.32727478273540     
  0.86978175115364054       0.32057018401289517        2.9999999999999999E-002   1.0000000000000000E-002   164.39289584160525     
  0.32059637985375822       0.55928282196892931        2.9999999999999999E-002   1.0000000000000000E-002   131.02115793762971     
  0.13815490156940968        5.6545369918595045E-002   2.9999999999999999E-002   1.0000000000000000E-002   149.94620891673330     
  0.36519504755457288       0.57259972199537745        2.9999999999999999E-002   1.0000000000000000E-002   101.78793190066692     
  0.73624521856058489       0.26334363456474141        2.9999999999999999E-002   1.0000000000000000E-002   151.03466232022990     
  0.29618373674056875        3.5299845966638488E-002   2.9999999999999999E-002   1.0000000000000000E-002   172.82761765049807     
  0.20785293589355702       0.51351671396146559        2.9999999999999999E-002   1.0000000000000000E-002   75.139745870093179     
  0.63144920907106894       0.10525822265720919        2.9999999999999999E-002   1.0000000000000000E-002   86.783772750732695     
  0.34043011496080255       0.29246650318436074        2.9999999999999999E-002   1.0000000000000000E-002   33.873703524821003     
  0.78567707111883778       0.51310828928656504        2.9999999999999999E-002   1.0000000000000000E-002   142.16941777884693     
  0.96198392807316291       0.60356008342267931        2.9999999999999999E-002   1.0000000000000000E-002   162.66115681573552     
  0.31550914110791450       0.45710635463180471        2.9999999999999999E-002   1.0000000000000000E-002   21.714529189082580     
  0.92666454004697318       0.20998450187005469        2.9999999999999999E-002   1.0000000000000000E-002   153.95096264746380     
  0.16257858532944403       0.26883278852766523        2.9999999999999999E-002   1.0000000000000000E-002   165.55077150426342     
  0.73141792144109830       0.49538388507002207        2.9999999999999999E-002   1.0000000000000000E-002   154.29791680345997     
   1.9098751416289916E-002  0.83390562814334346        2.9999999999999999E-002   1.0000000000000000E-002   62.168770795660500     
  0.12929070701253487       0.55573677965039703        2.9999999999999999E-002   1.0000000000000000E-002   2.5325865343230913     
  0.54596558378290416       0.99600722600731728        2.9999999999999999E-002   1.0000000000000000E-002   178.28603199282765     
   9.0900243718856411E-002  0.92506477390356756        2.9999999999999999E-002   1.0000000000000000E-002   145.73434293185224     
  0.61247687158767694       0.65814667672561766        2.9999999999999999E-002   1.0000000000000000E-002   89.716369319023443     
  0.67545977616488917       0.42157465103271863        2.9999999999999999E-002   1.0000000000000000E-002   70.997012023130594     
  0.90678690782068661       0.64440802005911224        2.9999999999999999E-002   1.0000000000000000E-002   168.53218074190031     
  0.87082725153969220       0.40448009573959953        2.9999999999999999E-002   1.0000000000000000E-002   169.82974812261310     
  0.56163264498778587       0.74355009593560062        2.9999999999999999E-002   1.0000000000000000E-002   36.908607550683065     
  0.48427143508814008       0.13023615311700387        2.9999999999999999E-002   1.0000000000000000E-002   109.33533479206362     
  0.85530882451150547       0.29272651369770808        2.9999999999999999E-002   1.0000000000000000E-002   142.65456552639336     
  0.54948343680597600       0.16810138241022610        2.9999999999999999E-002   1.0000000000000000E-002   82.004086138169967     
  0.70157311813646051       0.40437675006324891        2.9999999999999999E-002   1.0000000000000000E-002   26.376866367022576     
   8.8121716156160934E-003  0.75679697481308472        2.9999999999999999E-002   1.0000000000000000E-002   30.445055853765965     
  0.68614727288095589       0.78891231231161063        2.9999999999999999E-002   1.0000000000000000E-002   30.947334272292267     
  0.67794444607398741       0.47159929549154733        2.9999999999999999E-002   1.0000000000000000E-002   12.491758203411651     
  0.68362103610354863       0.52482655321358351        2.9999999999999999E-002   1.0000000000000000E-002   100.90356654755196     
  0.92209265269213891       0.55279235132916016        2.9999999999999999E-002   1.0000000000000000E-002   147.67425456406338     
  0.68901626977293251        3.1506950955201840E-002   2.9999999999999999E-002   1.0000000000000000E-002   38.361735189457008     
  0.29217229563236757       0.69937519098914702        2.9999999999999999E-002   1.0000000000000000E-002   36.547191165502689     
  0.64871617193929476       0.51505741978710617        2.9999999999999999E-002   1.0000000000000000E-002   106.45421907519611     
  0.22227899468507895       0.83477292583928764        2.9999999999999999E-002   1.0000000000000000E-002   2.0209843350505530     
  0.18768546550063503       0.63081875337173310        2.9999999999999999E-002   1.0000000000000000E-002   73.255423944502652     
  0.52589568782602336       0.80030961427228153        2.9999999999999999E-002   1.0000000000000000E-002   51.331836933750452     
  0.74456658578018087       0.97458701858826213        2.9999999999999999E-002   1.0000000000000000E-002   173.65499651242393     
  0.71125747777221671       0.95260414051841258        2.9999999999999999E-002   1.0000000000000000E-002   85.077904824960399     
  0.35188026900759206       0.10628721302505151        2.9999999999999999E-002   1.0000000000000000E-002   113.80014727586125     
  0.83080130281907549       0.71937941812656636        2.9999999999999999E-002   1.0000000000000000E-002   28.914255748503887     
  0.90377346887697962       0.72609564568322260        2.9999999999999999E-002   1.0000000000000000E-002   7.1121533140983662     
  0.30667797418286102       0.90271176780546358        2.9999999999999999E-002   1.0000000000000000E-002   126.02169994620779     
  0.92885082026170773       0.52454444861751770        2.9999999999999999E-002   1.0000000000000000E-002   145.91377037678262     
   9.8634417304960587E-002  0.11256697620020384        2.9999999999999999E-002   1.0000000000000000E-002   77.607720205927905     
  0.29835709587030090       0.99840663697823773        2.9999999999999999E-002   1.0000000000000000E-002   66.324591412769365     
  0.67820144642728519       0.88411120722268211        2.9999999999999999E-002   1.0000000000000000E-002   123.39913074944315     
  0.11720554376934555       0.77361361633083425        2.9999999999999999E-002   1.0000000000000000E-002   157.60869303389583     
  0.79964613153445430       0.94452984418729979        2.9999999999999999E-002   1.0000000000000000E-002   10.738144313379131     
  0.92941935823498145       0.46188632588051004        2.9999999999999999E-002   1.0000000000000000E-002   19.788142080990472     
  0.13470091877758261       0.68893777393339606        2.9999999999999999E-002   1.0000000000000000E-002   65.118760905444688     
  0.82610041662474609       0.47383856146671366        2.9999999999999999E-002   1.0000000000000000E-002   112.63077492630238     
  0.82953770760458834       0.56448120321850637        2.9999999999999999E-002   1.0000000000000000E-002   49.876135335186007     
  0.63949893246148659       0.31528705648229960        2.9999999999999999E-002   1.0000000000000000E-002   168.53983435925659     
  0.68152818601263465       0.65054343591360164        2.9999999999999999E-002   1.0000000000000000E-002   160.29139683581246     
   3.3589429281704830E-002  0.43288478563204780        2.9999999999999999E-002   1.0000000000000000E-002   109.85042074486942     
  0.91412914501799869        7.3805244581739538E-002   2.9999999999999999E-002   1.0000000000000000E-002   121.24479875884789     
  0.50175022627219890       0.81964767362374669        2.9999999999999999E-002   1.0000000000000000E-002   51.277238939805677     
  0.28970329674362882       0.17399117208202064        2.9999999999999999E-002   1.0000000000000000E-002   37.547659731940634     
  0.52050503475798071       0.74849733605041513        2.9999999999999999E-002   1.0000000000000000E-002   12.587512294575347     
  0.85474813777150049        2.4034468577500245E-002   2.9999999999999999E-002   1.0000000000000000E-002   38.693925348883624     
  0.41906303603742900       0.81041716630880578        2.9999999999999999E-002   1.0000000000000000E-002   15.503070857011762     
  0.59520160622377227       0.72770203007212042        2.9999999999999999E-002   1.0000000000000000E-002   85.113932682311301     
  0.58864410827204916       0.47482239428174688        2.9999999999999999E-002   1.0000000000000000E-002   62.702169691549656     
  0.65086958901877345       0.93787977316082483        2.9999999999999999E-002   1.0000000000000000E-002   15.901281297673789     
  0.58376739085913842       0.57219771161103050        2.9999999999999999E-002   1.0000000000000000E-002   52.325724060176640     
  0.39458476100100026       0.76607061796154330        2.9999999999999999E-002   1.0000000000000000E-002   75.179689231496667     
  0.10888689943926744       0.46513323805320317        2.9999999999999999E-002   1.0000000000000000E-002   80.456218751581332     
  0.58126731352419936       0.66130311882774717        2.9999999999999999E-002   1.0000000000000000E-002   139.28946220323778     
  0.10121060598028597       0.99600897736370453        2.9999999999999999E-002   1.0000000000000000E-002   86.438012009700856     
   8.2696710434712162E-002  0.86565625164757665        2.9999999999999999E-002   1.0000000000000000E-002   117.50338528616093     
  0.89543896058289385       0.81364409889303746        2.9999999999999999E-002   1.0000000000000000E-002   26.616183510916329     
  0.28423513729784744       0.61696689595236731        2.9999999999999999E-002   1.0000000000000000E-002   113.18229684527006     
  0.33939647618802959       0.62428535668601115        2.9999999999999999E-002   1.0000000000000000E-002   100.32677766601732     
  0.27146357926732667       0.73292117676590507        2.9999999999999999E-002   1.0000000000000000E-002   73.751213534569885     
  0.26300952919964027        9.3479998379318641E-002   2.9999999999999999E-002   1.0000000000000000E-002   46.856367400996334     
  0.96111446379222643       0.87916493571830112        2.9999999999999999E-002   1.0000000000000000E-002   24.380619966190793     
  0.22530665576741626       0.73207529630612456        2.9999999999999999E-002   1.0000000000000000E-002   45.827078713460573     
  0.85881016258513121       0.42552910292280577        2.9999999999999999E-002   1.0000000000000000E-002   176.97416474820798     
  0.59174152360554755       0.93740545119188201        2.9999999999999999E-002   1.0000000000000000E-002   90.076904831371493     
  0.51938332410172305       0.55109634143027075        2.9999999999999999E-002   1.0000000000000000E-002   110.46095890387285     
  0.98821787258248739       0.62604409980670350        2.9999999999999999E-002   1.0000000000000000E-002   48.322481155244127     
  0.91968355162579452       0.31562760251903932        2.9999999999999999E-002   1.0000000000000000E-002   24.627265842285652     
  0.10685868080451422        5.3335427962774018E-002   2.9999999999999999E-002   1.0000000000000000E-002   65.344082466665753     
  0.95926883440247612       0.28672831848866043        2.9999999999999999E-002   1.0000000000000000E-002   51.602811670121341     
  0.24108748341662301       0.32866710169006652        2.9999999999999999E-002   1.0000000000000000E-002   3.4261218952559713     
  0.76575650349593749       0.45149604758509310        2.9999999999999999E-002   1.0000000000000000E-002   68.194381847912126     
  0.61790711924112118       0.14530416188017825        2.9999999999999999E-002   1.0000000000000000E-002   73.400479748539780     
  0.39074138006559667       0.21999289479559581        2.9999999999999999E-002   1.0000000000000000E-002   126.56054838897474     
  0.45330325538509009       0.20310335066220042        2.9999999999999999E-002   1.0000000000000000E-002   160.73192411507671     
