  0.26319525955268047       0.87444275672112215        4.2410707827876898E-002   1.4136902609292299E-002   82.538654094694920     
  0.35970154090087708       0.11374274776874413        4.2410707827876898E-002   1.4136902609292299E-002   128.58541649452428     
  0.11699704692228047       0.40536753217308019        4.2410707827876898E-002   1.4136902609292299E-002   104.01840403446199     
  0.23407280217298157       0.57781494323691351        4.2410707827876898E-002   1.4136902609292299E-002   128.19744845795591     
  0.48574742427797518        6.4994863308091316E-002   4.2410707827876898E-002   1.4136902609292299E-002   92.127982922540298     
   6.7115376827827367E-002   4.2728681225976173E-002   4.2410707827876898E-002   1.4136902609292299E-002   52.031937958772630     
  0.83514924710425686       0.43277085186198033        4.2410707827876898E-002   1.4136902609292299E-002   155.01297727953781     
  0.44638022440531872       0.65778712162203612        4.2410707827876898E-002   1.4136902609292299E-002   68.253804106299455     
  0.58301426076592522       0.68978884188245571        4.2410707827876898E-002   1.4136902609292299E-002   102.80662196761131     
   8.2541764202970717E-003  0.48451233098928870        4.2410707827876898E-002   1.4136902609292299E-002   42.609474022782081     
  0.51002314235158597       0.72699372074884316        4.2410707827876898E-002   1.4136902609292299E-002   41.803446209893060     
   3.6352843742561695E-002  0.63896961787654094        4.2410707827876898E-002   1.4136902609292299E-002   22.353853610147517     
  0.23861966316745792       0.23710741232051483        4.2410707827876898E-002   1.4136902609292299E-002   153.88485625815241     
  0.10455143316589915       0.96304133119520863        4.2410707827876898E-002   1.4136902609292299E-002   36.532098665008505     
  0.50016978674018153       0.83527438230507578        4.2410707827876898E-002   1.4136902609292299E-002   139.63029476468219     
  0.20590627338999362       0.83160064427586433        4.2410707827876898E-002   1.4136902609292299E-002   87.332372575416997     
  0.89124023627912630       0.78417460767014069        4.2410707827876898E-002   1.4136902609292299E-002   12.682037351407658     
  0.91031529925862109       0.91611119859561707        4.2410707827876898E-002   1.4136902609292299E-002   142.22703703576613     
  0.41619217590070012       0.66644613326483115        4.2410707827876898E-002   1.4136902609292299E-002   81.227851129075205     
  0.55651882771215444       0.12424913920125405        4.2410707827876898E-002   1.4136902609292299E-002   140.13335454735679     
  0.96478814760440623        2.0799449157969274E-002   4.2410707827876898E-002   1.4136902609292299E-002   46.422874310260788     
  0.17564777051511593       0.44522374040119317        4.2410707827876898E-002   1.4136902609292299E-002   30.407330963352290     
  0.16400344395832855       0.68690159648922444        4.2410707827876898E-002   1.4136902609292299E-002   57.629513396885535     
  0.62900191380101200       0.63479400923652585        4.2410707827876898E-002   1.4136902609292299E-002   124.04873625544951     
  0.17553718812561953       0.54513271311016931        4.2410707827876898E-002   1.4136902609292299E-002   110.18787652764912     
  0.91091038623868881        6.3265836708579520E-002   4.2410707827876898E-002   1.4136902609292299E-002   80.381323850207281     
  0.13110982739484023       0.19324491510203015        4.2410707827876898E-002   1.4136902609292299E-002   132.48870819529526     
  0.16276406959154810       0.53729402462868869        4.2410707827876898E-002   1.4136902609292299E-002   122.76191996981538     
  0.33817505409728138       0.27544753555993506        4.2410707827876898E-002   1.4136902609292299E-002   94.722650742356322     
  0.30888941394497915       0.26616082519993300        4.2410707827876898E-002   1.4136902609292299E-002   156.91149972610989     
  0.34022748473847186       0.50912336279718673        4.2410707827876898E-002   1.4136902609292299E-002   18.921887411670959     
  0.74937294797689580       0.27890850180712717        4.2410707827876898E-002   1.4136902609292299E-002   19.602791091304852     
  0.98685885015261565       0.36832162028712978        4.2410707827876898E-002   1.4136902609292299E-002   158.77664113022129     
  0.34092816040266322       0.98879556991883732        4.2410707827876898E-002   1.4136902609292299E-002   129.74439156650251     
  0.21851840262285271       0.48610504394389659        4.2410707827876898E-002   1.4136902609292299E-002   66.652116110748537     
  0.48520477556738206       0.94721341045515839        4.2410707827876898E-002   1.4136902609292299E-002   1.6599401545687169     
   8.9615453419790270E-002  0.15800930855240969        4.2410707827876898E-002   1.4136902609292299E-002   132.53423167109011     
  0.67796240407744757       0.29653697215957997        4.2410707827876898E-002   1.4136902609292299E-002   99.878673912578861     
   6.9706923226662498E-002  0.86386955677551447        4.2410707827876898E-002   1.4136902609292299E-002   64.249872904615103     
  0.15948964655336811       0.27212691480211720        4.2410707827876898E-002   1.4136902609292299E-002   59.364043449956789     
  0.27301349875415237       0.14075208600602676        4.2410707827876898E-002   1.4136902609292299E-002   102.20364480340379     
  0.63435869162471525       0.97935533926072127        4.2410707827876898E-002   1.4136902609292299E-002   135.18008673857307     
  0.94843052792524729       0.33578495312067835        4.2410707827876898E-002   1.4136902609292299E-002   116.50943184751165     
  0.65641158645164155       0.27920821035025672        4.2410707827876898E-002   1.4136902609292299E-002   157.15366691656487     
   1.8110036779675067E-002  0.69992876635317347        4.2410707827876898E-002   1.4136902609292299E-002   31.593071610858228     
  0.61857684239951594       0.50397424320073470        4.2410707827876898E-002   1.4136902609292299E-002   111.15860586077045     
   4.7849570631953102E-002  0.93774739910446547        4.2410707827876898E-002   1.4136902609292299E-002   46.512452820343192     
  0.55689712563041560       0.74654719453802709        4.2410707827876898E-002   1.4136902609292299E-002   175.44911942941840     
   5.8722812985346810E-002  0.51908377197706423        4.2410707827876898E-002   1.4136902609292299E-002   168.69569024147171     
  0.32296611852486129       0.70959325345368918        4.2410707827876898E-002   1.4136902609292299E-002   100.12082063023455     
   4.7136981500256629E-002  0.17971269993284991        4.2410707827876898E-002   1.4136902609292299E-002   152.48700477294409     
  0.27407381424076255       0.80092715285599358        4.2410707827876898E-002   1.4136902609292299E-002   102.02872294114968     
  0.90531537241597859       0.44556435796367355        4.2410707827876898E-002   1.4136902609292299E-002   34.042684757676071     
  0.30634481710423950       0.80421834985613716        4.2410707827876898E-002   1.4136902609292299E-002   76.283344710983471     
  0.16752367787056999       0.62169961712694832        4.2410707827876898E-002   1.4136902609292299E-002   24.832388427226345     
  0.98948974780009857       0.73926637677453100        4.2410707827876898E-002   1.4136902609292299E-002   68.897936105646451     
  0.45909280076695447        1.9660622784430482E-002   4.2410707827876898E-002   1.4136902609292299E-002   34.345215541004819     
   3.8445994570344914E-002  0.38651808059990400        4.2410707827876898E-002   1.4136902609292299E-002   6.8761924786848763     
  0.27789401040548090       0.83666803375152554        4.2410707827876898E-002   1.4136902609292299E-002   92.115136183466092     
  0.73866716875135174       0.61325446927245331        4.2410707827876898E-002   1.4136902609292299E-002   138.37030114069375     
  0.71885169067839028       0.72802870605419334        4.2410707827876898E-002   1.4136902609292299E-002   93.490705919549796     
  0.10293828265322846        7.3911609037695086E-002   4.2410707827876898E-002   1.4136902609292299E-002   91.532388188528358     
  0.58854234136780148       0.48805425103470834        4.2410707827876898E-002   1.4136902609292299E-002   154.68008394856338     
  0.44980908239246231       0.10526085425436990        4.2410707827876898E-002   1.4136902609292299E-002   151.64032753087943     
  0.69140335364824423        2.6717759355587220E-002   4.2410707827876898E-002   1.4136902609292299E-002   63.234574930248257     
  0.92850674115576681       0.78679827005732128        4.2410707827876898E-002   1.4136902609292299E-002   20.861266394009650     
  0.41574257692714250       0.19710433576287631        4.2410707827876898E-002   1.4136902609292299E-002   65.862928777164285     
  0.85625162840509939       0.90327278600520677        4.2410707827876898E-002   1.4136902609292299E-002   175.66633528524008     
  0.13698407896977349       0.50431382354140075        4.2410707827876898E-002   1.4136902609292299E-002   178.82819929062245     
  0.40925972672962957       0.33461429038509510        4.2410707827876898E-002   1.4136902609292299E-002   158.34199643091750     
  0.59899806952626655       0.29917375840762622        4.2410707827876898E-002   1.4136902609292299E-002   162.02217866963946     
  0.25673723898919371       0.27071459326694153        4.2410707827876898E-002   1.4136902609292299E-002   46.278879768776143     
  0.63646676238157651       0.90803510139695698        4.2410707827876898E-002   1.4136902609292299E-002   168.37756039858451     
  0.47838625921243122       0.45778137739638547        4.2410707827876898E-002   1.4136902609292299E-002   140.93428356429285     
  0.67198022853739425       0.89358006747888297        4.2410707827876898E-002   1.4136902609292299E-002   173.39701814146085     
  0.97684779077024708       0.92300113240138515        4.2410707827876898E-002   1.4136902609292299E-002   28.919436712121648     
  0.24812945151350396       0.14821233193182712        4.2410707827876898E-002   1.4136902609292299E-002   49.263229397765599     
  0.37962800981488742       0.96239002769749971        4.2410707827876898E-002   1.4136902609292299E-002   49.204830788034307     
   5.0789356493585951E-002  0.55797408869815002        4.2410707827876898E-002   1.4136902609292299E-002   140.93955121625299     
  0.13225383959242848       0.99736588771906065        4.2410707827876898E-002   1.4136902609292299E-002   139.03540053172458     
  0.61767592061740606       0.20926291126768806        4.2410707827876898E-002   1.4136902609292299E-002   134.10120746870649     
  0.53692952584559261       0.17213993014209325        4.2410707827876898E-002   1.4136902609292299E-002   50.403397210309635     
  0.92418647636920470       0.59742381411859657        4.2410707827876898E-002   1.4136902609292299E-002   90.883792733132083     
  0.21566139627120595        4.8838523500206586E-002   4.2410707827876898E-002   1.4136902609292299E-002   164.46817347653896     
  0.63371129868372311       0.53182246066144712        4.2410707827876898E-002   1.4136902609292299E-002   69.562141797636656     
  0.67315733556297175       0.12052917385401393        4.2410707827876898E-002   1.4136902609292299E-002   122.48724610284711     
  0.37421323746138835        6.5399027785302460E-002   4.2410707827876898E-002   1.4136902609292299E-002   136.60786664749898     
  0.30350196772695731       0.40972208459785864        4.2410707827876898E-002   1.4136902609292299E-002   54.891001740580023     
  0.44368563558542606       0.44971257555188626        4.2410707827876898E-002   1.4136902609292299E-002   77.026567392637119     
  0.87254103580338604       0.80477971875496579        4.2410707827876898E-002   1.4136902609292299E-002   70.374883853301910     
  0.98295206566381066       0.16055552286498379        4.2410707827876898E-002   1.4136902609292299E-002   92.720613971237171     
  0.46168097257504997       0.88683197058159546        4.2410707827876898E-002   1.4136902609292299E-002   134.56142123170233     
  0.61251105587470067        1.4454269032311728E-002   4.2410707827876898E-002   1.4136902609292299E-002   131.84001745302297     
  0.36881831151674038       0.87695550365602104        4.2410707827876898E-002   1.4136902609292299E-002   109.74721931573639     
  0.44371320078430943       0.38561712295690820        4.2410707827876898E-002   1.4136902609292299E-002   150.87991831395451     
  0.61836723950230432        7.9637023708976823E-002   4.2410707827876898E-002   1.4136902609292299E-002   125.55968206914744     
  0.87468124173310080       0.34954297170337312        4.2410707827876898E-002   1.4136902609292299E-002   133.22965444951345     
  0.13531515564990981       0.45249301437208245        4.2410707827876898E-002   1.4136902609292299E-002   151.56336140604023     
  0.81009764911742854       0.70768492813347805        4.2410707827876898E-002   1.4136902609292299E-002   46.597771634492368     
   9.7786585573951368E-002  0.39503855931239640        4.2410707827876898E-002   1.4136902609292299E-002   120.00192582242363     
  0.73666392376547463       0.49989202537733152        4.2410707827876898E-002   1.4136902609292299E-002   104.63194015539014     
   6.2201502365129828E-002  0.73909714309319563        4.2410707827876898E-002   1.4136902609292299E-002   129.18899851085843     
   9.0340225192174828E-002  0.63080435841039673        4.2410707827876898E-002   1.4136902609292299E-002   41.621480851585922     
  0.45722461133449982       0.44086679139576268        4.2410707827876898E-002   1.4136902609292299E-002   68.432038079119849     
  0.52841284664998645       0.44779546171407270        4.2410707827876898E-002   1.4136902609292299E-002   155.67879474195536     
  0.23884962433761103       0.27826802992514116        4.2410707827876898E-002   1.4136902609292299E-002   64.766536123424572     
  0.42826372339617896       0.54006084862207926        4.2410707827876898E-002   1.4136902609292299E-002   149.35650933920556     
  0.89083207401014586       0.54391191876455891        4.2410707827876898E-002   1.4136902609292299E-002   158.91610513085917     
  0.63001872387405533       0.74900447949603399        4.2410707827876898E-002   1.4136902609292299E-002   104.89203637085066     
  0.10515630881813787       0.21743992398079129        4.2410707827876898E-002   1.4136902609292299E-002   10.273197257296074     
  0.24814785579446813        7.9007656914793917E-002   4.2410707827876898E-002   1.4136902609292299E-002   48.486445429431214     
  0.41785128916209086       0.51633647141808403        4.2410707827876898E-002   1.4136902609292299E-002   175.18428633253293     
  0.98837767430653045       0.80497661089864980        4.2410707827876898E-002   1.4136902609292299E-002   77.453877155938898     
   8.6557175514448359E-002  0.93978391010426943        4.2410707827876898E-002   1.4136902609292299E-002   135.46126150139943     
  0.69585857301325305       0.94576193861699764        4.2410707827876898E-002   1.4136902609292299E-002   33.234525862585144     
  0.56822884201397517       0.91483457806891466        4.2410707827876898E-002   1.4136902609292299E-002   40.048150689151520     
  0.96570010820538732       0.16288149057294934        4.2410707827876898E-002   1.4136902609292299E-002   95.026115979868848     
  0.12585340193499683       0.83531995160156347        4.2410707827876898E-002   1.4136902609292299E-002   9.1359716533020094     
  0.38257527824130544        1.7232757487350980E-003   4.2410707827876898E-002   1.4136902609292299E-002   60.151247405612857     
  0.37785753060230259       0.80232019284401157        4.2410707827876898E-002   1.4136902609292299E-002   133.09439932020561     
  0.26424181848225842        4.0895013736112151E-002   4.2410707827876898E-002   1.4136902609292299E-002   149.97115816923252     
   7.2326372028835240E-002  0.23197615977659350        4.2410707827876898E-002   1.4136902609292299E-002   100.23672389756959     
  0.30941476490955305       0.59499263748656783        4.2410707827876898E-002   1.4136902609292299E-002   34.898595987065072     
  0.82224637063681461       0.34658598489798959        4.2410707827876898E-002   1.4136902609292299E-002   48.660063877750865     
  0.21548167942773916       0.38854417087558013        4.2410707827876898E-002   1.4136902609292299E-002   166.76174611772802     
  0.74216382293732630       0.69083759302909298        4.2410707827876898E-002   1.4136902609292299E-002   159.02611643877808     
  0.64947855112997521       0.48872803493845629        4.2410707827876898E-002   1.4136902609292299E-002   10.146765117289048     
   8.8676625908574114E-002  0.90327967181378410        4.2410707827876898E-002   1.4136902609292299E-002   92.869489897930350     
  0.53435623894738160       0.52280579303950225        4.2410707827876898E-002   1.4136902609292299E-002   141.68613975533370     
  0.66213512183448764       0.84339498799348678        4.2410707827876898E-002   1.4136902609292299E-002   72.900789483947250     
  0.39534313545297239       0.61285439360618343        4.2410707827876898E-002   1.4136902609292299E-002   170.81962852769922     
  0.41179459411284564       0.87334571537925410        4.2410707827876898E-002   1.4136902609292299E-002   2.2298166619308177     
  0.97766331548976082       0.26996601773818818        4.2410707827876898E-002   1.4136902609292299E-002   30.667156024467317     
  0.80131807108780873        9.9837854165045620E-002   4.2410707827876898E-002   1.4136902609292299E-002   171.07987335849984     
  0.89306931780371923       0.29531212664800921        4.2410707827876898E-002   1.4136902609292299E-002   77.835100303396359     
  0.47552469725522478       0.96403428921645828        4.2410707827876898E-002   1.4136902609292299E-002   163.68346831998548     
  0.90278667921497469       0.97015851485383831        4.2410707827876898E-002   1.4136902609292299E-002   134.31241238701858     
  0.51892403116610653       0.51393668670900661        4.2410707827876898E-002   1.4136902609292299E-002   122.23633983525860     
  0.31354133291448999       0.58043906512031762        4.2410707827876898E-002   1.4136902609292299E-002   32.145309639094080     
  0.46623434310317724       0.58875120654294588        4.2410707827876898E-002   1.4136902609292299E-002   4.5085249844587514     
  0.17188269395580669       0.74161375124618267        4.2410707827876898E-002   1.4136902609292299E-002   75.656810316177499     
  0.79073508634368783       0.73875803221906899        4.2410707827876898E-002   1.4136902609292299E-002   81.307271341149715     
  0.14405203972881275        3.4732480053438319E-002   4.2410707827876898E-002   1.4136902609292299E-002   155.14003210906066     
  0.35593032129375651       0.27496683028770835        4.2410707827876898E-002   1.4136902609292299E-002   67.218802836536526     
  0.81864888646665968       0.26101945428617257        4.2410707827876898E-002   1.4136902609292299E-002   148.58408884478155     
  0.54352141512192598       0.55294139671302189        4.2410707827876898E-002   1.4136902609292299E-002   108.91069662124346     
  0.60669370546723311       0.82777840944692183        4.2410707827876898E-002   1.4136902609292299E-002   8.5906492435397510     
   4.0372651732202496E-002  0.13211132900885905        4.2410707827876898E-002   1.4136902609292299E-002   53.280493057724982     
  0.11786774803903910       0.35659922737005700        4.2410707827876898E-002   1.4136902609292299E-002   78.795307900338031     
  0.88262994044923615       0.47687303313569657        4.2410707827876898E-002   1.4136902609292299E-002   25.824675054101917     
  0.38449387253821360       0.16062476894020081        4.2410707827876898E-002   1.4136902609292299E-002   59.620178250928952     
  0.65600323402998262       0.60216364515180842        4.2410707827876898E-002   1.4136902609292299E-002   139.74944896144009     
  0.21873941864985574       0.43846811750529846        4.2410707827876898E-002   1.4136902609292299E-002   152.11418464184072     
  0.95286229249636012       0.21445972636321317        4.2410707827876898E-002   1.4136902609292299E-002   83.866307572757890     
  0.89049321614147192       0.84454970763137827        4.2410707827876898E-002   1.4136902609292299E-002   34.006527910733070     
  0.10909691136245558       0.31307845587195660        4.2410707827876898E-002   1.4136902609292299E-002   61.015219645012948     
  0.25561829346476894        2.5939135847948356E-002   4.2410707827876898E-002   1.4136902609292299E-002   170.53381331957601     
  0.62082844403101278       0.42864294251004142        4.2410707827876898E-002   1.4136902609292299E-002   72.035062094675510     
  0.96879080717931709       0.54515913871895405        4.2410707827876898E-002   1.4136902609292299E-002   167.52816326189500     
  0.60118584293868560       0.24654357679945363        4.2410707827876898E-002   1.4136902609292299E-002   123.51223505197090     
  0.81090550715381093        7.9636240240150841E-002   4.2410707827876898E-002   1.4136902609292299E-002   13.196383758304929     
  0.37919199611292520       0.71062159150093507        4.2410707827876898E-002   1.4136902609292299E-002   60.273261084094266     
  0.20414957821659974       0.78664331261968523        4.2410707827876898E-002   1.4136902609292299E-002   46.772906984527175     
  0.81378344024728233       0.75110757251048077        4.2410707827876898E-002   1.4136902609292299E-002   126.46334041021017     
  0.27691628459839407       0.56593492837488368        4.2410707827876898E-002   1.4136902609292299E-002   32.924140366982634     
  0.30279030194077106       0.91118077736736680        4.2410707827876898E-002   1.4136902609292299E-002   6.4329662496699633     
  0.25751292860797409       0.47005183691191987        4.2410707827876898E-002   1.4136902609292299E-002   75.594798133502621     
  0.76306225564545960       0.80073010106404652        4.2410707827876898E-002   1.4136902609292299E-002   79.914820809503908     
  0.36355165877536860       0.79374587395085217        4.2410707827876898E-002   1.4136902609292299E-002   125.11447435814436     
  0.46533610159742728       0.12159543169905165        4.2410707827876898E-002   1.4136902609292299E-002   140.24818904166858     
  0.42840239293430771       0.98939536846027076        4.2410707827876898E-002   1.4136902609292299E-002   137.21671622056556     
  0.29218813006488265       0.42332604512351912        4.2410707827876898E-002   1.4136902609292299E-002   44.728990399029193     
  0.18234523469705907        8.3048788997551970E-002   4.2410707827876898E-002   1.4136902609292299E-002   65.871511644487498     
  0.23885990919068417       0.99578794789106428        4.2410707827876898E-002   1.4136902609292299E-002   4.7261053692637738     
   1.3917206171392743E-002  0.92699449983008841        4.2410707827876898E-002   1.4136902609292299E-002   146.77875566631286     
  0.97458545900770543       0.11779602746346915        4.2410707827876898E-002   1.4136902609292299E-002   102.01513674239938     
  0.84897378864289030       0.71610921431936125        4.2410707827876898E-002   1.4136902609292299E-002   117.02811658656687     
  0.42999212769593842       0.70482098121285208        4.2410707827876898E-002   1.4136902609292299E-002   70.990507002776994     
  0.86174170993583055       0.88521569731692795        4.2410707827876898E-002   1.4136902609292299E-002   27.256215026266069     
  0.74032783094291732       0.93921221688600798        4.2410707827876898E-002   1.4136902609292299E-002   130.10075212901640     
   4.0484412720718559E-002   4.8887331152906353E-002   4.2410707827876898E-002   1.4136902609292299E-002   119.88113777614045     
  0.49795662414522790       0.17133153527056461        4.2410707827876898E-002   1.4136902609292299E-002   131.37000534588029     
   1.6496320502698607E-002  0.46465176895011129        4.2410707827876898E-002   1.4136902609292299E-002   12.370852529314565     
  0.89185721738664503       0.64082321901192207        4.2410707827876898E-002   1.4136902609292299E-002   177.18903328225380     
  0.35349024936328161       0.91307241016140495        4.2410707827876898E-002   1.4136902609292299E-002   93.193976124510144     
  0.22564610505796934       0.83466546246166362        4.2410707827876898E-002   1.4136902609292299E-002   119.74604206667912     
  0.18901559127614243       0.96248802030213376        4.2410707827876898E-002   1.4136902609292299E-002   26.286329267703920     
  0.85118868555723504       0.56802582911912725        4.2410707827876898E-002   1.4136902609292299E-002   87.270197251097642     
  0.35216279627172759       0.65649433742824159        4.2410707827876898E-002   1.4136902609292299E-002   67.012913055297730     
  0.38816752009490468       0.28375143897373201        4.2410707827876898E-002   1.4136902609292299E-002   108.79098108119021     
  0.41441822606316636       0.96989197430186602        4.2410707827876898E-002   1.4136902609292299E-002   143.81734370182929     
  0.55335777643101636       0.94131048353055280        4.2410707827876898E-002   1.4136902609292299E-002   177.02540994140310     
  0.93867591382732662       0.64509557261669415        4.2410707827876898E-002   1.4136902609292299E-002   127.67020308108405     
  0.49090790708787896       0.98064665972853404        4.2410707827876898E-002   1.4136902609292299E-002   130.49552133265848     
  0.29317277379557793       0.72899191058116597        4.2410707827876898E-002   1.4136902609292299E-002   16.043392173335114     
  0.80281835962563908       0.84498092117744261        4.2410707827876898E-002   1.4136902609292299E-002   86.812651090358997     
  0.84269009316324328       0.49665752641490873        4.2410707827876898E-002   1.4136902609292299E-002   63.812649045873044     
  0.36112579881780077       0.71586767425462061        4.2410707827876898E-002   1.4136902609292299E-002   68.705801329572267     
  0.22414131117399749        2.5259200786354352E-002   4.2410707827876898E-002   1.4136902609292299E-002   130.78302661611571     
  0.95929733826472952       0.65680069593966217        4.2410707827876898E-002   1.4136902609292299E-002   85.606685999114205     
   7.7672935027032014E-002  0.34065130074687627        4.2410707827876898E-002   1.4136902609292299E-002   121.12270628401545     
  0.81262042782098565       0.98038445365761429        4.2410707827876898E-002   1.4136902609292299E-002   53.117821185158007     
  0.60702653899953973       0.66826034289259006        4.2410707827876898E-002   1.4136902609292299E-002   14.997159490947872     
  0.92643058267590173       0.50375827678848029        4.2410707827876898E-002   1.4136902609292299E-002   52.585552524203415     
   9.9634054875521960E-002  0.61677415287833637        4.2410707827876898E-002   1.4136902609292299E-002   33.566255229586595     
  0.73493615024412984       0.15463257701070512        4.2410707827876898E-002   1.4136902609292299E-002   32.095699932023180     
  0.82273818195761239       0.50762503537036319        4.2410707827876898E-002   1.4136902609292299E-002   50.012021830781293     
  0.32431787449066601       0.79644072670695198        4.2410707827876898E-002   1.4136902609292299E-002   67.456620864715759     
  0.65302937528921690       0.17418938941824599        4.2410707827876898E-002   1.4136902609292299E-002   25.943504572006823     
  0.99345886620504076       0.25634254866239103        4.2410707827876898E-002   1.4136902609292299E-002   74.264809964927295     
  0.62310792919056657       0.80246281674714848        4.2410707827876898E-002   1.4136902609292299E-002   45.753621247856792     
   8.0491932408517208E-002  0.84148295808610174        4.2410707827876898E-002   1.4136902609292299E-002   8.3520483802650638     
  0.18032501216653507       0.59276470994095065        4.2410707827876898E-002   1.4136902609292299E-002   5.9111380907458901     
  0.40697122266423341       0.59401781925584396        4.2410707827876898E-002   1.4136902609292299E-002   6.5928724782514356     
  0.20530815817030917       0.53678137242896695        4.2410707827876898E-002   1.4136902609292299E-002   32.637463268676946     
  0.67234962239595975       0.71636609116268457        4.2410707827876898E-002   1.4136902609292299E-002   102.44291467156623     
  0.85836989887252568       0.15330472852780294        4.2410707827876898E-002   1.4136902609292299E-002   9.6763243561087027     
  0.84288330699578851        4.2382400075492210E-002   4.2410707827876898E-002   1.4136902609292299E-002   4.2327840799869261     
  0.92014613201263540       0.34770624252818905        4.2410707827876898E-002   1.4136902609292299E-002   33.453682136518410     
  0.77832813591325678       0.83101890051829574        4.2410707827876898E-002   1.4136902609292299E-002   158.45556259654592     
  0.39919236782623785       0.75565563993285800        4.2410707827876898E-002   1.4136902609292299E-002   29.795058099823045     
  0.32389346206860187       0.18359016731878722        4.2410707827876898E-002   1.4136902609292299E-002   126.39510830053324     
  0.94062002881152373       0.49742490311212267        4.2410707827876898E-002   1.4136902609292299E-002   57.532975472185257     
  0.56444704280045277       0.80751365628737559        4.2410707827876898E-002   1.4136902609292299E-002   116.97540309462197     
  0.76017989136435826       0.94419722697984509        4.2410707827876898E-002   1.4136902609292299E-002   91.993631188272786     
  0.39165838179078288       0.62990745609699994        4.2410707827876898E-002   1.4136902609292299E-002   17.258334997090735     
  0.46700084096248051       0.57141738121398089        4.2410707827876898E-002   1.4136902609292299E-002   2.0100883433397434     
  0.51729236892959274        1.9748649532985496E-002   4.2410707827876898E-002   1.4136902609292299E-002   39.361367562420781     
  0.50214235953232234       0.55154317316297830        4.2410707827876898E-002   1.4136902609292299E-002   31.376724743760004     
  0.37911956640800692       0.48905374589733558        4.2410707827876898E-002   1.4136902609292299E-002   116.21325736056401     
  0.79866722772386622       0.99474682057888808        4.2410707827876898E-002   1.4136902609292299E-002   38.323341715374980     
   2.5300669824163007E-002  0.23081231054998089        4.2410707827876898E-002   1.4136902609292299E-002   54.674165619213170     
  0.61755429439766563       0.61418360464868627        4.2410707827876898E-002   1.4136902609292299E-002   176.39343313427725     
  0.15264819199577617       0.74355629146404834        4.2410707827876898E-002   1.4136902609292299E-002   103.87213966442825     
  0.95936684715507348       0.46621259491865491        4.2410707827876898E-002   1.4136902609292299E-002   24.162525714987279     
  0.33899313249505314       0.56200127482879148        4.2410707827876898E-002   1.4136902609292299E-002   86.203037849049181     
  0.87977698462425180        3.8790368007335374E-002   4.2410707827876898E-002   1.4136902609292299E-002   142.78420780769440     
  0.29394001392891961       0.96899845415011565        4.2410707827876898E-002   1.4136902609292299E-002   11.279086245327409     
  0.53876219013753690       0.28445041889790279        4.2410707827876898E-002   1.4136902609292299E-002   102.97676082818055     
  0.20298117449939240       0.29058467348700001        4.2410707827876898E-002   1.4136902609292299E-002   97.217326355386874     
  0.73827366217695456       0.90254132656985320        4.2410707827876898E-002   1.4136902609292299E-002   77.373696963192998     
   1.5478184984517524E-002   1.6582184655853149E-002   4.2410707827876898E-002   1.4136902609292299E-002   69.834346796115611     
  0.95616380640969245       0.39379973999918499        4.2410707827876898E-002   1.4136902609292299E-002   139.10041872623168     
  0.13785504019156331       0.36790296151601126        4.2410707827876898E-002   1.4136902609292299E-002   130.50376397106791     
  0.59183543092782953       0.35011750899591348        4.2410707827876898E-002   1.4136902609292299E-002   121.38327743046851     
  0.31924174002107636       0.33782964334403121        4.2410707827876898E-002   1.4136902609292299E-002   45.972298765157063     
  0.71448756692928250       0.78967677498754241        4.2410707827876898E-002   1.4136902609292299E-002   159.31105558617961     
  0.30456005267399988       0.34813646048574198        4.2410707827876898E-002   1.4136902609292299E-002   34.659923353974470     
  0.43153360293239612       0.66522723840892084        4.2410707827876898E-002   1.4136902609292299E-002   86.455781229651251     
  0.72786836394932941       0.45384612169681671        4.2410707827876898E-002   1.4136902609292299E-002   12.886818476896533     
  0.68426135070412553       0.13981231608436187        4.2410707827876898E-002   1.4136902609292299E-002   169.37780717276669     
  0.94606883132342301       0.56058601201053659        4.2410707827876898E-002   1.4136902609292299E-002   11.271170543296959     
  0.51984018827112244       0.34879727855571918        4.2410707827876898E-002   1.4136902609292299E-002   176.25049997577094     
   3.4703520604131670E-002  0.54568056646718888        4.2410707827876898E-002   1.4136902609292299E-002   125.93721392665206     
  0.75191244221405262       0.18714071820816072        4.2410707827876898E-002   1.4136902609292299E-002   65.355696283389889     
  0.87903986721427985       0.94823086867631590        4.2410707827876898E-002   1.4136902609292299E-002   127.25061162784787     
  0.46786698146562727       0.22338331528633040        4.2410707827876898E-002   1.4136902609292299E-002   157.26322312833460     
   6.4113445782436555E-003   7.1621920413844992E-002   4.2410707827876898E-002   1.4136902609292299E-002   167.95826116877245     
  0.57685779291116768       0.33759586378783007        4.2410707827876898E-002   1.4136902609292299E-002   143.19090622883616     
  0.23729865113999940       0.93183779181437276        4.2410707827876898E-002   1.4136902609292299E-002   69.280943737309514     
  0.29815284626127986       0.85547866184427501        4.2410707827876898E-002   1.4136902609292299E-002   156.19940330923967     
  0.92445225558497479       0.21041349989129615        4.2410707827876898E-002   1.4136902609292299E-002   124.93088263721438     
  0.72839708834158479       0.11261735664480529        4.2410707827876898E-002   1.4136902609292299E-002   110.83316102452515     
  0.56182667771979145       0.95773928876839154        4.2410707827876898E-002   1.4136902609292299E-002   1.4668498489457351     
  0.13910328142149642       0.64436884834836294        4.2410707827876898E-002   1.4136902609292299E-002   74.928666624676751     
  0.86497687768260501       0.28619873821034808        4.2410707827876898E-002   1.4136902609292299E-002   146.33644899357955     
  0.16361242195859046       0.86330153199911441        4.2410707827876898E-002   1.4136902609292299E-002   35.692998702593577     
   5.0878537763158153E-003  0.64894108965377406        4.2410707827876898E-002   1.4136902609292299E-002   115.81240828733645     
  0.57403425244695327       0.77139548618686538        4.2410707827876898E-002   1.4136902609292299E-002   124.62882854554354     
  0.52519913996415135       0.76217062263969215        4.2410707827876898E-002   1.4136902609292299E-002   68.381564722365241     
   8.0328028487775871E-002   8.4542320299252155E-002   4.2410707827876898E-002   1.4136902609292299E-002   37.522485810057866     
  0.69127037195014507       0.43812164704761025        4.2410707827876898E-002   1.4136902609292299E-002   8.1253885885970796     
  0.54199341524653022       0.98128656956458404        4.2410707827876898E-002   1.4136902609292299E-002   34.022325365523649     
  0.96825691986308471       0.34182117518007293        4.2410707827876898E-002   1.4136902609292299E-002   112.97551057041548     
  0.48596856955998896       0.30291677886998247        4.2410707827876898E-002   1.4136902609292299E-002   65.203805224422084     
  0.42599876370034317       0.36184013463404840        4.2410707827876898E-002   1.4136902609292299E-002   108.36315471137320     
  0.56306602204878442       0.68458767164391465        4.2410707827876898E-002   1.4136902609292299E-002   102.27441325216790     
  0.83280517414998223       0.93931991402755233        4.2410707827876898E-002   1.4136902609292299E-002   143.21153635647175     
  0.20240606750529971       0.87614722788095056        4.2410707827876898E-002   1.4136902609292299E-002   1.7463816289987395     
  0.32296206478274975        2.2712932061320190E-002   4.2410707827876898E-002   1.4136902609292299E-002   50.676600027601708     
  0.77421162173471680       0.97007754444090988        4.2410707827876898E-002   1.4136902609292299E-002   167.09568437334764     
  0.33902975034740579       0.78175616540923842        4.2410707827876898E-002   1.4136902609292299E-002   52.224127660761994     
  0.91452153893074550       0.76280797661980415        4.2410707827876898E-002   1.4136902609292299E-002   160.29456045573465     
  0.41273277324077179       0.42342155602631748        4.2410707827876898E-002   1.4136902609292299E-002   127.90397028640727     
  0.19339158711891780       0.42877726174626546        4.2410707827876898E-002   1.4136902609292299E-002   85.835083669974509     
   4.3444797686022545E-002  0.77324397614551521        4.2410707827876898E-002   1.4136902609292299E-002   129.03785724924776     
  0.57390834124301204       0.13100751597946064        4.2410707827876898E-002   1.4136902609292299E-002   120.37558839769336     
  0.75012574772905372       0.43113746589162694        4.2410707827876898E-002   1.4136902609292299E-002   114.92183596657406     
  0.42630931281900514       0.13019309571871199        4.2410707827876898E-002   1.4136902609292299E-002   146.59168757791326     
  0.24019954161727777       0.47814269518128372        4.2410707827876898E-002   1.4136902609292299E-002   54.451314404309599     
  0.19841247997745370        6.4709157059928551E-002   4.2410707827876898E-002   1.4136902609292299E-002   16.790988105458204     
  0.43037110448112670       0.49139667100680995        4.2410707827876898E-002   1.4136902609292299E-002   32.341373814277709     
  0.18914776568662439       0.13112595954873865        4.2410707827876898E-002   1.4136902609292299E-002   9.4805457551713985     
  0.66889234718782820       0.35846209949266505        4.2410707827876898E-002   1.4136902609292299E-002   121.70120270648144     
  0.16232774542427458       0.63913774518687538        4.2410707827876898E-002   1.4136902609292299E-002   41.869067464196462     
  0.69533782300943825       0.26047336364117007        4.2410707827876898E-002   1.4136902609292299E-002   167.60995248860957     
  0.88636952349162479       0.62289301646608475        4.2410707827876898E-002   1.4136902609292299E-002   151.81376362669741     
  0.20046813655507217        1.6860550987228606E-002   4.2410707827876898E-002   1.4136902609292299E-002   108.10745612677826     
  0.33955952179640786       0.71652714546461183        4.2410707827876898E-002   1.4136902609292299E-002   89.731409315098915     
  0.94406055594281113       0.83916039786127450        4.2410707827876898E-002   1.4136902609292299E-002   145.02796139795180     
  0.20073997065615062       0.60532764695304353        4.2410707827876898E-002   1.4136902609292299E-002   151.44451625867927     
   6.5894113219217287E-002  0.11597174981776578        4.2410707827876898E-002   1.4136902609292299E-002   165.66286747941919     
  0.11956632439420412       0.86021273366332884        4.2410707827876898E-002   1.4136902609292299E-002   5.5516298163628841     
  0.81741490368443337       0.41665635604793527        4.2410707827876898E-002   1.4136902609292299E-002   118.58417047055180     
   4.3042240356070398E-002  0.30623190265434153        4.2410707827876898E-002   1.4136902609292299E-002   63.423961713927213     
  0.63698899661304809       0.35431310316130854        4.2410707827876898E-002   1.4136902609292299E-002   56.383241846028511     
  0.22068613429012979       0.22119095298130412        4.2410707827876898E-002   1.4136902609292299E-002   102.79910808937818     
   5.3994920054108213E-002  0.87234266594832510        4.2410707827876898E-002   1.4136902609292299E-002   67.346492415504457     
  0.17328053227059970       0.19013970238847769        4.2410707827876898E-002   1.4136902609292299E-002   49.296003829529653     
  0.58165065081756828       0.39536189322085874        4.2410707827876898E-002   1.4136902609292299E-002   45.096138209184502     
  0.81531381715773754       0.24541397280404900        4.2410707827876898E-002   1.4136902609292299E-002   167.78108177864547     
  0.52529450575753245       0.66712546827906516        4.2410707827876898E-002   1.4136902609292299E-002   108.78954393794352     
  0.72542814106771469       0.85376493839255119        4.2410707827876898E-002   1.4136902609292299E-002   51.674603463076650     
  0.14914775148540299       0.52369496803240800        4.2410707827876898E-002   1.4136902609292299E-002   159.30375695988502     
  0.74671327279050725       0.35394349499932221        4.2410707827876898E-002   1.4136902609292299E-002   179.48968371894355     
  0.85807233843003416       0.49432200631114254        4.2410707827876898E-002   1.4136902609292299E-002   77.637777000996763     
  0.46364834123064008       0.48885994210973388        4.2410707827876898E-002   1.4136902609292299E-002   127.91307922946837     
  0.83725343899392379       0.70019609789314718        4.2410707827876898E-002   1.4136902609292299E-002   120.78192004955523     
  0.56733605080634697       0.20920979758567285        4.2410707827876898E-002   1.4136902609292299E-002   32.284690251433602     
  0.54569175649285351       0.22415222691069911        4.2410707827876898E-002   1.4136902609292299E-002   95.230578903853512     
   4.6247143105242410E-002  0.22313298692734815        4.2410707827876898E-002   1.4136902609292299E-002   88.800644290426163     
  0.92960035923633244       0.82681223945621141        4.2410707827876898E-002   1.4136902609292299E-002   109.08221620739826     
  0.21588788208607623       0.74722070410451213        4.2410707827876898E-002   1.4136902609292299E-002   7.0204137217882865     
  0.54078297536540210        6.6929864961769198E-002   4.2410707827876898E-002   1.4136902609292299E-002   8.5744738703734598     
  0.52336938807412814       0.43324203656372795        4.2410707827876898E-002   1.4136902609292299E-002   160.43148963883360     
   9.7561481879468254E-002  0.66493936262655118        4.2410707827876898E-002   1.4136902609292299E-002   156.73562300439363     
  0.46719508875126048       0.61267824086232625        4.2410707827876898E-002   1.4136902609292299E-002   17.680686445607968     
  0.89698361460302789       0.70743639875720166        4.2410707827876898E-002   1.4136902609292299E-002   162.81230281831031     
  0.23609510245592177        9.5457848739692069E-002   4.2410707827876898E-002   1.4136902609292299E-002   12.823748353877388     
   3.2819740677721199E-002  0.59912254146347199        4.2410707827876898E-002   1.4136902609292299E-002   151.07899319832882     
  0.90272108095313053       0.89443624076028905        4.2410707827876898E-002   1.4136902609292299E-002   169.09092363562831     
  0.30894550740661669       0.53469971792949034        4.2410707827876898E-002   1.4136902609292299E-002   87.308716093535011     
  0.38553674055634446        7.7508844765890678E-002   4.2410707827876898E-002   1.4136902609292299E-002   119.64154456859978     
  0.55975173085066732       0.56542033593802665        4.2410707827876898E-002   1.4136902609292299E-002   131.10808687572711     
  0.11570594542321849       0.17514908007066135        4.2410707827876898E-002   1.4136902609292299E-002   148.76407769692437     
  0.50414709445501271        4.0109630908236715E-002   4.2410707827876898E-002   1.4136902609292299E-002   5.1183915888253990     
  0.25383191103722708       0.97430404349682265        4.2410707827876898E-002   1.4136902609292299E-002   148.64743314731484     
  0.47148333839984430       0.73277104040983176        4.2410707827876898E-002   1.4136902609292299E-002   176.05062796399156     
  0.54130066224582651       0.72260162013687879        4.2410707827876898E-002   1.4136902609292299E-002   107.23200896718573     
  0.97595291373818749        4.8004262224146110E-003   4.2410707827876898E-002   1.4136902609292299E-002   19.554895805505168     
  0.18433387688114830       0.67280253242563715        4.2410707827876898E-002   1.4136902609292299E-002   42.616827027606909     
  0.92399385356016583       0.12308314814154528        4.2410707827876898E-002   1.4136902609292299E-002   105.51939035074234     
   4.4064562462581273E-002  0.49681942990843136        4.2410707827876898E-002   1.4136902609292299E-002   26.113186360625942     
  0.29659519282535435       0.15588606238717675        4.2410707827876898E-002   1.4136902609292299E-002   150.91096238299821     
  0.19312819187079394       0.11400125552152976        4.2410707827876898E-002   1.4136902609292299E-002   162.76368724760292     
  0.46592766059319468       0.36053511453081843        4.2410707827876898E-002   1.4136902609292299E-002   72.952692820913555     
  0.62747724566665175       0.25354747067314132        4.2410707827876898E-002   1.4136902609292299E-002   65.263975465175648     
  0.28701000654721170       0.19457131199939717        4.2410707827876898E-002   1.4136902609292299E-002   57.017068491294431     
   2.7291145387913711E-002  0.32320748278556177        4.2410707827876898E-002   1.4136902609292299E-002   24.207848773881395     
  0.45413891185189054       0.71146563104226845        4.2410707827876898E-002   1.4136902609292299E-002   113.93672260065628     
  0.61649632765832041       0.31844609525496193        4.2410707827876898E-002   1.4136902609292299E-002   97.682564284195180     
  0.77894298843173981        7.7908643620083845E-002   4.2410707827876898E-002   1.4136902609292299E-002   121.57429987812205     
  0.13836999588049165       0.31414370875788283        4.2410707827876898E-002   1.4136902609292299E-002   117.01023278495752     
  0.70720610963913988        1.6766493624854606E-002   4.2410707827876898E-002   1.4136902609292299E-002   29.117474326391388     
  0.51310838047060114       0.30687517193494562        4.2410707827876898E-002   1.4136902609292299E-002   126.31104855702216     
  0.87765922835744314       0.12925253499909398        4.2410707827876898E-002   1.4136902609292299E-002   93.138238425948785     
  0.78070627680678228       0.45104604062024595        4.2410707827876898E-002   1.4136902609292299E-002   133.28639576227573     
  0.59497245004449029       0.95229156763144152        4.2410707827876898E-002   1.4136902609292299E-002   13.064376287149257     
  0.66513507842501396       0.53941457307097895        4.2410707827876898E-002   1.4136902609292299E-002   145.13435429796584     
  0.36629882363129523       0.76290367975843076        4.2410707827876898E-002   1.4136902609292299E-002   123.20414894719265     
  0.93748646128309576       0.99247359007024538        4.2410707827876898E-002   1.4136902609292299E-002   91.199030643989147     
  0.77194987849568886       0.69669490749668617        4.2410707827876898E-002   1.4136902609292299E-002   168.08874762875195     
  0.26236425984778500       0.33146053855691560        4.2410707827876898E-002   1.4136902609292299E-002   151.77480178808705     
  0.80303232669959934       0.12163981699778545        4.2410707827876898E-002   1.4136902609292299E-002   14.082719794023401     
  0.65814800630368686       0.77734902439163911        4.2410707827876898E-002   1.4136902609292299E-002   168.94774291457523     
  0.33671642520842937       0.39533606627365958        4.2410707827876898E-002   1.4136902609292299E-002   92.974754701533413     
  0.84936063461828959       0.98687638894785734        4.2410707827876898E-002   1.4136902609292299E-002   123.16345612420410     
  0.43057693919789242       0.85283737411453098        4.2410707827876898E-002   1.4136902609292299E-002   148.66672550499050     
  0.71080901599715696       0.50962255004992230        4.2410707827876898E-002   1.4136902609292299E-002   55.947443932775748     
  0.26939866844150301       0.93072926398590750        4.2410707827876898E-002   1.4136902609292299E-002   135.94837522954302     
  0.76593823316922360       0.74030251185509865        4.2410707827876898E-002   1.4136902609292299E-002   126.26495927573252     
  0.45015413860261461       0.93827567132676004        4.2410707827876898E-002   1.4136902609292299E-002   125.50505600936231     
  0.17557421166094062       0.98648359766322224        4.2410707827876898E-002   1.4136902609292299E-002   6.6505189264631399     
  0.30999951643379070       0.67332687689270698        4.2410707827876898E-002   1.4136902609292299E-002   31.150246544168780     
  0.53251301961474484       0.99487737047558467        4.2410707827876898E-002   1.4136902609292299E-002   18.840996983221146     
   1.3597144961759929E-002  0.81819841008056859        4.2410707827876898E-002   1.4136902609292299E-002   139.90054602643775     
  0.81402189150511561       0.92446904083828474        4.2410707827876898E-002   1.4136902609292299E-002   97.521564023025775     
  0.54522857469058672       0.47862073011031203        4.2410707827876898E-002   1.4136902609292299E-002   110.61432455886042     
  0.76080316616470411       0.89437921412516541        4.2410707827876898E-002   1.4136902609292299E-002   97.387348746612972     
  0.24868293832688743       0.19860968578467089        4.2410707827876898E-002   1.4136902609292299E-002   3.1597655911837124     
  0.60520374481823669       0.15368468795793014        4.2410707827876898E-002   1.4136902609292299E-002   139.47069322807198     
  0.44575756912974956       0.87535656421335550        4.2410707827876898E-002   1.4136902609292299E-002   139.48603531057620     
  0.30334549895776947       0.49398125688937977        4.2410707827876898E-002   1.4136902609292299E-002   90.887318857210744     
  0.93130645928725042       0.72517810795623538        4.2410707827876898E-002   1.4136902609292299E-002   61.204365220792141     
  0.67893016661359618       0.83583377538035630        4.2410707827876898E-002   1.4136902609292299E-002   79.443194675339171     
   4.4272530963107959E-002  0.34792493085770804        4.2410707827876898E-002   1.4136902609292299E-002   39.941286340360229     
   1.3368133071500360E-002  0.43406732872369619        4.2410707827876898E-002   1.4136902609292299E-002   3.7061807494728662     
  0.71000936127830450       0.34658838591328356        4.2410707827876898E-002   1.4136902609292299E-002   43.621962958651991     
  0.10250789181487840       0.48341496411288903        4.2410707827876898E-002   1.4136902609292299E-002   85.791374917732028     
  0.78883824363849975       0.59593567373792344        4.2410707827876898E-002   1.4136902609292299E-002   13.256752204300806     
  0.27012616589008620       0.34587369715894750        4.2410707827876898E-002   1.4136902609292299E-002   135.67034456388990     
  0.84351542421300763       0.21951643567436716        4.2410707827876898E-002   1.4136902609292299E-002   129.63768987087704     
  0.57087006638407833       0.41221824054957601        4.2410707827876898E-002   1.4136902609292299E-002   31.822057786106555     
  0.66540696040727698       0.75581882805436595        4.2410707827876898E-002   1.4136902609292299E-002  0.75662471438436807     
  0.76730118783717272       0.18383306598831170        4.2410707827876898E-002   1.4136902609292299E-002   74.154920971332245     
  0.33399268672234639       0.65834320742000463        4.2410707827876898E-002   1.4136902609292299E-002   89.204743538938075     
  0.16716253722376057       0.78393808873497817        4.2410707827876898E-002   1.4136902609292299E-002   137.50928652765666     
  0.17190881575443517       0.31242362405026658        4.2410707827876898E-002   1.4136902609292299E-002   23.171726974470911     
  0.82473454269359137        6.3161518925932233E-002   4.2410707827876898E-002   1.4136902609292299E-002   50.452401277587811     
  0.12051334337086234       0.70189397529664865        4.2410707827876898E-002   1.4136902609292299E-002   69.355128478578251     
  0.60946300208699411       0.74830341158497826        4.2410707827876898E-002   1.4136902609292299E-002   83.754242231422367     
  0.84625712889710447       0.38844112563403022        4.2410707827876898E-002   1.4136902609292299E-002   134.37921752512153     
   3.7442123586793191E-002  0.62341034287006192        4.2410707827876898E-002   1.4136902609292299E-002   10.218305240644117     
  0.79457384694765643       0.48427889660338397        4.2410707827876898E-002   1.4136902609292299E-002   60.904260891891170     
  0.71307171361933341       0.28014559021369789        4.2410707827876898E-002   1.4136902609292299E-002   133.75203304128851     
  0.46764731261258496       0.54233882604226535        4.2410707827876898E-002   1.4136902609292299E-002   147.01070065256653     
  0.36370244307425065       0.38674289862514966        4.2410707827876898E-002   1.4136902609292299E-002   36.379362328092476     
   7.4255716952782935E-002  0.47144137275540687        4.2410707827876898E-002   1.4136902609292299E-002   144.65069580348634     
  0.99671117989873725       0.56428033021718382        4.2410707827876898E-002   1.4136902609292299E-002   20.440519126804606     
  0.29256869300048793       0.98726736068199739        4.2410707827876898E-002   1.4136902609292299E-002   14.992035848704655     
  0.48023578845908116       0.34710857408083062        4.2410707827876898E-002   1.4136902609292299E-002   35.373354161966169     
  0.95852000876932442       0.73286427468847781        4.2410707827876898E-002   1.4136902609292299E-002   136.70224595055493     
  0.74629766221386773       0.71305256905673531        4.2410707827876898E-002   1.4136902609292299E-002   4.7170027373103585     
  0.50258819467716587       0.89317970366935961        4.2410707827876898E-002   1.4136902609292299E-002   34.939720797294875     
  0.59657402171568319       0.89407218341766248        4.2410707827876898E-002   1.4136902609292299E-002   29.993943154106461     
  0.62637068580652699       0.96363044581100010        4.2410707827876898E-002   1.4136902609292299E-002   160.00492342906935     
  0.49701278461796800       0.51252750974220251        4.2410707827876898E-002   1.4136902609292299E-002   75.965161089337755     
  0.35304656315337862       0.20145972055395364        4.2410707827876898E-002   1.4136902609292299E-002   115.28263001377859     
  0.34026498375562225       0.44448990751782852        4.2410707827876898E-002   1.4136902609292299E-002   130.86427627339191     
  0.99058731551553447       0.97051646162582184        4.2410707827876898E-002   1.4136902609292299E-002   23.057247871470672     
  0.61809262177138968       0.16814408177199577        4.2410707827876898E-002   1.4136902609292299E-002   147.27431791872581     
  0.13302982545333480        1.9382120025102978E-002   4.2410707827876898E-002   1.4136902609292299E-002   4.0114844795205542     
  0.91350782095440808       0.29323289788044732        4.2410707827876898E-002   1.4136902609292299E-002   105.42647722002610     
   3.3529686031077414E-002   9.7636790601547396E-003   4.2410707827876898E-002   1.4136902609292299E-002   77.952870523321437     
  0.89551269457739369       0.45800082538244652        4.2410707827876898E-002   1.4136902609292299E-002   24.150423555069604     
  0.79384458247882073       0.14353185423365880        4.2410707827876898E-002   1.4136902609292299E-002   31.172000860385634     
  0.78964428595785430       0.33941082154077656        4.2410707827876898E-002   1.4136902609292299E-002   122.41773674683999     
  0.76687049836645005       0.44062747458023305        4.2410707827876898E-002   1.4136902609292299E-002   107.73811733291483     
  0.91701067836142358       0.97688662261103243        4.2410707827876898E-002   1.4136902609292299E-002   119.17345296858973     
  0.35832418982679498       0.99687171711463562        4.2410707827876898E-002   1.4136902609292299E-002   116.84638000533091     
  0.74504928871690901       0.81681416158720677        4.2410707827876898E-002   1.4136902609292299E-002   42.521473845385607     
  0.62818955891585193        9.7861235499959426E-002   4.2410707827876898E-002   1.4136902609292299E-002   159.66060018686156     
  0.35194221272557763       0.59890981027111068        4.2410707827876898E-002   1.4136902609292299E-002   168.46242757481818     
  0.99656836137072324       0.95573921734912171        4.2410707827876898E-002   1.4136902609292299E-002   17.915885318233752     
  0.95951794312051075       0.85916558709770097        4.2410707827876898E-002   1.4136902609292299E-002   132.92329535446132     
  0.55661649057036211        4.7251315015464333E-002   4.2410707827876898E-002   1.4136902609292299E-002   63.725450032699499     
  0.28778377914983683       0.24498804694674328        4.2410707827876898E-002   1.4136902609292299E-002   128.83614889745257     
   2.7531037592915246E-002   9.6216991611069086E-002   4.2410707827876898E-002   1.4136902609292299E-002   101.03526500332985     
  0.69952302910685460       0.40852560722723413        4.2410707827876898E-002   1.4136902609292299E-002   155.55605925888057     
  0.52576631444597899       0.21792524930656734        4.2410707827876898E-002   1.4136902609292299E-002   116.22230015783362     
  0.70147034252521290       0.77444698957620350        4.2410707827876898E-002   1.4136902609292299E-002   118.22404089688484     
  0.36375226690285029        3.9813658832625887E-002   4.2410707827876898E-002   1.4136902609292299E-002   174.20016108849723     
  0.58084395248420395       0.62876973232328304        4.2410707827876898E-002   1.4136902609292299E-002   35.652006483832643     
  0.18724738696484239       0.36752486632535586        4.2410707827876898E-002   1.4136902609292299E-002   89.210231244503348     
  0.21729018588109134       0.40387905676506386        4.2410707827876898E-002   1.4136902609292299E-002   172.23617999701540     
  0.89900294983555218       0.12310507656457079        4.2410707827876898E-002   1.4136902609292299E-002   43.816133814105477     
  0.12780893016150091       0.25234316376891014        4.2410707827876898E-002   1.4136902609292299E-002   172.75327457745016     
  0.34420419850031408       0.49290879900296336        4.2410707827876898E-002   1.4136902609292299E-002   32.350499814745262     
  0.85356330869484998       0.62502816172637321        4.2410707827876898E-002   1.4136902609292299E-002   61.366078526534451     
  0.78256431401347171       0.61022929905163770        4.2410707827876898E-002   1.4136902609292299E-002   24.186407159010233     
  0.20524269258627414       0.92138705403653354        4.2410707827876898E-002   1.4136902609292299E-002   156.98872941082436     
  0.11696163121904468       0.90524615750593473        4.2410707827876898E-002   1.4136902609292299E-002   86.357596049036658     
  0.73447884081572279       0.66761683605085098        4.2410707827876898E-002   1.4136902609292299E-002   14.244498521686706     
  0.14940410284377148       0.69424908459186563        4.2410707827876898E-002   1.4136902609292299E-002   52.557483402959114     
  0.41002760556083673       0.35055773981766380        4.2410707827876898E-002   1.4136902609292299E-002   147.09688116946950     
  0.11946249528227831       0.95091733830141312        4.2410707827876898E-002   1.4136902609292299E-002   54.097027422742606     
  0.65025904887546515       0.71039184940065803        4.2410707827876898E-002   1.4136902609292299E-002   70.184042186775969     
  0.24011569344568215       0.31649999816046026        4.2410707827876898E-002   1.4136902609292299E-002   88.956110392822580     
  0.66032832744375380       0.45081745792564498        4.2410707827876898E-002   1.4136902609292299E-002   166.21605989982612     
  0.37227951070176563       0.32840214187587463        4.2410707827876898E-002   1.4136902609292299E-002   60.443279011258255     
  0.90700884558131534       0.59134780390696451        4.2410707827876898E-002   1.4136902609292299E-002   113.45546593946153     
  0.69913826152824810       0.72976516162531102        4.2410707827876898E-002   1.4136902609292299E-002   97.751592296820760     
  0.90419566418182895       0.82951826104067050        4.2410707827876898E-002   1.4136902609292299E-002   49.040101741398061     
  0.47220795178419317       0.81891065170932331        4.2410707827876898E-002   1.4136902609292299E-002   98.685821436482868     
  0.26670577611936780       0.52858181746249089        4.2410707827876898E-002   1.4136902609292299E-002   55.381605469359307     
  0.83150314362676647       0.33177545792879015        4.2410707827876898E-002   1.4136902609292299E-002   23.318998728000974     
  0.44255858230677403        3.1606499950255440E-002   4.2410707827876898E-002   1.4136902609292299E-002   59.528848716734046     
  0.21227628550368344       0.76349035049144864        4.2410707827876898E-002   1.4136902609292299E-002   12.862972054096229     
  0.15036759537094485       0.38366316600235817        4.2410707827876898E-002   1.4136902609292299E-002   143.01555434117193     
  0.69439131551985456       0.52093336604440343        4.2410707827876898E-002   1.4136902609292299E-002   73.797121217826046     
  0.43827137365035895       0.19299629542177302        4.2410707827876898E-002   1.4136902609292299E-002   93.000518986277342     
  0.81589657744582267       0.56554183081490828        4.2410707827876898E-002   1.4136902609292299E-002   95.117900895430509     
   9.7457806342902187E-002  0.70698476926196141        4.2410707827876898E-002   1.4136902609292299E-002   72.206584613798015     
  0.34838146582390483       0.86575417811186939        4.2410707827876898E-002   1.4136902609292299E-002   124.92912633925478     
  0.75742089529871881       0.11662454654309767        4.2410707827876898E-002   1.4136902609292299E-002   67.219060695553267     
  0.68721583847386336       0.19509368113268702        4.2410707827876898E-002   1.4136902609292299E-002   20.427030110171792     
  0.52100796548533290       0.32632379033628278        4.2410707827876898E-002   1.4136902609292299E-002   170.79900702830199     
  0.66029755096646525        2.4650916404283185E-002   4.2410707827876898E-002   1.4136902609292299E-002   153.60535824785728     
  0.62441738197824614        2.8957182849608909E-002   4.2410707827876898E-002   1.4136902609292299E-002   157.17312705037918     
  0.16125935412825987       0.10675683314089493        4.2410707827876898E-002   1.4136902609292299E-002   6.0484501317228485     
  0.31233984562030798        4.3495972915093439E-002   4.2410707827876898E-002   1.4136902609292299E-002   1.4185893473122708     
  0.33548052054925431       0.19350710763790421        4.2410707827876898E-002   1.4136902609292299E-002   128.46847737083237     
  0.41585786538079433       0.46479836660221752        4.2410707827876898E-002   1.4136902609292299E-002   37.446793895669977     
  0.76951977577076092       0.25824295598591457        4.2410707827876898E-002   1.4136902609292299E-002   160.30589282512707     
  0.75228049229838334       0.51518505544411608        4.2410707827876898E-002   1.4136902609292299E-002   139.19344437725044     
   3.3811693198599328E-002  0.40571475379611127        4.2410707827876898E-002   1.4136902609292299E-002   28.344091369187353     
  0.55782526916785002       0.28835592399976157        4.2410707827876898E-002   1.4136902609292299E-002   83.316705281808950     
   6.3637336218643707E-003  0.15611842268504414        4.2410707827876898E-002   1.4136902609292299E-002   70.404593526567524     
  0.88602463910599172        5.2156033701308190E-002   4.2410707827876898E-002   1.4136902609292299E-002   136.77474644167975     
  0.66036444003151828       0.46730441912036241        4.2410707827876898E-002   1.4136902609292299E-002   174.18608383430035     
  0.24308564908065000       0.53072701820363721        4.2410707827876898E-002   1.4136902609292299E-002   101.86124200383459     
  0.70940189367877093       0.85851639552672099        4.2410707827876898E-002   1.4136902609292299E-002   73.395128645275676     
  0.97390403301705453       0.21559231689375261        4.2410707827876898E-002   1.4136902609292299E-002   68.253794577239319     
  0.37514442548058013       0.44107287067346684        4.2410707827876898E-002   1.4136902609292299E-002   31.834748882545931     
   7.9441988572556896E-002  0.14396320323470788        4.2410707827876898E-002   1.4136902609292299E-002   157.82161182460234     
  0.65044629496996498       0.25413716823502025        4.2410707827876898E-002   1.4136902609292299E-002   110.87807008467425     
  0.22389012776100742       0.64591862086722740        4.2410707827876898E-002   1.4136902609292299E-002   89.328751867145243     
  0.63510930355252937       0.89209577787721317        4.2410707827876898E-002   1.4136902609292299E-002   156.47750139426793     
  0.25301217061924108       0.63235072599129949        4.2410707827876898E-002   1.4136902609292299E-002   33.153963796369226     
  0.59530592227661894       0.85068940219280842        4.2410707827876898E-002   1.4136902609292299E-002   45.610799630134345     
