          50   1110.5634605620514     
         100   1050.8452501190031     
         150   989.36615953289174     
         200   929.19915667569978     
         250   878.91853684483726     
         300   834.92820393453383     
         350   796.95843060034019     
         400   762.01200073606503     
         450   729.66455911599314     
         500   693.38530249090502     
         550   656.79332692114917     
         600   613.98144481014822     
         650   566.56109037277986     
         700   517.17316955340630     
         750   466.32944101663065     
         800   415.26903116194524     
         850   365.63609076729148     
         900   319.00689561374406     
         950   274.81693994413524     
        1000   232.08076967458996     
        1050   190.11529906122726     
        1100   149.10698067896581     
        1150   108.95786333827472     
        1200   70.503292024666266     
        1250   32.857124567442021     
        1300  -4.3518205872572739     
        1350  -40.008849468347378     
        1400  -73.665735333910149     
        1450  -105.51596894856817     
        1500  -136.53423808301366     
        1550  -167.40930031624484     
        1600  -196.95150732726430     
        1650  -225.36761791961294     
        1700  -253.50748616894600     
        1750  -282.00765076507747     
        1800  -310.16746064717171     
        1850  -337.20850071749436     
        1900  -364.27231702236315     
        1950  -391.75553475410538     
        2000  -419.98169918004908     
        2050  -447.51258718944513     
        2100  -474.78396379575543     
        2150  -501.97850924178613     
        2200  -528.61097058488292     
        2250  -554.74639014877357     
        2300  -581.12696815654215     
        2350  -607.97109435984623     
        2400  -634.84743764261827     
        2450  -661.21538711791129     
        2500  -687.58810499746903     
        2550  -713.37537331282169     
        2600  -739.05924082116462     
        2650  -764.93098983658012     
        2700  -790.91706939201288     
        2750  -816.58076332417249     
        2800  -841.70632836517541     
        2850  -866.25874197641542     
        2900  -890.21035353726438     
        2950  -914.01304061299970     
        3001  -938.30387787302345     
        3050  -961.26730095589062     
        3100  -984.66818065688039     
        3150  -1007.4725448293240     
        3200  -1029.6516897590200     
        3250  -1051.2486464225317     
        3300  -1072.7365402452374     
        3350  -1094.1852396236893     
        3400  -1115.2754009379382     
        3450  -1136.0748208416971     
        3500  -1157.0101295328902     
        3550  -1177.8330256301399     
        3600  -1198.5152847552067     
        3650  -1220.0460474905003     
        3700  -1241.3389519038051     
        3750  -1262.6561594933164     
        3800  -1284.0968154110840     
        3850  -1305.2099611938268     
        3900  -1326.1192661942155     
        3950  -1346.6735295737349     
        4000  -1367.1200430085416     
        4050  -1387.2745638544955     
        4100  -1407.1708267372426     
        4150  -1426.7033722268457     
        4200  -1445.9516816401219     
        4250  -1465.3497303872996     
        4300  -1484.8038424657771     
        4350  -1503.9983877638795     
        4400  -1523.3165615665555     
        4450  -1542.4594585197299     
        4500  -1561.4588493771282     
        4550  -1580.6841541325689     
        4600  -1599.6530727101563     
        4650  -1618.6948559014390     
        4700  -1637.5296339358308     
        4750  -1656.1642596307252     
        4800  -1674.8599458492811     
        4850  -1693.3487500784790     
        4900  -1711.8440225968518     
        4950  -1730.3805226141362     
        5000  -1748.8186200484299     
        5050  -1767.2573992329374     
        5100  -1785.4799238580049     
        5150  -1803.5605412545854     
        5200  -1821.3407493197599     
        5250  -1838.8624100111751     
        5300  -1856.4793769820581     
        5350  -1874.0092800057855     
        5400  -1891.6983506687798     
        5450  -1909.5091879773843     
        5500  -1927.2351669932762     
        5550  -1944.9058844523324     
        5600  -1962.5949826881395     
        5650  -1980.0583351552471     
        5700  -1997.5504923877422     
        5750  -2015.1471586804562     
        5800  -2032.6175305407521     
        5850  -2049.9672835595479     
        5900  -2067.1623801394871     
        5950  -2084.2928073914359     
        6000  -2101.2327944479298     
        6050  -2117.9648282654125     
        6100  -2134.4324407153149     
        6150  -2150.6339459654978     
        6200  -2166.5943747143515     
        6250  -2182.3346240648539     
        6300  -2197.8659680060396     
        6350  -2213.1896971658484     
        6400  -2228.3671803613515     
        6450  -2243.5169444185281     
        6500  -2258.5786528385665     
        6550  -2273.4199812450038     
        6600  -2288.0790273939319     
        6650  -2302.6263180669102     
        6700  -2317.0940000678056     
        6750  -2331.3866937487246     
        6800  -2345.5482964846333     
        6850  -2359.5565096062746     
        6900  -2373.5642956453989     
        6950  -2387.4621158609193     
        7000  -2401.2672693145651     
        7050  -2414.8881692405621     
        7100  -2428.3488474498276     
        7150  -2441.6592027361453     
        7200  -2454.8522025785660     
        7250  -2468.0703140131459     
        7300  -2481.1738282800884     
        7350  -2494.2000485218714     
        7400  -2507.1263012674076     
        7450  -2519.9410183708437     
        7500  -2532.7653006270921     
        7550  -2545.6501296752444     
        7600  -2558.5794864005547     
        7650  -2571.4286459703499     
        7700  -2584.3833992067903     
        7750  -2597.3202402081165     
        7800  -2610.1950360000924     
        7850  -2623.0752389171794     
        7900  -2635.8713261889529     
        7950  -2648.5512828903975     
        8000  -2661.0839681222305     
        8050  -2673.5370075784881     
        8100  -2685.9176704593356     
        8150  -2698.1807185099337     
        8200  -2710.3730975995195     
        8250  -2722.4602542564990     
        8300  -2734.5728937321769     
        8350  -2746.7773047617638     
        8400  -2759.0613500449467     
        8450  -2771.3366174930520     
        8500  -2783.4834324386052     
        8550  -2795.5495971711503     
        8600  -2807.5686478853650     
        8650  -2819.5385328777184     
        8700  -2831.3953659395047     
        8750  -2843.1969964085083     
        8800  -2854.9380405339821     
        8850  -2866.5826928783599     
        8900  -2878.2868718356126     
        8950  -2889.8977630082372     
        9000  -2901.4042951419519     
        9050  -2912.8054050976084     
        9100  -2924.1366569408374     
        9150  -2935.5275440832506     
        9200  -2946.8656275785947     
        9250  -2958.1372189226086     
        9300  -2969.3555325804464     
        9350  -2980.4869788204937     
        9400  -2991.5210112628843     
        9450  -3002.4536749268718     
        9500  -3013.2965575598905     
        9550  -3024.0748341349986     
        9600  -3034.7935370357941     
        9650  -3045.4427283230498     
        9700  -3056.0607908365473     
        9750  -3066.6441290567022     
        9800  -3077.1360515154242     
        9850  -3087.5584037428980     
        9900  -3097.9604845151757     
        9950  -3108.3031297215716     
       10000  -3118.6829769003325     
