          50   32.161429784531109     
         100   13.897720930460499     
         150  -3.3507044085146003     
         200  -35.886933771137372     
         250  -62.679377692173667     
         300  -89.645652635451853     
         350  -117.22983930359345     
         400  -140.91306082550730     
         450  -162.84873435205625     
         500  -187.35793565906800     
         550  -213.14120328592011     
         600  -237.54159484922508     
         650  -259.54966332906804     
         700  -279.87864128846462     
         750  -303.29813244966425     
         800  -325.75854902544404     
         850  -346.55858724384052     
         900  -368.61770733868985     
         950  -392.03812831180596     
        1000  -416.78593562438249     
        1050  -441.92124382145852     
        1100  -467.86520412916678     
        1150  -495.12902704163309     
        1200  -521.05024668354122     
        1250  -547.70760675479357     
        1300  -574.14332359123193     
        1350  -599.00094319791697     
        1400  -622.69186390010339     
        1450  -645.47058568189766     
        1500  -667.32728602364693     
        1550  -687.87492416176303     
        1600  -707.48899673426308     
        1650  -726.04908506370896     
        1700  -743.69047753284394     
        1750  -760.94030217096645     
        1800  -777.98251958635581     
        1850  -794.79651872427507     
        1900  -811.76987036528874     
        1950  -828.56521753807817     
        2000  -844.87407999278753     
        2050  -861.32508336173851     
        2100  -877.50753142135318     
        2150  -893.07935310071764     
        2200  -908.08324024449814     
        2250  -922.84158509067811     
        2300  -937.85101367766379     
        2350  -952.39547841151250     
        2400  -966.43491287875679     
        2450  -980.02632910483351     
        2500  -994.82475842009649     
        2550  -1010.0441918177920     
        2600  -1025.0916809307171     
        2650  -1039.8602566196723     
        2700  -1054.7347332532963     
        2750  -1069.7068156124731     
        2800  -1084.7991390441225     
        2850  -1099.9680382500308     
        2900  -1116.5171613994266     
        2950  -1133.7572294705401     
        3000  -1151.4989922586744     
        3050  -1168.8877195985299     
        3100  -1185.8036801813282     
        3150  -1202.3909410423864     
        3200  -1218.8381969680247     
        3250  -1235.7816539677196     
        3300  -1252.6265719773885     
        3350  -1269.1322843998435     
        3400  -1286.8669394427409     
        3450  -1304.1910193643257     
        3500  -1321.2753557292303     
        3550  -1337.9986777760628     
        3600  -1354.5034571345309     
        3650  -1371.2752869301794     
        3700  -1387.6986502221691     
        3750  -1403.7026559960027     
        3800  -1419.5096792060735     
        3850  -1435.0117354944559     
        3900  -1450.2607941931226     
        3950  -1465.4617471874690     
        4000  -1480.6845053278580     
        4050  -1495.7027463171312     
        4100  -1510.4430204965095     
        4150  -1525.0175536159909     
        4200  -1539.5087042706386     
        4250  -1554.2767951259573     
        4300  -1569.2812793512730     
        4350  -1584.0395128038269     
        4400  -1598.6533722499241     
        4450  -1613.1042392463855     
        4500  -1627.4466067069352     
        4550  -1642.1203210461504     
        4600  -1657.3372993640091     
        4650  -1673.2208329552659     
        4700  -1688.8826340013024     
        4750  -1704.2742526903546     
        4800  -1719.6031070588203     
        4850  -1735.2190797565372     
        4900  -1750.7518992115231     
        4950  -1766.0673625015347     
        5000  -1781.1103653221001     
        5050  -1796.0122636501658     
        5100  -1811.1334593376446     
        5150  -1826.5351867417423     
        5200  -1841.7980088618342     
        5250  -1857.3403279715910     
        5300  -1872.6117483956316     
        5350  -1887.7359211419262     
        5400  -1902.6135943191277     
        5450  -1917.2649148935070     
        5500  -1931.6645434619402     
        5550  -1945.8165301401116     
        5600  -1959.8841998993023     
        5650  -1973.9585158169114     
        5700  -1987.7940771489318     
        5750  -2001.4112162844417     
        5800  -2015.2712283060887     
        5850  -2029.3631136301640     
        5900  -2043.2225990406521     
        5950  -2056.8697858797627     
        6000  -2070.4007377331359     
        6050  -2083.8170647899974     
        6100  -2097.4229325482688     
        6150  -2111.1589981496168     
        6200  -2124.9632256051850     
        6250  -2138.5816342672638     
        6300  -2151.9905306973842     
        6350  -2165.2309484977209     
        6400  -2178.4580546011293     
        6450  -2191.5461907738759     
        6500  -2204.4615836493854     
        6550  -2217.2484006283958     
        6600  -2229.8857584236334     
        6650  -2242.4141823642335     
        6700  -2254.7836389631470     
        6750  -2267.0129490366239     
        6800  -2279.0952928292481     
        6850  -2291.0224134035311     
        6900  -2302.8482379922148     
        6950  -2314.5689933782901     
        7000  -2326.1781872015185     
        7050  -2337.7323802358537     
        7100  -2349.1984526037827     
        7150  -2360.5292344950540     
        7200  -2371.8153382009773     
        7250  -2383.1914729813561     
        7300  -2394.6173570244805     
        7350  -2405.9040761566362     
        7400  -2417.0406333085011     
        7450  -2428.1365694081715     
        7500  -2439.3944490711642     
        7550  -2450.7688064127296     
        7600  -2462.1235214178073     
        7650  -2473.3298087757598     
        7700  -2484.3905599342584     
        7750  -2495.3420235341482     
        7800  -2506.2144569257425     
        7850  -2517.0440400932457     
        7900  -2527.7661546913191     
        7950  -2538.4269513228123     
        8000  -2548.9819596113889     
        8050  -2559.5026953371093     
        8100  -2569.8960042923313     
        8150  -2580.1641733449187     
        8200  -2590.3112679321898     
        8250  -2600.4281603369068     
        8300  -2610.5668216086274     
        8350  -2620.6646488634228     
        8400  -2630.8382237559754     
        8450  -2641.1893476060609     
        8500  -2651.5745695213650     
        8550  -2661.8426715283358     
        8600  -2672.0069938841161     
        8650  -2682.0672315257866     
        8700  -2692.0197161657034     
        8750  -2701.8881469405092     
        8800  -2711.8536993516400     
        8850  -2721.7517492165903     
        8900  -2731.5396829482615     
        8950  -2741.2300893265865     
        9000  -2750.9363713376442     
        9050  -2760.5957589452887     
        9100  -2770.1516075023269     
        9150  -2779.6069112773621     
        9200  -2788.9662121717643     
        9250  -2798.2273185095078     
        9300  -2807.3927495955500     
        9350  -2816.4791866603750     
        9400  -2825.4838833482631     
        9450  -2834.5308063069956     
        9500  -2843.5237805416859     
        9550  -2852.6765643760941     
        9600  -2861.7547604402666     
        9650  -2870.7609548075825     
        9700  -2879.6787548213911     
        9750  -2888.5057038163914     
        9800  -2897.2425819032796     
        9850  -2905.8923582555603     
        9900  -2914.5183113715289     
        9950  -2923.0655620064231     
       10000  -2931.5348290343395     
       10050  -2939.9199768228546     
       10100  -2948.2478860169858     
       10150  -2956.5157699110223     
       10200  -2964.7121655704282     
       10250  -2972.8472757030122     
       10300  -2980.9134383074065     
       10350  -2988.9143299002403     
       10400  -2996.9307050664665     
       10450  -3004.8714539790153     
       10500  -3012.7793879212500     
       10550  -3020.7369585331635     
       10600  -3028.7958781554953     
       10650  -3036.7797313059714     
       10700  -3044.6889690064431     
       10750  -3052.5881741890189     
       10800  -3060.4262005267883     
       10850  -3068.1961053567052     
       10900  -3075.8992147022859     
       10950  -3083.5380316973597     
       11000  -3091.1099324073230     
       11050  -3098.6221991967222     
       11100  -3106.3035930647497     
       11150  -3114.0095367236040     
       11200  -3121.6765596676137     
       11250  -3129.2754312965658     
       11300  -3136.8070562739340     
       11350  -3144.2723233219863     
       11400  -3151.6747407063326     
       11450  -3159.0324900485266     
       11500  -3166.3333816869913     
       11550  -3173.6219733092585     
       11600  -3180.8835459077372     
       11650  -3188.1080494022381     
       11700  -3195.2708050036240     
       11750  -3202.4279065971150     
       11800  -3209.5423514194554     
       11850  -3216.6320981332983     
       11900  -3223.6902170975086     
       11950  -3230.7045588948395     
       12000  -3237.7290090952124     
       12050  -3244.8575605706742     
       12100  -3251.9660361335382     
       12150  -3259.1112933821155     
       12200  -3266.2549760278830     
       12250  -3273.3572269551446     
       12300  -3280.4038490394105     
       12350  -3287.5826909122698     
       12400  -3294.7111130639892     
       12450  -3301.8028255225645     
       12500  -3308.8605912086455     
       12550  -3316.0784716050598     
       12600  -3323.2799934759346     
       12650  -3330.4353296189443     
       12700  -3337.5407186296916     
       12750  -3344.5906823502273     
       12800  -3351.5855682291958     
       12850  -3358.5260191986158     
       12900  -3365.4136885761986     
       12950  -3372.2686670474850     
       13000  -3379.1040302164952     
       13050  -3385.9167437552524     
       13100  -3392.6774518471484     
       13150  -3399.3870798884177     
       13200  -3406.0464173362593     
       13250  -3412.6554956335513     
       13300  -3419.2148816128188     
       13350  -3425.7251558856515     
       13400  -3432.1870986030103     
       13450  -3438.6031294403751     
       13500  -3444.9716341233889     
       13550  -3451.3003332728954     
       13600  -3457.5842898825022     
       13650  -3463.8228200403269     
       13700  -3470.0181386570498     
       13750  -3476.2546257358649     
       13800  -3482.5341068044913     
       13850  -3488.7932339260860     
       13900  -3495.0158300482635     
       13950  -3501.1998832381682     
       14000  -3507.3472976997582     
       14050  -3513.4559639909003     
       14100  -3519.5213452873891     
       14150  -3525.5446509739704     
       14200  -3531.5256072659895     
       14250  -3537.4645919349068     
       14300  -3543.3621344758585     
       14350  -3549.2190460021825     
       14400  -3555.0524767320508     
       14450  -3560.8559672384777     
       14500  -3566.6317082756705     
       14550  -3572.3690594010900     
       14600  -3578.0676152614474     
       14650  -3583.7549505306747     
       14700  -3589.4346052477381     
       14750  -3595.1071779881559     
       14800  -3600.8028204488014     
       14850  -3606.4621849619321     
       14900  -3612.0902325537786     
       14950  -3617.6944796368948     
       15001  -3623.3856391018076     
       15050  -3628.4534645697640     
       15100  -3632.7170034534911     
       15150  -3636.8733406526458     
       15200  -3640.9519909195701     
       15250  -3644.8087554994145     
       15300  -3648.1548742730815     
       15350  -3651.3301029996469     
       15400  -3654.6869719156502     
       15450  -3657.4936285850777     
       15500  -3659.9879949021265     
       15550  -3662.4446043657044     
       15600  -3664.8803568210815     
       15650  -3667.2045524048322     
       15700  -3669.6990486136278     
       15750  -3671.8775998658789     
       15800  -3673.9956925592346     
       15850  -3675.5833791607924     
       15900  -3677.3015455839632     
       15950  -3678.9813888317412     
       16000  -3680.8152385656208     
       16050  -3682.6170009298021     
       16100  -3684.3842711911652     
       16150  -3686.0190037542616     
       16200  -3687.6337599423532     
       16250  -3688.7914310266765     
       16300  -3689.8868923864843     
       16350  -3690.9990632809072     
       16400  -3691.9609452528302     
       16450  -3692.6119351074362     
       16500  -3692.8052303333566     
       16550  -3692.8890821463888     
       16600  -3692.5277717745557     
       16650  -3691.3622053965205     
       16700  -3690.1179817862790     
       16750  -3688.9903774656000     
       16800  -3687.7167629963978     
       16850  -3686.2256793959841     
       16900  -3684.6342808403006     
       16950  -3683.0354212516299     
       17000  -3681.4781219470460     
       17050  -3679.9289136783777     
       17100  -3678.3887651071873     
       17150  -3676.8028106274719     
       17200  -3675.0200461590484     
       17250  -3673.0359935136203     
       17300  -3670.8889394836633     
       17350  -3668.7233554432059     
       17400  -3666.4450947381929     
       17450  -3664.3186789595420     
       17500  -3662.2415491976881     
       17550  -3660.1881135439676     
       17600  -3658.1510637726874     
       17650  -3656.1401800645290     
       17700  -3654.1276952603921     
       17750  -3651.9482197217749     
       17800  -3649.4149126903576     
       17850  -3646.8400389646877     
       17900  -3644.3351261160201     
       17950  -3642.1556236802044     
       18000  -3639.5818074753224     
       18050  -3636.9984682556137     
       18100  -3634.4107670883445     
       18150  -3632.0156750537772     
       18200  -3629.9499417072439     
       18250  -3627.8955274475406     
       18300  -3625.8523394952676     
       18350  -3623.8202860822439     
       18400  -3621.7575985092335     
       18450  -3619.6885466921626     
       18500  -3617.6623179482067     
       18550  -3615.6119872699501     
       18600  -3613.6262463661819     
       18650  -3611.6507940807383     
       18700  -3609.7062846183435     
       18750  -3607.6722405525106     
       18800  -3605.7311540370420     
       18850  -3603.9110644471025     
       18900  -3601.8253117827144     
       18950  -3599.6164057828742     
       19000  -3596.8087551915696     
       19050  -3593.0678988609175     
       19100  -3588.5659148778300     
       19150  -3583.7847604495296     
       19200  -3578.7452281314340     
       19250  -3573.8921281343737     
       19300  -3569.1565768604601     
       19350  -3564.2340860169988     
       19400  -3559.1417456276381     
       19450  -3553.6667916352631     
       19500  -3548.1058865893983     
       19550  -3542.0248554187729     
       19600  -3535.3708804419061     
       19650  -3528.3560072325968     
       19700  -3521.1106761719957     
       19750  -3514.0367873374166     
       19800  -3506.9334516568692     
       19850  -3499.8462953115627     
       19900  -3493.0353502189250     
       19950  -3486.2245415416278     
       20000  -3479.2179746931342     
       20050  -3472.2545324619823     
       20100  -3465.2697320556103     
       20150  -3458.3512687896582     
       20200  -3451.1866127034473     
       20250  -3443.7534936664938     
       20300  -3436.2262783020647     
       20350  -3428.5481303809415     
       20400  -3421.0355086733807     
       20450  -3413.2682979378937     
       20500  -3405.6469664953638     
       20550  -3397.9694372171143     
       20600  -3390.4900275308501     
       20650  -3383.0738630621145     
       20700  -3375.8627965202022     
       20750  -3368.6902431356948     
       20800  -3361.5798262871381     
       20850  -3354.4812953610062     
       20900  -3347.2430536186780     
       20950  -3340.0024533822657     
       21000  -3332.7156902285251     
       21050  -3325.5600313233231     
       21100  -3318.4324355974259     
       21150  -3311.4434030417960     
       21200  -3304.5878890408303     
       21250  -3297.7600369879287     
       21300  -3291.0238516637801     
       21350  -3284.1326705325127     
       21400  -3277.3168090576514     
       21450  -3270.4374717496999     
       21500  -3263.5776517527852     
       21550  -3256.7558937565636     
       21600  -3250.0129485835619     
       21650  -3243.2599371791312     
       21700  -3236.4640677754160     
       21750  -3229.6367125405263     
       21800  -3222.9762188169993     
       21850  -3216.3679383233125     
       21900  -3209.8199146002207     
       21950  -3203.2470479403055     
       22000  -3196.6486647912689     
       22050  -3190.0552875163366     
       22100  -3183.5398374559809     
       22150  -3176.9611163435393     
       22200  -3170.2763445918172     
       22250  -3163.6174842628670     
       22300  -3157.0997266711688     
       22350  -3150.5693236194370     
       22400  -3143.9962989399105     
       22450  -3137.4676618649341     
       22500  -3130.9227056808409     
       22550  -3124.2678473553251     
       22600  -3117.6299860406007     
       22650  -3111.0048556776087     
       22700  -3104.6014030670767     
       22750  -3098.2456013865653     
       22800  -3091.8733826869056     
       22850  -3085.4942014968383     
       22900  -3079.1563021146353     
       22950  -3072.9546377301790     
       23000  -3066.7630402846748     
       23050  -3060.6088387208497     
       23100  -3054.5259797720469     
       23150  -3048.4356895337751     
       23200  -3042.3768052007617     
       23250  -3036.3584304324099     
       23300  -3030.3381215211334     
       23350  -3024.3184864067921     
       23400  -3018.3606980655359     
       23450  -3012.4193434113081     
       23500  -3006.4551808543333     
       23550  -3000.5118651025714     
       23600  -2994.6692273187118     
       23650  -2988.8072509771569     
       23700  -2982.9257330958849     
       23750  -2977.1382101568875     
       23800  -2971.3973777683382     
       23850  -2965.6437783430283     
       23900  -2959.9123896016245     
       23950  -2954.2128381437587     
       24000  -2948.5983951615199     
       24050  -2942.9515855982786     
       24100  -2937.2979805273226     
       24150  -2931.6604393523517     
       24200  -2926.0229297811679     
       24250  -2920.4242835663490     
       24300  -2914.8508594846135     
       24350  -2909.3001074251056     
       24400  -2903.7820427554830     
       24450  -2898.3018215831785     
       24500  -2892.8801423169184     
       24550  -2887.5867389172172     
       24600  -2882.3102428181114     
       24650  -2877.0165880608897     
       24700  -2871.7585133365019     
       24750  -2866.5132642521253     
       24800  -2861.3194308206580     
       24850  -2856.1616352552755     
       24900  -2851.0022293475340     
       24950  -2845.8666343710775     
       25000  -2840.7882569453395     
       25050  -2835.7414866008075     
       25100  -2830.7159115001182     
       25150  -2825.7111133005442     
       25200  -2820.7258292779329     
       25250  -2815.7618788004252     
       25300  -2810.8175486805367     
       25350  -2805.8927228214757     
       25400  -2800.9872860405999     
       25450  -2796.0992604354997     
       25500  -2791.2289464579917     
       25550  -2786.3786592890165     
       25600  -2781.5473185542951     
       25650  -2776.7343768716455     
       25700  -2771.9396905423596     
       25750  -2767.1636243541579     
       25800  -2762.4060700504069     
       25850  -2757.6669202120474     
       25900  -2752.9460682495119     
       25950  -2748.2468744062976     
       26000  -2743.5676768621961     
       26050  -2738.9023811222178     
       26100  -2734.2598450678338     
       26150  -2729.6363009023330     
       26200  -2725.0320276830748     
       26250  -2720.4422931394570     
       26300  -2715.8685834389939     
       26350  -2711.3122312706014     
       26400  -2706.7731380119371     
       26450  -2702.2814565107733     
       26500  -2697.8092436542142     
       26550  -2693.3580827293686     
       26600  -2688.9019428880806     
       26650  -2684.4578354043028     
       26700  -2680.0731909999622     
       26750  -2675.7071072239623     
       26800  -2671.3296819565853     
       26850  -2666.9910378802115     
       26900  -2662.6728967458212     
       26950  -2658.3710178999895     
       27000  -2654.0831944819333     
       27050  -2649.8198045040231     
       27100  -2645.5721465924526     
       27150  -2641.3401338297272     
       27200  -2637.1236799374528     
       27250  -2632.9226992704712     
       27300  -2628.7371068110615     
       27350  -2624.5668181632032     
       27400  -2620.4117495469063     
       27450  -2616.2718177925994     
       27500  -2612.1469403355813     
       27550  -2608.0370352105306     
       27600  -2603.9403848828156     
       27650  -2599.7785236269719     
       27700  -2595.6316871410045     
       27750  -2591.5060359121021     
       27800  -2587.4073196088075     
       27850  -2583.3233204197077     
       27900  -2579.2539592205330     
       27950  -2575.1991574531980     
       28000  -2571.1588371207467     
       28050  -2567.1329207823501     
       28100  -2563.1213315483606     
       28150  -2559.1105017577370     
       28200  -2555.1263146923316     
       28250  -2551.2118806278972     
       28300  -2547.3112784859518     
       28350  -2543.4244350817207     
       28400  -2539.5505146247483     
       28450  -2535.6719280421835     
       28500  -2531.8069505353474     
       28550  -2527.9555106029657     
       28600  -2524.1175372437742     
       28650  -2520.2929599521544     
       28700  -2516.4817087138154     
       28750  -2512.6968388186360     
       28800  -2508.9030023796381     
       28850  -2505.1136318831409     
       28900  -2501.3373733952817     
       28950  -2497.5759141331309     
       29000  -2493.8319308942396     
       29050  -2490.0973374953819     
       29100  -2486.3762130384594     
       29150  -2482.6762757970378     
       29200  -2478.9918683551600     
       29250  -2475.3200571780412     
       29300  -2471.6607777796835     
       29350  -2468.0139661135181     
       29400  -2464.3795585686662     
       29450  -2460.7574919662416     
       29500  -2457.1477035556895     
       29550  -2453.5436900449390     
       29600  -2449.9381883223059     
       29650  -2446.3448468078436     
       29700  -2442.7636040863595     
       29750  -2439.1918372192936     
       29800  -2435.6084725309133     
       29850  -2432.0307598158843     
       29900  -2428.4956902503791     
       29950  -2425.0160184070451     
       30000  -2421.5475825288877     
