  0.27458101276075764       0.84613579948416695        2.9988899100013143E-002   9.9962997000043810E-003   81.811822332909756     
  0.33377724432793165        5.5718128726434828E-002   2.9988899100013143E-002   9.9962997000043810E-003   134.85965567737387     
  0.11246102268126416       0.36703346255011882        2.9988899100013143E-002   9.9962997000043810E-003   104.23552591051894     
  0.23927939012762495       0.54117821348864459        2.9988899100013143E-002   9.9962997000043810E-003   128.29846330074099     
  0.51025048467944678        5.3467730189958346E-002   2.9988899100013143E-002   9.9962997000043810E-003   88.635436450835357     
   7.3858881891462225E-002  0.99699247273152536        2.9988899100013143E-002   9.9962997000043810E-003   51.788432113135570     
  0.83061412189744044       0.39469191835114514        2.9988899100013143E-002   9.9962997000043810E-003   151.87394847687594     
  0.45138511869826747       0.61471564186892091        2.9988899100013143E-002   9.9962997000043810E-003   60.838508689204815     
  0.59447761589602377       0.63132466475720139        2.9988899100013143E-002   9.9962997000043810E-003   97.219966722744118     
   4.3237207272575656E-002  0.44748723302910992        2.9988899100013143E-002   9.9962997000043810E-003   35.833314711615337     
  0.50690469722076548       0.70941298585007384        2.9988899100013143E-002   9.9962997000043810E-003   23.489383255176978     
   5.0511372017523842E-002  0.59792605091258599        2.9988899100013143E-002   9.9962997000043810E-003   27.146795170138400     
  0.21096601392926137       0.17684815732690401        2.9988899100013143E-002   9.9962997000043810E-003   147.39568229957155     
   6.9124421311387657E-002  0.94750030451975431        2.9988899100013143E-002   9.9962997000043810E-003   40.829008564569861     
  0.52660524625561922       0.82226316707143743        2.9988899100013143E-002   9.9962997000043810E-003   140.76000078609212     
  0.18280491102232124       0.81247644101095795        2.9988899100013143E-002   9.9962997000043810E-003   93.219537291052120     
  0.89826543820534233       0.73833784931768565        2.9988899100013143E-002   9.9962997000043810E-003   11.632758216599212     
  0.95041676029185818       0.90790212552771687        2.9988899100013143E-002   9.9962997000043810E-003   137.84559897118061     
  0.42916990802099059       0.61912651509759720        2.9988899100013143E-002   9.9962997000043810E-003   78.179878527899120     
  0.55833872291699838        8.3377575092165437E-002   2.9988899100013143E-002   9.9962997000043810E-003   127.86314468941060     
  0.96739046543803520       0.98035430833905601        2.9988899100013143E-002   9.9962997000043810E-003   48.341461208893080     
  0.20812606029801739       0.41122935905885066        2.9988899100013143E-002   9.9962997000043810E-003   21.043255988823603     
  0.16080075407344369       0.65232222203206891        2.9988899100013143E-002   9.9962997000043810E-003   56.567826293066716     
  0.21065440207636424       0.42418824582106357        2.9988899100013143E-002   9.9962997000043810E-003   178.04624491205013     
  0.63839534753278737       0.58754438581356505        2.9988899100013143E-002   9.9962997000043810E-003   127.64485963681393     
  0.52348303651383976        5.8379864393190060E-002   2.9988899100013143E-002   9.9962997000043810E-003   129.52430316669205     
  0.19083712167160369       0.50143771238071833        2.9988899100013143E-002   9.9962997000043810E-003   107.11334759585306     
  0.94772295336431334       0.95797408211646007        2.9988899100013143E-002   9.9962997000043810E-003   82.546789510397758     
  0.20513356462647975       0.16822057907027838        2.9988899100013143E-002   9.9962997000043810E-003   141.66918459435954     
  0.18049212708205151       0.49802677913786420        2.9988899100013143E-002   9.9962997000043810E-003   119.57046100543309     
  0.33177651314572976       0.22946419979363464        2.9988899100013143E-002   9.9962997000043810E-003   101.05520493662563     
  0.31885033731084794       0.21786734408728273        2.9988899100013143E-002   9.9962997000043810E-003   159.81977778798023     
  0.24870681788827195       0.41385329846383190        2.9988899100013143E-002   9.9962997000043810E-003   138.34859904070893     
  0.34985884173680171       0.46375941984982216        2.9988899100013143E-002   9.9962997000043810E-003   18.926764330256248     
  0.76181243071264348       0.24009813200297309        2.9988899100013143E-002   9.9962997000043810E-003   20.609657929894016     
   5.6214068556086488E-002  0.31409581847317880        2.9988899100013143E-002   9.9962997000043810E-003   167.13970230024992     
  0.32653402309212037       0.91273936810011869        2.9988899100013143E-002   9.9962997000043810E-003   123.67676087516577     
  0.23346455451201462       0.45342462291364161        2.9988899100013143E-002   9.9962997000043810E-003   68.504566172318576     
  0.48184748005633177       0.89097911491274051        2.9988899100013143E-002   9.9962997000043810E-003   1.5497819363286083     
   6.6541253428909250E-002   5.1712395609032182E-003   2.9988899100013143E-002   9.9962997000043810E-003   49.036784427299480     
   9.8410413292083485E-002   9.7740444054352615E-002   2.9988899100013143E-002   9.9962997000043810E-003   134.38184704257037     
  0.66839471779105475       0.26503924751964009        2.9988899100013143E-002   9.9962997000043810E-003   101.72519287031209     
  0.11334177942970781       0.81919996430650244        2.9988899100013143E-002   9.9962997000043810E-003   70.091032190824748     
  0.17637108412851563       0.23122700661704740        2.9988899100013143E-002   9.9962997000043810E-003   52.389239548745273     
  0.30462909056873577        7.0250350566943232E-002   2.9988899100013143E-002   9.9962997000043810E-003   99.651410417803518     
  0.68141244347271801       0.94768233156163928        2.9988899100013143E-002   9.9962997000043810E-003   137.88292584104866     
  0.99120606570727254       0.29125898542895817        2.9988899100013143E-002   9.9962997000043810E-003   125.88728143457273     
  0.62752316476840952       0.22095456720636486        2.9988899100013143E-002   9.9962997000043810E-003   159.76045200747365     
   8.6428026605716746E-002  0.60214829437726636        2.9988899100013143E-002   9.9962997000043810E-003   43.134471284891504     
  0.63142519990196111       0.43425979090155542        2.9988899100013143E-002   9.9962997000043810E-003   113.52849692312175     
   6.2396464378945533E-002  0.88999387005898978        2.9988899100013143E-002   9.9962997000043810E-003   51.586923513043907     
  0.57123364425364120       0.70125946174612341        2.9988899100013143E-002   9.9962997000043810E-003   172.49267549830367     
   9.1850625113397200E-002  0.48885705984429539        2.9988899100013143E-002   9.9962997000043810E-003   161.27191261416888     
  0.34016394874642553       0.66810860046412468        2.9988899100013143E-002   9.9962997000043810E-003   101.53138468701751     
   7.3758577982155057E-002  0.12890943537359933        2.9988899100013143E-002   9.9962997000043810E-003   155.95951688269105     
  0.25914183414407577       0.72978630797174060        2.9988899100013143E-002   9.9962997000043810E-003   100.19952324380141     
  0.88479198469397369       0.42805077380755624        2.9988899100013143E-002   9.9962997000043810E-003   31.200830838210237     
  0.31345130235955126       0.75475793992369766        2.9988899100013143E-002   9.9962997000043810E-003   78.791276049222077     
  0.16721217603567290       0.57281546290808349        2.9988899100013143E-002   9.9962997000043810E-003   23.428593898159676     
  0.98064807192633541       0.69354778464102185        2.9988899100013143E-002   9.9962997000043810E-003   58.780909056485292     
  0.45199090589528135       0.97891086294933061        2.9988899100013143E-002   9.9962997000043810E-003   28.905058092172226     
   5.7626166062420513E-002  0.34344644410916553        2.9988899100013143E-002   9.9962997000043810E-003   7.0500243724100624     
  0.29548769531570829       0.78457920347274723        2.9988899100013143E-002   9.9962997000043810E-003   95.393792310251087     
  0.68526247892175940       0.55853097598831436        2.9988899100013143E-002   9.9962997000043810E-003   130.99075975465337     
  0.71348623598787264       0.69159976146138535        2.9988899100013143E-002   9.9962997000043810E-003   102.57327275663995     
  0.11907851287213524        2.0334191153540432E-002   2.9988899100013143E-002   9.9962997000043810E-003   99.956444860807537     
  0.61621331181643546       0.38858598461937766        2.9988899100013143E-002   9.9962997000043810E-003   156.87767083202581     
  0.42936184410270256        5.1929560143561558E-002   2.9988899100013143E-002   9.9962997000043810E-003   150.71794077126540     
  0.71558543564819599       0.97579044330924403        2.9988899100013143E-002   9.9962997000043810E-003   58.801452348997557     
  0.97012636580208855       0.70250216539094645        2.9988899100013143E-002   9.9962997000043810E-003   22.851099839593978     
  0.42063126361019931       0.14591971283314767        2.9988899100013143E-002   9.9962997000043810E-003   62.760107610658345     
  0.83917002401361485       0.84023006661473487        2.9988899100013143E-002   9.9962997000043810E-003   3.2653066027215960     
  0.13701095950341335       0.47746653091127655        2.9988899100013143E-002   9.9962997000043810E-003   174.83993491898030     
  0.43535036534224325       0.29468214552444216        2.9988899100013143E-002   9.9962997000043810E-003   155.87257317461479     
  0.59961536851120478       0.26284353895562235        2.9988899100013143E-002   9.9962997000043810E-003   158.50464593288251     
  0.61750657256792352       0.58740772491391524        2.9988899100013143E-002   9.9962997000043810E-003   49.696398241070035     
  0.26445030915731105       0.23144305855573888        2.9988899100013143E-002   9.9962997000043810E-003   43.464672320521039     
  0.62511780712100784       0.87621442297570762        2.9988899100013143E-002   9.9962997000043810E-003   174.58308927531476     
  0.47966559931540015       0.40978999355480306        2.9988899100013143E-002   9.9962997000043810E-003   136.51769325812532     
  0.69853874049450326       0.87396554387502745        2.9988899100013143E-002   9.9962997000043810E-003   166.93147830975971     
  0.98198081371849577       0.90249327480314057        2.9988899100013143E-002   9.9962997000043810E-003   21.557082520961764     
  0.25925256092337978        8.5750776779949495E-002   2.9988899100013143E-002   9.9962997000043810E-003   44.505733667634132     
  0.39432696267594719       0.90910810374579043        2.9988899100013143E-002   9.9962997000043810E-003   46.858944940152725     
   8.7331837677222524E-002   9.1463048514291989E-002   2.9988899100013143E-002   9.9962997000043810E-003   109.95163300651535     
  0.14130868813902814       0.50131895468958454        2.9988899100013143E-002   9.9962997000043810E-003  0.76537707078133232     
   9.6754160941530415E-002  0.49980838495813895        2.9988899100013143E-002   9.9962997000043810E-003   145.95901605836877     
  0.15177334424290387       0.96160444194060657        2.9988899100013143E-002   9.9962997000043810E-003   154.65732038434234     
  0.62093856578809070       0.16213791939349742        2.9988899100013143E-002   9.9962997000043810E-003   135.65553380163405     
  0.53437968852024664       0.13231659166647983        2.9988899100013143E-002   9.9962997000043810E-003   43.682939498010022     
  0.96058010301513475       0.53750850826911178        2.9988899100013143E-002   9.9962997000043810E-003   98.984354350096638     
   9.5583793765223801E-002  0.13733952135742519        2.9988899100013143E-002   9.9962997000043810E-003   65.694887751743877     
  0.23908241715453130       0.98960048682635970        2.9988899100013143E-002   9.9962997000043810E-003   164.50763239718447     
  0.63151956802691001       0.48934369549280071        2.9988899100013143E-002   9.9962997000043810E-003   67.819524591164466     
  0.67978391902593049        9.7790288522886806E-002   2.9988899100013143E-002   9.9962997000043810E-003   117.22911526843663     
  0.35514006301497270        3.4233707337087360E-002   2.9988899100013143E-002   9.9962997000043810E-003   130.73140625407433     
  0.33547880222121584       0.35456561172743706        2.9988899100013143E-002   9.9962997000043810E-003   52.944208945034887     
  0.45040700411638029       0.40709274280344754        2.9988899100013143E-002   9.9962997000043810E-003   78.800712375929834     
  0.88783757302241162       0.75198713295470021        2.9988899100013143E-002   9.9962997000043810E-003   62.550897167914655     
  0.92337437060185312       0.73526837178500160        2.9988899100013143E-002   9.9962997000043810E-003   9.2489760530474427     
   2.2316904899015990E-003  0.10628909842726451        2.9988899100013143E-002   9.9962997000043810E-003   92.166878144109930     
  0.94090380754814829       0.75243108612924015        2.9988899100013143E-002   9.9962997000043810E-003   122.25451485446362     
  0.47601652166703790       0.84525451769227411        2.9988899100013143E-002   9.9962997000043810E-003   134.75297583500060     
  0.61900173290552407       0.95987223232065511        2.9988899100013143E-002   9.9962997000043810E-003   129.06038858258771     
  0.35179692853793054       0.83571793557441065        2.9988899100013143E-002   9.9962997000043810E-003   112.22668919072885     
  0.45769663114428982       0.34993657614970886        2.9988899100013143E-002   9.9962997000043810E-003   148.17179886652292     
  0.59041116689214734        3.4445722396724644E-002   2.9988899100013143E-002   9.9962997000043810E-003   121.45434504473550     
  0.88777563586592878       0.29590182233363643        2.9988899100013143E-002   9.9962997000043810E-003   131.60488367309563     
  0.13546163480984036       0.40627054370512528        2.9988899100013143E-002   9.9962997000043810E-003   149.98467556955174     
  0.81916470753674164       0.64081064611334349        2.9988899100013143E-002   9.9962997000043810E-003   39.199933718654492     
  0.10281253080801861       0.36210418656598908        2.9988899100013143E-002   9.9962997000043810E-003   116.55841713327239     
  0.75114979956288930       0.55167862318704253        2.9988899100013143E-002   9.9962997000043810E-003   87.687592649341255     
   7.4231815973407153E-002  0.67976293190290593        2.9988899100013143E-002   9.9962997000043810E-003   128.43926941735572     
   9.2397084941422694E-002  0.59354167387242407        2.9988899100013143E-002   9.9962997000043810E-003   39.789841282710668     
  0.46069452690021095       0.40369125544469553        2.9988899100013143E-002   9.9962997000043810E-003   73.927950941666879     
  0.54225032727395783       0.42451832972496434        2.9988899100013143E-002   9.9962997000043810E-003   156.62701916545470     
  0.25477785851386398       0.23800821864376306        2.9988899100013143E-002   9.9962997000043810E-003   64.457794495119046     
  0.47474119947016258       0.51838343557751398        2.9988899100013143E-002   9.9962997000043810E-003   158.92786704975586     
  0.43433582227063972       0.45237401019213141        2.9988899100013143E-002   9.9962997000043810E-003   152.95557658920248     
  0.90918799844640485       0.50447360762224647        2.9988899100013143E-002   9.9962997000043810E-003   161.89752390528542     
  0.28966761919888384       0.83244792322063110        2.9988899100013143E-002   9.9962997000043810E-003   8.0070728064054553     
  0.69273474709050309       0.68806760148332857        2.9988899100013143E-002   9.9962997000043810E-003   112.79503700606436     
   8.6440261691223277E-002  0.15123475723187574        2.9988899100013143E-002   9.9962997000043810E-003   10.474027731824833     
  0.95135545739595340       0.98466635655245638        2.9988899100013143E-002   9.9962997000043810E-003   103.93299303869922     
  0.28364113347196507        9.0814440085133646E-002   2.9988899100013143E-002   9.9962997000043810E-003   150.57145865288282     
  0.23816502225596764        6.3495202927665667E-002   2.9988899100013143E-002   9.9962997000043810E-003   48.552841204913101     
  0.32517696859519329       0.74649773472506198        2.9988899100013143E-002   9.9962997000043810E-003   36.348447752705802     
  0.43773560540526640       0.46431290174417572        2.9988899100013143E-002   9.9962997000043810E-003   165.52240522480781     
  0.96322728724940498       0.75899625956373118        2.9988899100013143E-002   9.9962997000043810E-003   78.934066431548274     
   9.0705651000242998E-002  0.89139642201090619        2.9988899100013143E-002   9.9962997000043810E-003   135.40649653903776     
  0.70739883834456385       0.94752128698824678        2.9988899100013143E-002   9.9962997000043810E-003   33.401551689781193     
  0.57688622328038508       0.85004628647331293        2.9988899100013143E-002   9.9962997000043810E-003   45.237851468947426     
  0.99185357144274999       0.10501227272128223        2.9988899100013143E-002   9.9962997000043810E-003   96.723337876370053     
  0.12655286946598468       0.79486999769864652        2.9988899100013143E-002   9.9962997000043810E-003   6.3434200206262537     
  0.41007401630196344       0.97723000147334627        2.9988899100013143E-002   9.9962997000043810E-003   68.834308509908709     
  0.42179801007163603       0.79295436562060961        2.9988899100013143E-002   9.9962997000043810E-003   131.53990431776822     
  0.30202616101749952       0.97720002342502577        2.9988899100013143E-002   9.9962997000043810E-003   153.89703364006610     
   6.8281513031177993E-002  0.17714752528833960        2.9988899100013143E-002   9.9962997000043810E-003   109.65058332160096     
  0.30802946800077780       0.57016891653059865        2.9988899100013143E-002   9.9962997000043810E-003   35.157492936070490     
  0.80543473813649569       0.33016467516917486        2.9988899100013143E-002   9.9962997000043810E-003   43.791078458885508     
  0.18713065171302609       0.30419187213245952        2.9988899100013143E-002   9.9962997000043810E-003   165.81684937953582     
  0.84270987241630801       0.87641504639424528        2.9988899100013143E-002   9.9962997000043810E-003   115.00846546595898     
  0.74203416632092922       0.63707340285319791        2.9988899100013143E-002   9.9962997000043810E-003   152.03423448810818     
  0.49672988167940990       0.74652770550910830        2.9988899100013143E-002   9.9962997000043810E-003   45.035911529349384     
  0.65452539772642426       0.41954508552987863        2.9988899100013143E-002   9.9962997000043810E-003   4.3862938693887470     
   9.2494447558398848E-002  0.85871797923626336        2.9988899100013143E-002   9.9962997000043810E-003   87.889831716956422     
  0.56495144699204536       0.44245486214879542        2.9988899100013143E-002   9.9962997000043810E-003   141.49978120950112     
  0.65462136743916921       0.78325567024813580        2.9988899100013143E-002   9.9962997000043810E-003   72.152652181440700     
  0.38749481199589414       0.56034721278876243        2.9988899100013143E-002   9.9962997000043810E-003   174.35869342763394     
  0.40854241678099124       0.88962401538867864        2.9988899100013143E-002   9.9962997000043810E-003   7.3950833611106699     
  0.96679545454096705       0.22921383525613118        2.9988899100013143E-002   9.9962997000043810E-003   27.172868610915646     
  0.43844096390762149       0.51034864229830224        2.9988899100013143E-002   9.9962997000043810E-003   1.0018224463122465     
   6.3843295225528271E-002  0.96072246557415208        2.9988899100013143E-002   9.9962997000043810E-003   2.4958012228100870     
  0.79837689858555982        5.2098466025401913E-002   2.9988899100013143E-002   9.9962997000043810E-003   176.29845160682146     
  0.90281626768998180       0.27017524717880936        2.9988899100013143E-002   9.9962997000043810E-003   79.353122471140423     
  0.51409320878451670       0.90665021593340334        2.9988899100013143E-002   9.9962997000043810E-003   156.18634095477825     
  0.88621818580665424       0.93280576311423913        2.9988899100013143E-002   9.9962997000043810E-003   135.27955884358963     
  0.51171144571022742       0.47048137012000890        2.9988899100013143E-002   9.9962997000043810E-003   117.34723131592136     
  0.31597583667564672       0.56182798106618337        2.9988899100013143E-002   9.9962997000043810E-003   38.837733383619849     
  0.47516812876086406       0.53968391417650097        2.9988899100013143E-002   9.9962997000043810E-003   3.4511298718145289     
  0.17925574180950812       0.69344918858347915        2.9988899100013143E-002   9.9962997000043810E-003   81.777900706800423     
  0.80284922703641448       0.68291298242034171        2.9988899100013143E-002   9.9962997000043810E-003   85.795637900302751     
  0.48501123754993097       0.88059152772479565        2.9988899100013143E-002   9.9962997000043810E-003   172.63022072569876     
  0.15951195317096512       0.98181101240222002        2.9988899100013143E-002   9.9962997000043810E-003   156.14864383527765     
  0.34454425930637778       0.22861725943027314        2.9988899100013143E-002   9.9962997000043810E-003   72.228480104320113     
  0.81311176405835861       0.24546098285847306        2.9988899100013143E-002   9.9962997000043810E-003   155.17753969393246     
  0.55029096479146600       0.51036945885019691        2.9988899100013143E-002   9.9962997000043810E-003   106.37470537673212     
  0.62462517644075144       0.78946325687670438        2.9988899100013143E-002   9.9962997000043810E-003   3.6950661277308225     
   6.9179723921913377E-002   9.4975584185331169E-002   2.9988899100013143E-002   9.9962997000043810E-003   48.057428607894778     
  0.74352394094337393       0.24923544393308097        2.9988899100013143E-002   9.9962997000043810E-003   98.445348855506012     
  0.12838692356710996       0.30314320959918989        2.9988899100013143E-002   9.9962997000043810E-003   80.872807019710805     
  0.68899351690103317       0.23641811856859354        2.9988899100013143E-002   9.9962997000043810E-003   156.53061308181009     
  0.87941814525900441       0.43674931922227384        2.9988899100013143E-002   9.9962997000043810E-003   32.042941417382110     
  0.50280934958919365       0.83188039210876474        2.9988899100013143E-002   9.9962997000043810E-003   15.052692275018826     
  0.40399657404355582       0.12272264811448190        2.9988899100013143E-002   9.9962997000043810E-003   59.944341052681665     
  0.66326053174455069       0.57863522947173462        2.9988899100013143E-002   9.9962997000043810E-003   147.09282123525153     
  0.62612974656656906       0.97283369018787669        2.9988899100013143E-002   9.9962997000043810E-003   172.84588411841548     
  0.24220044321157760       0.40556247938190459        2.9988899100013143E-002   9.9962997000043810E-003   149.89449142619586     
  0.93857600523923002       0.16743030605328760        2.9988899100013143E-002   9.9962997000043810E-003   76.871117033318143     
  0.89962314975448754       0.79619219628151927        2.9988899100013143E-002   9.9962997000043810E-003   35.799296035403458     
  0.11403748591463518       0.23622642700665769        2.9988899100013143E-002   9.9962997000043810E-003   55.542272810867608     
  0.38116996703489725       0.88448155939637985        2.9988899100013143E-002   9.9962997000043810E-003   59.275314085838239     
  0.27072519216862173       0.97840868729684993        2.9988899100013143E-002   9.9962997000043810E-003   179.24924809238223     
  0.59651938283478756       0.37972972464279542        2.9988899100013143E-002   9.9962997000043810E-003   72.723405995634153     
  0.21386589580483734       0.99700444447509873        2.9988899100013143E-002   9.9962997000043810E-003   110.89440127114025     
  0.97465818618566991       0.49420257582806110        2.9988899100013143E-002   9.9962997000043810E-003   165.53694476729274     
  0.57468711210749124       0.16648748660531856        2.9988899100013143E-002   9.9962997000043810E-003   116.30730858613795     
  0.61440456953503597       0.20656357646246368        2.9988899100013143E-002   9.9962997000043810E-003   91.706154210503726     
  0.80288280305905013        4.1926340636179373E-002   2.9988899100013143E-002   9.9962997000043810E-003   6.1094826940940834     
  0.43472363519111740       0.40350354489808249        2.9988899100013143E-002   9.9962997000043810E-003   130.51582433485660     
   2.9901590223517550E-002  0.60565154871860771        2.9988899100013143E-002   9.9962997000043810E-003   111.29033622060837     
  0.37764786572528286       0.65657683768894404        2.9988899100013143E-002   9.9962997000043810E-003   59.274066128207195     
  0.20699537681117691       0.74144855544097421        2.9988899100013143E-002   9.9962997000043810E-003   40.436717516566141     
  0.82626394860415253       0.69226365698354253        2.9988899100013143E-002   9.9962997000043810E-003   122.45563799642457     
  0.26204734294117510       0.54006749455390501        2.9988899100013143E-002   9.9962997000043810E-003   39.654490678865322     
  0.56088233491060169       0.22319794044448885        2.9988899100013143E-002   9.9962997000043810E-003   52.042719506486854     
  0.33366884130321700       0.85101313126009970        2.9988899100013143E-002   9.9962997000043810E-003   7.1355379836264685     
  0.43584028470227171       0.52195675937592079        2.9988899100013143E-002   9.9962997000043810E-003   25.976549716203809     
  0.28240615423705689       0.39854644006124712        2.9988899100013143E-002   9.9962997000043810E-003   78.964189151980008     
  0.56244740850803798       0.85501415485308929        2.9988899100013143E-002   9.9962997000043810E-003   87.525605004130128     
  0.81347440332327481       0.73599506447480334        2.9988899100013143E-002   9.9962997000043810E-003   86.597905059727793     
  0.34945632003620614       0.74796139513617454        2.9988899100013143E-002   9.9962997000043810E-003   131.43374283372802     
  0.90844738693390270       0.78779938047587750        2.9988899100013143E-002   9.9962997000043810E-003   57.570595547557168     
  0.63015680163840593       0.86448172056883543        2.9988899100013143E-002   9.9962997000043810E-003   19.663340225296054     
  0.48879995112143548       0.92229425607289295        2.9988899100013143E-002   9.9962997000043810E-003   144.01708726652546     
  0.29468231971296055       0.38965476864374299        2.9988899100013143E-002   9.9962997000043810E-003   35.072355527500726     
  0.18015919459296603        6.2043358422462988E-002   2.9988899100013143E-002   9.9962997000043810E-003   74.913375792390156     
  0.27398776389110713       0.96758222699013685        2.9988899100013143E-002   9.9962997000043810E-003   3.9676079287876709     
   3.9446494381163814E-002  0.88844138323301824        2.9988899100013143E-002   9.9962997000043810E-003   145.76270288314191     
  0.97600158613573573        4.0860767269030457E-002   2.9988899100013143E-002   9.9962997000043810E-003   100.67089837744197     
  0.50068525086805737       0.52351586344002521        2.9988899100013143E-002   9.9962997000043810E-003   178.93439233206368     
  0.12329645421192205       0.87938032561681601        2.9988899100013143E-002   9.9962997000043810E-003   60.154072584396317     
  0.87721499689301363       0.66882061601329235        2.9988899100013143E-002   9.9962997000043810E-003   126.67452047804102     
  0.44845612898715898       0.65535893828997627        2.9988899100013143E-002   9.9962997000043810E-003   72.407144739575358     
  0.12771664053349380       0.75572963706014151        2.9988899100013143E-002   9.9962997000043810E-003   177.56523390023267     
  0.84192982515193249       0.82821330721787090        2.9988899100013143E-002   9.9962997000043810E-003   28.920935990186198     
  0.52402026044805650       0.41491511138345860        2.9988899100013143E-002   9.9962997000043810E-003   79.664728126023832     
  0.70607682962769980       0.88461654786765653        2.9988899100013143E-002   9.9962997000043810E-003   135.86656899431642     
   4.4968938037313680E-002   6.2675038880209543E-003   2.9988899100013143E-002   9.9962997000043810E-003   128.28287125474031     
  0.51192087039212497       0.13081307482067639        2.9988899100013143E-002   9.9962997000043810E-003   129.74148067623651     
   5.4643889285491382E-002  0.35362523787901307        2.9988899100013143E-002   9.9962997000043810E-003   19.690391413487152     
  0.91989555778971310       0.57840956212547001        2.9988899100013143E-002   9.9962997000043810E-003   176.72625653759195     
  0.19415169732678472       0.81616154615586689        2.9988899100013143E-002   9.9962997000043810E-003   114.33696992608832     
  0.11469040147433249       0.39970275384699938        2.9988899100013143E-002   9.9962997000043810E-003   65.071381000367637     
  0.16282172757918598       0.89122169832243325        2.9988899100013143E-002   9.9962997000043810E-003   25.134060893624635     
  0.87225474364159750       0.52743306585808658        2.9988899100013143E-002   9.9962997000043810E-003   89.784108431147970     
   5.4852438223829451E-002  0.97578263273589294        2.9988899100013143E-002   9.9962997000043810E-003   60.933995840088294     
  0.25338788183221811       0.46723718610937054        2.9988899100013143E-002   9.9962997000043810E-003   172.36834313432183     
  0.36074934968570882       0.63347529281916859        2.9988899100013143E-002   9.9962997000043810E-003   70.515976686197334     
  0.37605790320768906       0.17420169352343035        2.9988899100013143E-002   9.9962997000043810E-003   108.43381370807727     
  0.42766182932238689       0.98330312106574147        2.9988899100013143E-002   9.9962997000043810E-003   132.68273322588408     
  0.96252502856188726       0.60081043285214053        2.9988899100013143E-002   9.9962997000043810E-003   129.08548658702819     
  0.49670784640422494       0.92970292500951424        2.9988899100013143E-002   9.9962997000043810E-003   127.54606859708009     
  0.24767276057740903       0.66717125354823870        2.9988899100013143E-002   9.9962997000043810E-003   13.191915541800121     
  0.80699025628889187       0.78226772277079559        2.9988899100013143E-002   9.9962997000043810E-003   84.799770150091717     
  0.83336673760402413       0.43871356299914466        2.9988899100013143E-002   9.9962997000043810E-003   63.858856551117640     
  0.36731001027790600       0.66131025192250625        2.9988899100013143E-002   9.9962997000043810E-003   66.783183553987470     
  0.23194058927567512       0.97498249853244856        2.9988899100013143E-002   9.9962997000043810E-003   128.84602388525943     
  0.97579153355785186       0.60567079231189602        2.9988899100013143E-002   9.9962997000043810E-003   93.050307301700187     
  0.79572613513381818       0.64383239603970155        2.9988899100013143E-002   9.9962997000043810E-003   140.33668802055462     
   7.9637405075329071E-002  0.25874606367109754        2.9988899100013143E-002   9.9962997000043810E-003   126.24322516106730     
  0.44002469674601402       0.34208819464053691        2.9988899100013143E-002   9.9962997000043810E-003   81.527460661173876     
  0.81587792094377432       0.93744186454885936        2.9988899100013143E-002   9.9962997000043810E-003   54.945979587458197     
  0.52716166465403203       0.66167073597618742        2.9988899100013143E-002   9.9962997000043810E-003   146.34639263522973     
  0.60635789460298795       0.63002936970828105        2.9988899100013143E-002   9.9962997000043810E-003   76.949515449678913     
  0.96857868112733980       0.48221592318746620        2.9988899100013143E-002   9.9962997000043810E-003   132.81183665362471     
  0.64543167855146144       0.48758811052436857        2.9988899100013143E-002   9.9962997000043810E-003   105.64718088694400     
  0.92633730030675610       0.44519734620100637        2.9988899100013143E-002   9.9962997000043810E-003   47.580334712671323     
  0.60315920917615196       0.50536758083003674        2.9988899100013143E-002   9.9962997000043810E-003   37.466247165170955     
   9.8256054701553561E-002  0.58449654447510790        2.9988899100013143E-002   9.9962997000043810E-003   35.372501029243040     
  0.71909919588878790       0.11262838139775992        2.9988899100013143E-002   9.9962997000043810E-003   30.477730257719323     
  0.84599328183634237       0.46428874716520124        2.9988899100013143E-002   9.9962997000043810E-003   50.739240992970515     
  0.64615433066392791       0.15748972209537443        2.9988899100013143E-002   9.9962997000043810E-003   26.668619364887775     
  0.54903294833865135       0.87656893811825232        2.9988899100013143E-002   9.9962997000043810E-003   122.19615293581643     
   5.5853575465845198E-003  0.22476553153709075        2.9988899100013143E-002   9.9962997000043810E-003   81.571847154343033     
  0.34265342125779930       0.69241575911027775        2.9988899100013143E-002   9.9962997000043810E-003   99.196077497520747     
  0.98870808752307304        4.6597114982176550E-002   2.9988899100013143E-002   9.9962997000043810E-003   139.21233561474293     
  0.62792675048890068       0.77569348660732518        2.9988899100013143E-002   9.9962997000043810E-003   43.320044325526695     
  0.12591276903347520       0.74545934706752859        2.9988899100013143E-002   9.9962997000043810E-003   2.8719819635704464     
  0.17639591187048326       0.54825938293380250        2.9988899100013143E-002   9.9962997000043810E-003   7.7596643541806714     
  0.20964590009927447       0.49496666396375927        2.9988899100013143E-002   9.9962997000043810E-003   33.549877866050053     
  0.70290233749229891       0.69018696606159180        2.9988899100013143E-002   9.9962997000043810E-003   103.60042768625375     
  0.16359007473210707       0.99456986155883176        2.9988899100013143E-002   9.9962997000043810E-003  0.59918760598215703     
   8.2411056942026412E-002  0.94231721779341360        2.9988899100013143E-002   9.9962997000043810E-003   82.141507434671809     
  0.87421466308816465       0.11263150613341438        2.9988899100013143E-002   9.9962997000043810E-003   13.227717313615592     
  0.88658705316154340        1.7480607903861384E-002   2.9988899100013143E-002   9.9962997000043810E-003   1.7895068207793301     
  0.94225142250245542       0.32742042274110805        2.9988899100013143E-002   9.9962997000043810E-003   42.586670507847792     
  0.78973830887308483       0.77525819058032719        2.9988899100013143E-002   9.9962997000043810E-003   146.45539309489931     
  0.41456085541253884       0.71905097290796760        2.9988899100013143E-002   9.9962997000043810E-003   34.658237788337381     
  0.33219062209029526       0.12472083209952169        2.9988899100013143E-002   9.9962997000043810E-003   130.12269529743543     
  0.97286224412749434       0.41897632959492781        2.9988899100013143E-002   9.9962997000043810E-003   64.639368069053759     
  0.54730671623931404       0.73879427045510715        2.9988899100013143E-002   9.9962997000043810E-003   118.04955456881417     
  0.78165528353164437       0.91009802532780593        2.9988899100013143E-002   9.9962997000043810E-003   94.646760610618927     
  0.38684632529056379       0.57218292775925095        2.9988899100013143E-002   9.9962997000043810E-003   17.322842736701308     
  0.47677193091841796       0.52965980899765619        2.9988899100013143E-002   9.9962997000043810E-003  0.63256112009645182     
  0.53178531901070658       0.96353730544343663        2.9988899100013143E-002   9.9962997000043810E-003   43.143344410082456     
  0.41039140004959823       0.47123978932215593        2.9988899100013143E-002   9.9962997000043810E-003   122.11064465292952     
  0.80772188599162431       0.94505360084325229        2.9988899100013143E-002   9.9962997000043810E-003   38.804331038085806     
   4.2082424316896454E-002  0.18314706371413100        2.9988899100013143E-002   9.9962997000043810E-003   50.878719245638294     
  0.65806764900730852       0.56780591096451805        2.9988899100013143E-002   9.9962997000043810E-003   165.27235706227381     
  0.16946373588002106       0.72381300059383091        2.9988899100013143E-002   9.9962997000043810E-003   108.38988343399953     
  0.81690463299528382       0.68772379045207555        2.9988899100013143E-002   9.9962997000043810E-003   122.86892271337958     
  0.98124478027907214       0.40705036459781624        2.9988899100013143E-002   9.9962997000043810E-003   25.045977811519112     
  0.37046590783786232       0.54668562999354076        2.9988899100013143E-002   9.9962997000043810E-003   87.628978029574782     
  0.61218404677938087       0.80336122140791510        2.9988899100013143E-002   9.9962997000043810E-003   69.338362334650370     
  0.91333556400774019        7.9501482287331511E-003   2.9988899100013143E-002   9.9962997000043810E-003   143.16521841289639     
  0.30353222731512008       0.92363056962662071        2.9988899100013143E-002   9.9962997000043810E-003   11.283963163912700     
  0.54721006170209474       0.22850417511480151        2.9988899100013143E-002   9.9962997000043810E-003   91.902434287223457     
   3.0341384336981043E-002  0.93701096854290578        2.9988899100013143E-002   9.9962997000043810E-003   73.055740076227991     
  0.19155078128511943       0.22758888946633038        2.9988899100013143E-002   9.9962997000043810E-003   95.758879645496975     
  0.41019499763584016       0.61377451503726022        2.9988899100013143E-002   9.9962997000043810E-003   135.39220168666782     
  0.73836721829999008       0.84923504666361049        2.9988899100013143E-002   9.9962997000043810E-003   79.545136079581724     
  0.86940216960697236       0.95223716215597254        2.9988899100013143E-002   9.9962997000043810E-003   151.41930354113728     
   2.0696772721454509E-002  0.94017822039990018        2.9988899100013143E-002   9.9962997000043810E-003   72.203120193567685     
  0.93896748216520676       0.38873837401819772        2.9988899100013143E-002   9.9962997000043810E-003   132.44130860502420     
  0.12951836477305184       0.78221213068491158        2.9988899100013143E-002   9.9962997000043810E-003   22.641131569629621     
  0.53700133175324583       0.54317924493053094        2.9988899100013143E-002   9.9962997000043810E-003   130.97976383347063     
  0.14264183698901500       0.30562715308257404        2.9988899100013143E-002   9.9962997000043810E-003   120.14351414898348     
  0.63317130076677763       0.29979867412012040        2.9988899100013143E-002   9.9962997000043810E-003   121.46775459207555     
  0.45847091510537641       0.90415246914921410        2.9988899100013143E-002   9.9962997000043810E-003   121.51588530389138     
  0.36610859490730069       0.30046378993202694        2.9988899100013143E-002   9.9962997000043810E-003   49.277878276360980     
  0.72299266959014752       0.75779772540987378        2.9988899100013143E-002   9.9962997000043810E-003   161.24348574839360     
  0.29662675054119342       0.28825932784123748        2.9988899100013143E-002   9.9962997000043810E-003   33.924276335892962     
  0.44022549244499115       0.61901778093561677        2.9988899100013143E-002   9.9962997000043810E-003   86.773803605592491     
  0.39047520736583691       0.72217419299300312        2.9988899100013143E-002   9.9962997000043810E-003   135.19917199128756     
  0.73363479954871813       0.42016984405021229        2.9988899100013143E-002   9.9962997000043810E-003   7.2505564812092587     
  0.68994693652909511       0.11023949491431574        2.9988899100013143E-002   9.9962997000043810E-003   160.08394829166846     
  0.95047441711850678       0.32026081105873205        2.9988899100013143E-002   9.9962997000043810E-003   52.637407709462416     
  0.98012000970498403       0.52686916919775650        2.9988899100013143E-002   9.9962997000043810E-003   9.9873907626272249     
  0.85461299284585157       0.45753480049030876        2.9988899100013143E-002   9.9962997000043810E-003   39.251346004132373     
  0.53151475222947564       0.33766347854128792        2.9988899100013143E-002   9.9962997000043810E-003   161.85857146767836     
   2.8926303791784312E-002  0.50996983077261870        2.9988899100013143E-002   9.9962997000043810E-003   129.43762713516983     
   9.3046568261658088E-004  0.62848239075583645        2.9988899100013143E-002   9.9962997000043810E-003   118.81174677982852     
  0.76520236222200733       0.13311521276407448        2.9988899100013143E-002   9.9962997000043810E-003   68.358917462177573     
  0.94225586255299798       0.89959849449293117        2.9988899100013143E-002   9.9962997000043810E-003   119.01372525662492     
  0.44223412973889842       0.15348673077759772        2.9988899100013143E-002   9.9962997000043810E-003   156.17255729398099     
  0.10547904212405110       0.24868609084797610        2.9988899100013143E-002   9.9962997000043810E-003   8.8998652270476057     
  0.27947948695748914       0.93893929200158355        2.9988899100013143E-002   9.9962997000043810E-003   115.43402668246641     
  0.57318825607071722       0.27717048139508726        2.9988899100013143E-002   9.9962997000043810E-003   150.59891459830467     
  0.25294646282484007       0.86991857664655159        2.9988899100013143E-002   9.9962997000043810E-003   74.577595607422111     
  0.92485922178142987       0.16638769111849785        2.9988899100013143E-002   9.9962997000043810E-003   112.45482084930866     
  0.76107489806260420        4.6078114292564198E-002   2.9988899100013143E-002   9.9962997000043810E-003   110.96534728191536     
  0.75980045406667185       0.16231362354330944        2.9988899100013143E-002   9.9962997000043810E-003   106.64576374408320     
  0.55927105059170068       0.96627059426987782        2.9988899100013143E-002   9.9962997000043810E-003   175.46387968744608     
  0.59310614966016928       0.80062009829669101        2.9988899100013143E-002   9.9962997000043810E-003   132.76588356802245     
  0.14072221067693544       0.59346768387096505        2.9988899100013143E-002   9.9962997000043810E-003   70.983449898237950     
  0.83394658660565035       0.22669232109965431        2.9988899100013143E-002   9.9962997000043810E-003   138.10407851745680     
  0.16836121570672807       0.88120769574348812        2.9988899100013143E-002   9.9962997000043810E-003   45.575521756624504     
  0.57783621948056307       0.71528751155515757        2.9988899100013143E-002   9.9962997000043810E-003   126.27905653660174     
  0.62033969679421874       0.49204229884163764        2.9988899100013143E-002   9.9962997000043810E-003   74.384642678869241     
  0.52775008546510460       0.20712634903207089        2.9988899100013143E-002   9.9962997000043810E-003   62.750243446450064     
  0.31277941195625047       0.14554921521893005        2.9988899100013143E-002   9.9962997000043810E-003   121.09069704018033     
  0.52857590144048305       0.73983187041301890        2.9988899100013143E-002   9.9962997000043810E-003   53.026398739192594     
  0.10198688749583470        2.9061185943968375E-002   2.9988899100013143E-002   9.9962997000043810E-003   34.974902115001655     
  0.65378662305596702       0.40923901980001981        2.9988899100013143E-002   9.9962997000043810E-003   177.93948715825397     
  0.54323079834539201       0.94196826302049408        2.9988899100013143E-002   9.9962997000043810E-003   40.335871594748035     
   2.1171679029623825E-003  0.29814532725541038        2.9988899100013143E-002   9.9962997000043810E-003   107.08911206320604     
  0.47749047832519476       0.23953103061076697        2.9988899100013143E-002   9.9962997000043810E-003   67.828627401466164     
  0.90922964326356703       0.56188299623736326        2.9988899100013143E-002   9.9962997000043810E-003   106.73005517132333     
  0.54868803531570343       0.59980381781735259        2.9988899100013143E-002   9.9962997000043810E-003   99.278389484464725     
  0.59771675230754617        7.1462904263229401E-003   2.9988899100013143E-002   9.9962997000043810E-003   104.38263556478732     
  0.24714539515726741       0.81772076320229947        2.9988899100013143E-002   9.9962997000043810E-003   1.0200652129508399     
  0.32629044788330103       0.98004425898723180        2.9988899100013143E-002   9.9962997000043810E-003   49.858260613843875     
  0.79598792772942595       0.92289255816837401        2.9988899100013143E-002   9.9962997000043810E-003   163.04913167198012     
  0.22811002062481556       0.68595539069833855        2.9988899100013143E-002   9.9962997000043810E-003   93.441724909491185     
  0.90201395377945437       0.72688279342915763        2.9988899100013143E-002   9.9962997000043810E-003   174.49414685368654     
   7.4141804417420465E-002  0.32721796429836703        2.9988899100013143E-002   9.9962997000043810E-003   82.183261324920323     
  0.14240017489200057       0.63033848730885433        2.9988899100013143E-002   9.9962997000043810E-003   59.735270468051539     
  0.22283389079563118       0.39941002183428276        2.9988899100013143E-002   9.9962997000043810E-003   77.257675210434186     
  0.51881079267180652       0.21531646290239015        2.9988899100013143E-002   9.9962997000043810E-003   43.465298968856416     
   5.6093997890144978E-002  0.70373570902323068        2.9988899100013143E-002   9.9962997000043810E-003   133.13499683606190     
  0.56707828329412924        9.0313954277824807E-002   2.9988899100013143E-002   9.9962997000043810E-003   118.52374135773537     
  0.76863140279802256       0.40333775049569254        2.9988899100013143E-002   9.9962997000043810E-003   105.36204462953553     
  0.43518408355965360        6.1972906529681931E-002   2.9988899100013143E-002   9.9962997000043810E-003   144.15851676462867     
  0.40258756092813358       0.90294149672877000        2.9988899100013143E-002   9.9962997000043810E-003   47.893451446873769     
  0.26906698895448350       0.98901217370742134        2.9988899100013143E-002   9.9962997000043810E-003   11.891355345381983     
  0.76638785772197493       0.64114917058997212        2.9988899100013143E-002   9.9962997000043810E-003   49.053863058834494     
  0.19852137848925128        8.5857002714637740E-002   2.9988899100013143E-002   9.9962997000043810E-003   6.1360175563308843     
  0.73139661049127147       0.27506923085111584        2.9988899100013143E-002   9.9962997000043810E-003   111.28991239384868     
  0.16048067469473654       0.58135660345125151        2.9988899100013143E-002   9.9962997000043810E-003   37.212206373707176     
  0.68649195091108395       0.22561284561046582        2.9988899100013143E-002   9.9962997000043810E-003   168.84750176246166     
  0.89329514184520076       0.59002563188276957        2.9988899100013143E-002   9.9962997000043810E-003   155.70879879768370     
  0.22232490657970833       0.96820100950995613        2.9988899100013143E-002   9.9962997000043810E-003   108.13226148404284     
  0.35107064988578746       0.66778038715241450        2.9988899100013143E-002   9.9962997000043810E-003   91.905364112209512     
  0.75029400772181831       0.74530000059199009        2.9988899100013143E-002   9.9962997000043810E-003   147.90658960680483     
  0.92926748099834533       0.78664280467067171        2.9988899100013143E-002   9.9962997000043810E-003   136.48275723659168     
  0.17416482405878922       0.55995416205192738        2.9988899100013143E-002   9.9962997000043810E-003   6.0915261079928458     
  0.23267242896328622       0.53277957812724464        2.9988899100013143E-002   9.9962997000043810E-003   141.98371157754002     
   7.4614409657217717E-002   7.7481434052316195E-002   2.9988899100013143E-002   9.9962997000043810E-003   170.38354200525262     
  0.12527599765824834       0.80509637031007564        2.9988899100013143E-002   9.9962997000043810E-003   7.0394303814282573     
  0.29654680460216137       0.93904600575578789        2.9988899100013143E-002   9.9962997000043810E-003   57.437539557782394     
  0.82166329930329751       0.38574967697774931        2.9988899100013143E-002   9.9962997000043810E-003   120.45865058409295     
   6.0056543250940876E-002  0.20818663434233350        2.9988899100013143E-002   9.9962997000043810E-003   69.243976532359611     
  0.65244781122839679       0.30035040537280211        2.9988899100013143E-002   9.9962997000043810E-003   54.386978791744077     
  0.30621456863899310       0.20466581491033273        2.9988899100013143E-002   9.9962997000043810E-003   106.53456591555759     
  0.99824839084939587       0.76127052626302705        2.9988899100013143E-002   9.9962997000043810E-003   58.096642750648151     
  0.18777636791444874       0.62419599502488454        2.9988899100013143E-002   9.9962997000043810E-003   73.622224425146854     
  0.22466217399813548        8.9635877399437416E-002   2.9988899100013143E-002   9.9962997000043810E-003   47.981671318384848     
  0.55798719421478049       0.34471708687173352        2.9988899100013143E-002   9.9962997000043810E-003   38.373640842623750     
  0.80880690190773907       0.23258966511505413        2.9988899100013143E-002   9.9962997000043810E-003   169.80801973267535     
  0.53728324432802432       0.59915240067751396        2.9988899100013143E-002   9.9962997000043810E-003   98.075909666229194     
  0.73291948811748331       0.82131089747854946        2.9988899100013143E-002   9.9962997000043810E-003   53.518438271045326     
  0.11461647257014917        7.2342084025020362E-002   2.9988899100013143E-002   9.9962997000043810E-003   124.95042187058641     
  0.55375299442350845       0.71493779741144980        2.9988899100013143E-002   9.9962997000043810E-003   20.413774528387393     
  0.14075359891516351       0.48887414311762167        2.9988899100013143E-002   9.9962997000043810E-003   156.23055405663189     
  0.77868495054976683       0.32113750755839304        2.9988899100013143E-002   9.9962997000043810E-003   178.83782050512485     
  0.86789523851742945       0.44547993455952689        2.9988899100013143E-002   9.9962997000043810E-003   75.169992301589502     
  0.55065942867541184       0.54904514236606006        2.9988899100013143E-002   9.9962997000043810E-003   85.984445708188176     
  0.50269382814603369       0.46469907844688896        2.9988899100013143E-002   9.9962997000043810E-003   129.13869467344557     
  0.88200216782011143        8.8375217614816676E-002   2.9988899100013143E-002   9.9962997000043810E-003   143.01812688682261     
  0.86823041434312853       0.66319196966414673        2.9988899100013143E-002   9.9962997000043810E-003   126.53312276528007     
  0.59489840389578208       0.16297392812483641        2.9988899100013143E-002   9.9962997000043810E-003   39.095031166485349     
  0.54057550693523959       0.20361067787446896        2.9988899100013143E-002   9.9962997000043810E-003   98.582962142327702     
  0.73348414066667511       0.43064906492117283        2.9988899100013143E-002   9.9962997000043810E-003   1.6180685577149623     
   5.5525316547948809E-002  0.17709974960564079        2.9988899100013143E-002   9.9962997000043810E-003   81.056919171399485     
  0.95122366599359975       0.75699425024360667        2.9988899100013143E-002   9.9962997000043810E-003   105.83431644989963     
  0.95883846323144872        4.6728238765215750E-002   2.9988899100013143E-002   9.9962997000043810E-003   36.902669588908040     
  0.24697521981251955       0.67738478612145614        2.9988899100013143E-002   9.9962997000043810E-003   15.383537043165719     
   8.2359018796202790E-002  0.88444072156422515        2.9988899100013143E-002   9.9962997000043810E-003   118.71820748576319     
  0.55936637900368336       0.97709650955229366        2.9988899100013143E-002   9.9962997000043810E-003   9.6717909942857183     
  0.50663590294046590       0.35263624698930252        2.9988899100013143E-002   9.9962997000043810E-003   145.36004271479493     
  0.11945605585339410       0.62567910292775020        2.9988899100013143E-002   9.9962997000043810E-003   153.88221855810312     
  0.47277803439791849       0.55149644048688518        2.9988899100013143E-002   9.9962997000043810E-003   27.072853793945423     
  0.60284413535892845       0.27596647525112505        2.9988899100013143E-002   9.9962997000043810E-003   177.23336382458729     
  0.93429437169616047       0.43317063530816285        2.9988899100013143E-002   9.9962997000043810E-003   5.0371985131231476     
   8.8541288074702254E-002  0.65808829896659793        2.9988899100013143E-002   9.9962997000043810E-003   142.47094203114045     
  0.90426512163622896       0.64721808795218305        2.9988899100013143E-002   9.9962997000043810E-003   173.06348200393654     
  0.50378854079503643       0.81991994335414120        2.9988899100013143E-002   9.9962997000043810E-003  0.73154380646591299     
  0.77754156806164798       0.15851993736775047        2.9988899100013143E-002   9.9962997000043810E-003   44.205186520908434     
  0.23083786913338791        7.7516361299117389E-002   2.9988899100013143E-002   9.9962997000043810E-003   13.229454981863347     
  0.46748517337330575       0.83841227716333322        2.9988899100013143E-002   9.9962997000043810E-003   119.00741341623018     
   6.2761414970671781E-003  0.52484561131595064        2.9988899100013143E-002   9.9962997000043810E-003   142.31829788002898     
  0.84585840998074313       0.81263601342558145        2.9988899100013143E-002   9.9962997000043810E-003   4.0969060455621076     
  0.58564882156446096       0.38451584433607472        2.9988899100013143E-002   9.9962997000043810E-003   51.267557049981484     
  0.99106017325467910       0.22151823890961858        2.9988899100013143E-002   9.9962997000043810E-003   125.94339230339430     
  0.33422153238519969       0.47428749866216663        2.9988899100013143E-002   9.9962997000043810E-003   83.362772148724488     
  0.28128182525658446       0.47425747315468753        2.9988899100013143E-002   9.9962997000043810E-003   37.853539249417771     
  0.42061289229812937        4.4288098554877489E-002   2.9988899100013143E-002   9.9962997000043810E-003   132.48676691245063     
  0.56110314822399143       0.51477627442068186        2.9988899100013143E-002   9.9962997000043810E-003   123.41061827372879     
  0.14535939564084638       0.14723082575586313        2.9988899100013143E-002   9.9962997000043810E-003   148.39902479849621     
  0.52384063342662168        3.6564754944749207E-002   2.9988899100013143E-002   9.9962997000043810E-003   4.3284657233951549     
  0.27046623202963177       0.93140625781706166        2.9988899100013143E-002   9.9962997000043810E-003   137.71468038705538     
  0.95712732518853916       0.39254054364351770        2.9988899100013143E-002   9.9962997000043810E-003   67.386343421805265     
  0.68221609245711312       0.27942137865685868        2.9988899100013143E-002   9.9962997000043810E-003   173.36469196667841     
  0.50167750853495174       0.72052709424869021        2.9988899100013143E-002   9.9962997000043810E-003   176.92725493168305     
  0.47623076339788123       0.99056704384486394        2.9988899100013143E-002   9.9962997000043810E-003   45.476650099044313     
  0.24565134122015495       0.28408127187748167        2.9988899100013143E-002   9.9962997000043810E-003   49.138748117393618     
  0.57704050664042184        6.1559782247713968E-002   2.9988899100013143E-002   9.9962997000043810E-003   109.21354867292179     
  0.53741721921086205       0.67082574377155124        2.9988899100013143E-002   9.9962997000043810E-003   110.64768084723170     
  0.51293411113019793       0.74274252687329390        2.9988899100013143E-002   9.9962997000043810E-003   99.742287586021448     
   8.8376430184922555E-003  0.95073525453440733        2.9988899100013143E-002   9.9962997000043810E-003   29.785491085037002     
  0.19970933293688881       0.61570720112611599        2.9988899100013143E-002   9.9962997000043810E-003   31.080280436120844     
  0.98146664550808338       0.10581391199522000        2.9988899100013143E-002   9.9962997000043810E-003   95.932513443177399     
  0.18531654103470080       0.72102447717911744        2.9988899100013143E-002   9.9962997000043810E-003   55.881795425178773     
  0.37481626039695354       0.29331039856929148        2.9988899100013143E-002   9.9962997000043810E-003   68.793312270860909     
   6.3490824587645586E-002  0.46495733849865573        2.9988899100013143E-002   9.9962997000043810E-003   24.891366021365911     
  0.31632696219122636        7.7803766629171781E-002   2.9988899100013143E-002   9.9962997000043810E-003   137.42074519803901     
  0.20042556566842629        7.3669144572231879E-002   2.9988899100013143E-002   9.9962997000043810E-003   164.08881888727171     
  0.45447036349454112       0.30426295475796838        2.9988899100013143E-002   9.9962997000043810E-003   73.748586667994886     
  0.60301863711115167       0.21000179856974283        2.9988899100013143E-002   9.9962997000043810E-003   70.118364461958862     
  0.36048002664681306       0.17448719210474076        2.9988899100013143E-002   9.9962997000043810E-003   61.387452710156090     
   2.0590923957694702E-002  0.28479727043801734        2.9988899100013143E-002   9.9962997000043810E-003   20.609717040474500     
  0.46224718110555729       0.65698733118839614        2.9988899100013143E-002   9.9962997000043810E-003   109.56461924197740     
  0.65803992535320144       0.26206877681728258        2.9988899100013143E-002   9.9962997000043810E-003   93.065120818109861     
  0.77843109421633705        2.5679833613504986E-002   2.9988899100013143E-002   9.9962997000043810E-003   126.92974911468508     
  0.17733207741202853       0.29114718489847985        2.9988899100013143E-002   9.9962997000043810E-003   116.85066691404519     
  0.30844732055463281       0.78343985970962038        2.9988899100013143E-002   9.9962997000043810E-003   64.931223926671791     
  0.14956360343513372       0.15671670593836606        2.9988899100013143E-002   9.9962997000043810E-003   146.97837836722013     
  0.72430587790876477       0.96610863405081149        2.9988899100013143E-002   9.9962997000043810E-003   35.010645826302884     
  0.16293035921434004        7.0114941700625552E-003   2.9988899100013143E-002   9.9962997000043810E-003   176.55241053106960     
  0.50428376544786568       0.24520416392573804        2.9988899100013143E-002   9.9962997000043810E-003   122.63940890242799     
  0.89408585145172159        9.6829810851312551E-002   2.9988899100013143E-002   9.9962997000043810E-003   104.50613397011598     
  0.77952988124539124       0.40955904749111693        2.9988899100013143E-002   9.9962997000043810E-003   130.82107754763754     
  0.84711795592568284       0.99682829413686358        2.9988899100013143E-002   9.9962997000043810E-003   138.23806604684128     
  0.61970560953499731       0.88680111982895860        2.9988899100013143E-002   9.9962997000043810E-003   11.897729307556057     
  0.65745898572575467       0.49615005716048549        2.9988899100013143E-002   9.9962997000043810E-003   148.47019699330755     
  0.63681007386537536       0.94120042154589623        2.9988899100013143E-002   9.9962997000043810E-003   113.78221443457913     
  0.96538617424695417       0.91213501604210689        2.9988899100013143E-002   9.9962997000043810E-003   89.655991132259032     
  0.26989853887013404       0.28730783285945538        2.9988899100013143E-002   9.9962997000043810E-003   153.52155385531114     
  0.95556019393561586       0.62364291272223726        2.9988899100013143E-002   9.9962997000043810E-003   25.934789141620080     
  0.77070773791255398        5.2838167609860785E-002   2.9988899100013143E-002   9.9962997000043810E-003   129.92664947233405     
  0.79068389380233539       0.69764184063572621        2.9988899100013143E-002   9.9962997000043810E-003   14.781300088116204     
  0.80277577355499652        6.3802234448521844E-002   2.9988899100013143E-002   9.9962997000043810E-003   15.626167403172810     
  0.67863150656399374       0.74263223035662440        2.9988899100013143E-002   9.9962997000043810E-003   165.29783449197001     
   2.3680198485740923E-002  0.15897303498267007        2.9988899100013143E-002   9.9962997000043810E-003   56.982652761286815     
  0.34985558291644803       0.35171422765445637        2.9988899100013143E-002   9.9962997000043810E-003   97.324878379290297     
  0.97397012288323681       0.32385766204584054        2.9988899100013143E-002   9.9962997000043810E-003   143.46664074653037     
  0.59831915055847995       0.58816597634728307        2.9988899100013143E-002   9.9962997000043810E-003   120.32406998497711     
  0.67105437365377263       0.78568383141097076        2.9988899100013143E-002   9.9962997000043810E-003   120.14855181338588     
  0.92270270979569258       0.51842929408747285        2.9988899100013143E-002   9.9962997000043810E-003   92.041281614223934     
  0.85775674377774769       0.97393236082846535        2.9988899100013143E-002   9.9962997000043810E-003   120.03221532853242     
  0.15025324401973289       0.58811954747504303        2.9988899100013143E-002   9.9962997000043810E-003   62.803812815260180     
  0.13336142942390991       0.87067468715851681        2.9988899100013143E-002   9.9962997000043810E-003   26.255902885343762     
  0.85857208849204603       0.52110511995130515        2.9988899100013143E-002   9.9962997000043810E-003   135.13817582919495     
  0.83011837985297743        3.5864666508417770E-002   2.9988899100013143E-002   9.9962997000043810E-003   140.41600754920421     
  0.49408231731929081       0.24150994340519213        2.9988899100013143E-002   9.9962997000043810E-003   114.69601720439339     
  0.42944992976725416       0.80185113662596563        2.9988899100013143E-002   9.9962997000043810E-003   150.89066249211612     
  0.70092481336386814       0.75160997232412297        2.9988899100013143E-002   9.9962997000043810E-003   67.876721554445723     
  0.27106642046292850       0.87689380689603746        2.9988899100013143E-002   9.9962997000043810E-003   141.94315814141578     
  0.94100867979447134       0.60510918169263506        2.9988899100013143E-002   9.9962997000043810E-003   43.975322097494434     
  0.99128844181247644       0.61722009821026347        2.9988899100013143E-002   9.9962997000043810E-003   160.40177484981291     
  0.90190315489347372       0.65940912200026280        2.9988899100013143E-002   9.9962997000043810E-003   22.528722697376008     
  0.78861863270256249       0.67789632442420833        2.9988899100013143E-002   9.9962997000043810E-003   125.38304599959352     
  0.66718370602262400       0.31968568173541934        2.9988899100013143E-002   9.9962997000043810E-003   83.610745896312139     
  0.59517401477665832       0.51464357453974352        2.9988899100013143E-002   9.9962997000043810E-003   26.662320233321388     
  0.16793500317044363       0.96859027330553704        2.9988899100013143E-002   9.9962997000043810E-003   1.5125199361071893     
  0.90990736795682436       0.29505030588633241        2.9988899100013143E-002   9.9962997000043810E-003   45.054510223042861     
  0.82518431705302175       0.73227512749061985        2.9988899100013143E-002   9.9962997000043810E-003   62.517065762519188     
  0.27369652569709024       0.74211965580734696        2.9988899100013143E-002   9.9962997000043810E-003   167.49713612918583     
  0.35642644323134320       0.45376820675857910        2.9988899100013143E-002   9.9962997000043810E-003   39.734594552051519     
  0.25220524267727040       0.65558906243532100        2.9988899100013143E-002   9.9962997000043810E-003   36.613029176652191     
  0.48993716850750507       0.13008003771771645        2.9988899100013143E-002   9.9962997000043810E-003   44.174903114729915     
  0.53718234330277881       0.95289588045120110        2.9988899100013143E-002   9.9962997000043810E-003   16.820586759247757     
  0.97973177676146506       0.76353417952410896        2.9988899100013143E-002   9.9962997000043810E-003   121.25942081844006     
  0.83046751930551532       0.87455713262467749        2.9988899100013143E-002   9.9962997000043810E-003   94.164835646753687     
  0.99104649951473656       0.59059809835475297        2.9988899100013143E-002   9.9962997000043810E-003   8.6288889907093562     
  0.55306417323760992       0.43612128613478340        2.9988899100013143E-002   9.9962997000043810E-003   105.90867347956507     
  0.28308595280015519       0.77798620871080204        2.9988899100013143E-002   9.9962997000043810E-003   134.65970426149426     
  0.75875497112315415       0.57830672549468198        2.9988899100013143E-002   9.9962997000043810E-003   77.671470669831621     
  0.75050382731984977       0.84747258021513905        2.9988899100013143E-002   9.9962997000043810E-003   92.105726004571977     
  0.24960610492430343       0.80668555205253822        2.9988899100013143E-002   9.9962997000043810E-003   19.932240272285618     
