          50   643.08998090659418     
         100   614.57471554930294     
         150   584.61360464220559     
         200   548.82126458536914     
         250   515.77358489305993     
         300   483.69988892349272     
         350   451.42412690611428     
         400   416.26012700830489     
         450   379.96454594761724     
         500   342.32300382700646     
         550   302.55200308228825     
         600   260.81114279744986     
         650   217.79263073413091     
         700   173.23038975434596     
         750   130.49567585519435     
         800   88.633785001731241     
         850   49.367631153726585     
         900   12.470852371912223     
         950  -22.515219756337480     
        1000  -55.365860140277832     
        1050  -86.660327423794982     
        1100  -116.54163872212879     
        1150  -146.13873183137056     
        1200  -175.87304139012576     
        1250  -205.76465990911015     
        1300  -235.14666766148380     
        1350  -264.02755583591880     
        1400  -292.34435542594429     
        1450  -319.75680354404255     
        1500  -346.63320131154393     
        1550  -373.14482989421390     
        1600  -400.04496255556620     
        1650  -427.11856055257522     
        1700  -453.98831412080818     
        1750  -480.71119287708291     
        1800  -507.17438589373381     
        1850  -533.62918087812182     
        1900  -559.25136045557804     
        1950  -584.09768381878689     
        2000  -608.53435534424943     
        2050  -632.51459843330167     
        2100  -656.73527903768525     
        2150  -680.72133734469378     
        2200  -703.83880516431839     
        2250  -726.61153027858722     
        2300  -749.46236757401243     
        2350  -771.77405205418006     
        2400  -793.93011834497736     
        2450  -815.57953249171908     
        2500  -837.44572771121750     
        2550  -859.03742883326368     
        2600  -880.82326039679583     
        2650  -902.46362073707871     
        2700  -923.66423104188016     
        2750  -944.38943219530051     
        2800  -964.75087907986347     
        2850  -984.94706476166687     
        2900  -1004.6938824746577     
        2950  -1024.2280594362289     
        3000  -1043.6463301318802     
        3050  -1063.0092104700068     
        3100  -1082.5644577648588     
        3150  -1101.6885059541951     
        3200  -1120.3021525828392     
        3250  -1138.5468897411433     
        3300  -1156.6743684633752     
        3350  -1174.7891071463594     
        3400  -1192.4795514139246     
        3450  -1209.8255582581505     
        3500  -1227.2415569411005     
        3550  -1244.7262448375373     
        3600  -1262.3460280267634     
        3650  -1279.6956408077831     
        3700  -1296.6971361917558     
        3750  -1313.4398309087951     
        3800  -1329.9477391794944     
        3850  -1346.5008690406112     
        3900  -1362.9768205565836     
        3950  -1379.2351661351654     
        4000  -1395.3569145307158     
        4050  -1411.5011134093827     
        4100  -1428.0587936780428     
        4150  -1444.6458274958836     
        4200  -1461.4078432643771     
        4250  -1477.9079262634223     
        4300  -1494.1683401151497     
        4350  -1510.2303588304740     
        4400  -1526.1173184481197     
        4450  -1541.9338776449183     
        4500  -1557.7435633441314     
        4550  -1573.4826689571037     
        4600  -1588.9863957943278     
        4650  -1604.7535491083559     
        4700  -1620.4126254880969     
        4750  -1635.8709383151686     
        4800  -1651.2911308464147     
        4850  -1666.8561993637611     
        4900  -1682.2158335531976     
        4950  -1697.4202070832100     
        5000  -1712.5191776274171     
        5050  -1727.7468397598020     
        5100  -1743.0187670726380     
        5150  -1758.3255927306861     
        5200  -1773.5564114951155     
        5250  -1788.6161577823761     
        5300  -1803.4396483475011     
        5350  -1818.0929725627066     
        5400  -1832.5496899695922     
        5450  -1847.1480974714475     
        5500  -1861.6738092771134     
        5550  -1876.1418189465367     
        5600  -1890.8080176659271     
        5650  -1905.3396894974926     
        5700  -1919.6759646753635     
        5750  -1933.7957386165294     
        5800  -1947.7171292573501     
        5850  -1961.4726680234064     
        5900  -1975.0755950122648     
        5950  -1988.5149371731129     
        6000  -2001.7751502501624     
        6050  -2014.8523914231173     
        6100  -2027.7450791838387     
        6150  -2040.4606736650426     
        6200  -2052.9958811894185     
        6250  -2065.4739862133165     
        6300  -2077.9175385649742     
        6350  -2090.2917778765664     
        6400  -2102.5799169781526     
        6450  -2115.1073322284201     
        6500  -2127.7044811736760     
        6550  -2140.1897629426057     
        6600  -2152.6224268485175     
        6650  -2164.9153773449498     
        6700  -2177.1022645157291     
        6750  -2189.1830140888733     
        6800  -2201.3229981302720     
        6850  -2213.5085339689476     
        6900  -2225.6617715797297     
        6950  -2237.6403648784521     
        7000  -2249.5689761667536     
        7050  -2261.4120189086088     
        7100  -2273.3213510972032     
        7150  -2285.1223577921296     
        7200  -2296.8175789990414     
        7250  -2308.4607011084277     
        7300  -2319.9655632054018     
        7350  -2331.4014110233920     
        7400  -2342.7183228626595     
        7450  -2354.0293230772027     
        7500  -2365.3407488020275     
        7550  -2376.8076632879779     
        7600  -2388.1693118642306     
        7650  -2399.4245095255401     
        7700  -2410.7418334142585     
        7750  -2422.0699513661557     
        7800  -2433.3052159380991     
        7850  -2444.5504074805394     
        7900  -2455.7378916991943     
        7950  -2466.8201598680730     
        8000  -2477.8763992814006     
        8050  -2488.9122952795501     
        8100  -2499.9743219202569     
        8150  -2510.9760837555573     
        8200  -2521.9181872332501     
        8250  -2532.7541419123017     
        8300  -2543.5119516246586     
        8350  -2554.2767099718840     
        8400  -2565.1765653648258     
        8450  -2576.0411511175093     
        8500  -2586.8672493410245     
        8550  -2597.6236646965413     
        8600  -2608.3034631257424     
        8650  -2618.9769400017872     
        8700  -2629.6159333651381     
        8750  -2640.1796433242171     
        8800  -2650.6819162211686     
        8850  -2661.1153220745682     
        8900  -2671.4494354318349     
        8950  -2681.7951299625001     
        9000  -2692.0882240398769     
        9050  -2702.2789462505930     
        9100  -2712.3647042234361     
        9150  -2722.3711164106585     
        9200  -2732.3064437709927     
        9250  -2742.1974643383419     
        9300  -2752.0253341032958     
        9350  -2761.7632054132355     
        9400  -2771.4185522721473     
        9450  -2780.9888226822932     
        9500  -2790.5433619188525     
        9550  -2800.1015608598013     
        9600  -2809.6016329641143     
        9650  -2819.2559449433029     
        9700  -2828.8358952737926     
        9750  -2838.3288285178182     
        9800  -2847.7595042763965     
        9850  -2857.1161446144160     
        9900  -2866.4320115926425     
        9950  -2875.7422363956030     
       10000  -2885.0161040204430     
       10050  -2894.3212445533204     
       10100  -2903.5963582903096     
       10150  -2912.7986472104431     
       10200  -2922.0055165683784     
       10250  -2931.2762477090687     
       10300  -2940.4748837605416     
       10350  -2949.6632911680363     
       10400  -2958.9061956132928     
       10450  -2968.0977883394016     
       10500  -2977.2095577826672     
       10550  -2986.3031306203143     
       10600  -2995.3397413872849     
       10650  -3004.2992108474486     
       10700  -3013.2930198627068     
       10750  -3022.3779739969195     
       10800  -3031.4089730476526     
       10850  -3040.3714750619129     
       10900  -3049.3949628382466     
       10950  -3058.3776754053074     
       11000  -3067.2901793997198     
       11050  -3076.1478812205701     
       11100  -3085.0341380457126     
       11150  -3093.8717559668708     
       11200  -3102.6718592330053     
       11250  -3111.4147439533021     
       11300  -3120.1072935215643     
       11350  -3128.8094109633694     
       11400  -3137.6281087380521     
       11450  -3146.3829017274115     
       11500  -3155.2119952691473     
       11550  -3164.0382815310509     
       11600  -3172.8864215998933     
       11650  -3181.6831066242648     
       11700  -3190.4794870970240     
       11750  -3199.3265233723987     
       11800  -3208.1407183794790     
       11850  -3216.8904549631566     
       11900  -3225.5919345276179     
       11950  -3234.2216706241670     
       12000  -3242.7795213181043     
       12050  -3251.3241725567791     
       12100  -3259.8313040405255     
       12150  -3268.3128270001844     
       12200  -3276.7595474421710     
       12250  -3285.1800571935350     
       12300  -3293.6112443805728     
       12350  -3301.9940356117809     
       12400  -3310.3229868749281     
       12450  -3318.7831334417137     
       12500  -3327.1988503248149     
       12550  -3335.5853064538578     
       12600  -3343.9725651218596     
       12650  -3352.3091816479769     
       12700  -3360.5914367118103     
       12750  -3368.8660948164979     
       12800  -3377.0865844132745     
       12850  -3385.2586388974464     
       12900  -3393.3673441220508     
       12950  -3401.4178581521569     
       13000  -3409.4121915484579     
       13050  -3417.3698873839689     
       13100  -3425.2752762271425     
       13150  -3433.1499490775441     
       13200  -3441.0040074547874     
       13250  -3448.8284213882416     
       13300  -3456.6263132640593     
       13350  -3464.4193237547183     
       13400  -3472.3155293500145     
       13450  -3480.1560587934368     
       13500  -3487.9390192772316     
       13550  -3495.6891786003416     
       13600  -3503.4131671578398     
       13650  -3511.1086061992555     
       13700  -3518.7518532363256     
       13750  -3526.3430505428332     
       13800  -3533.8935673218002     
       13850  -3541.4024248148353     
       13900  -3548.8597802080035     
       13950  -3556.2804242502798     
       14000  -3563.6721958954668     
       14050  -3571.0271587581947     
       14100  -3578.3354732702965     
       14150  -3585.6056702323503     
       14200  -3592.8408741282133     
       14250  -3600.0294749368909     
       14300  -3607.1821998060686     
       14350  -3614.3078983613586     
       14400  -3621.3942317757642     
       14450  -3628.4404556627542     
       14500  -3635.4512327675561     
       14550  -3642.4207995739407     
       14600  -3649.3868249215088     
       14650  -3656.3199206737140     
       14700  -3663.2642988291323     
       14750  -3670.1690572301527     
       14800  -3677.0557768816857     
       14850  -3683.9224462489669     
       14900  -3690.7444806792196     
       14950  -3697.5266743887446     
       15000  -3704.2773918106582     
       15050  -3710.9946090621597     
       15100  -3717.6772610598314     
       15150  -3724.3910468391755     
       15200  -3731.1033727833124     
       15250  -3737.7928360067517     
       15300  -3744.4399059841298     
       15350  -3751.0509989375678     
       15400  -3757.6988703332299     
       15450  -3764.3078714140356     
       15500  -3770.8796923112263     
       15550  -3777.4286651691373     
       15600  -3783.9418830567697     
       15650  -3790.4151274984629     
       15700  -3796.8534288720462     
       15750  -3803.2625037116304     
       15800  -3809.6567553480027     
       15850  -3816.0317001681292     
       15900  -3822.3947158407664     
       15950  -3828.7178379982147     
       16000  -3835.0172308218471     
       16050  -3841.2818851277275     
       16100  -3847.5491733573372     
       16150  -3853.8035630481309     
       16200  -3860.0648479483993     
       16250  -3866.2876018646662     
       16300  -3872.4721793765389     
       16350  -3878.6311567018602     
       16400  -3884.7945567597212     
       16450  -3890.9366063052503     
       16500  -3897.0426013296160     
       16550  -3903.1468231367153     
       16600  -3909.2164597437318     
       16650  -3915.2496420768325     
       16700  -3921.2535114941429     
       16750  -3927.2340869379159     
       16800  -3933.2008768607152     
       16850  -3939.1645851087028     
       16900  -3945.1232213146577     
       16950  -3951.0591610029851     
       17000  -3956.9809763176495     
       17050  -3962.9687177687729     
       17100  -3968.9389832527763     
       17150  -3974.8927113264190     
       17200  -3980.8123017031380     
       17250  -3986.7008403186364     
       17300  -3992.5577396063982     
       17350  -3998.3895929969044     
       17400  -4004.2008205279517     
       17450  -4009.9853706139561     
       17500  -4015.7424127381469     
       17550  -4021.4849709801497     
       17600  -4027.2161053779828     
       17650  -4032.9150302659932     
       17700  -4038.5819267331908     
       17750  -4044.2168970231082     
       17800  -4049.8233924604310     
       17850  -4055.4363674443930     
       17900  -4061.0872063318329     
       17950  -4066.7650388952738     
       18000  -4072.4545217777404     
       18050  -4078.1287793049432     
       18100  -4083.7896103893991     
       18150  -4089.4204895043199     
       18200  -4095.0516492908932     
       18250  -4100.6888223271426     
       18300  -4106.3059368598624     
       18350  -4111.9219621491720     
       18400  -4117.5147516653715     
       18450  -4123.0789612065000     
       18500  -4128.6218586962059     
       18550  -4134.1407027583937     
       18600  -4139.6425417706832     
       18650  -4145.1176532270356     
       18700  -4150.5667086420626     
       18750  -4155.9922396839311     
       18800  -4161.3898000744466     
       18850  -4166.7595206093865     
       18900  -4172.1404593535681     
       18950  -4177.5061374119632     
       19000  -4182.8443997146815     
       19050  -4188.1678193806329     
       19100  -4193.4947265801957     
       19150  -4198.7938170319803     
       19200  -4204.0665054425335     
       19250  -4209.3296917885136     
       19300  -4214.5789403763119     
       19350  -4219.8535392237936     
       19400  -4225.1074930575187     
       19450  -4230.3692369224000     
       19500  -4235.6491622816884     
       19550  -4240.9031972169669     
       19600  -4246.1343755506068     
       19650  -4251.3511290969145     
       19700  -4256.5659723676827     
       19750  -4261.7761677908902     
       19800  -4266.9665396582614     
       19850  -4272.1323870724291     
       19900  -4277.3085787673781     
       19950  -4282.4950444650813     
       20000  -4287.6680280353985     
       20050  -4292.8696222345179     
       20100  -4298.0582751279644     
       20150  -4303.2250287843954     
       20200  -4308.3803042461432     
       20250  -4313.5208246775464     
       20300  -4318.6623029361690     
       20350  -4323.8269444245461     
       20400  -4328.9959223960441     
       20450  -4334.1491337663410     
       20500  -4339.3031895731137     
       20550  -4344.4405398254057     
       20600  -4349.5529514842383     
       20650  -4354.6579070099888     
       20700  -4359.7545588390012     
       20750  -4364.8266484905253     
       20800  -4369.8865333272724     
       20850  -4374.9550352051619     
       20900  -4380.0040482971590     
       20950  -4385.0462636953225     
       21000  -4390.0645845237677     
       21050  -4395.0679832966280     
       21100  -4400.0504787998661     
       21150  -4405.0094164047432     
       21200  -4409.9449627945023     
       21250  -4414.8597791561124     
       21300  -4419.7717500441104     
       21350  -4424.6664323678051     
       21400  -4429.5472239290266     
       21450  -4434.4126801961484     
       21500  -4439.2555064341213     
       21550  -4444.0758601605485     
       21600  -4448.8738974345388     
       21650  -4453.6581857534911     
       21700  -4458.4227940569817     
       21750  -4463.1670979056034     
       21800  -4467.8971066139584     
       21850  -4472.6059116523847     
       21900  -4477.2932363208492     
       21950  -4481.9599372057255     
       22000  -4486.6201785795147     
       22050  -4491.2617928171076     
       22100  -4495.8824042753440     
       22150  -4500.4821551852365     
       22200  -4505.0647497345662     
       22250  -4509.6546428514812     
       22300  -4514.2404997507665     
       22350  -4518.8283562799625     
       22400  -4523.4035262818725     
       22450  -4527.9597183129990     
       22500  -4532.5267018658660     
       22550  -4537.1400421822082     
       22600  -4541.7430531468272     
       22650  -4546.3324766426185     
       22700  -4550.9097995359898     
       22750  -4555.4741519279178     
       22800  -4560.0184852304074     
       22850  -4564.5429308598004     
       22900  -4569.0476190846985     
       22950  -4573.5359023313467     
       23000  -4578.0183214251010     
       23050  -4582.4919697890573     
       23100  -4586.9475699644545     
       23150  -4591.4255184090152     
       23200  -4595.9131407253344     
       23250  -4600.3936903225404     
       23300  -4604.8840353914893     
       23350  -4609.3690196727093     
       23400  -4613.8799151851199     
       23450  -4618.4032991352924     
       23500  -4622.9104306440058     
       23550  -4627.3984235900498     
       23600  -4631.8780077047850     
       23650  -4636.3547137360474     
       23700  -4640.8231332384794     
       23750  -4645.2827628104978     
       23800  -4649.7244554639337     
       23850  -4654.1824276841817     
       23900  -4658.6729223228012     
       23950  -4663.1488643254961     
       24000  -4667.6142477827934     
       24050  -4672.0620908512774     
       24100  -4676.5016795026204     
       24150  -4680.9584951972838     
       24200  -4685.4047616105627     
       24250  -4689.8326929046116     
       24300  -4694.2426038546137     
       24350  -4698.6473984427239     
       24400  -4703.0617344900920     
       24450  -4707.4595465271623     
       24500  -4711.8394083110206     
       24550  -4716.2014295173476     
       24600  -4720.5716669495305     
       24650  -4724.9697490779727     
       24700  -4729.3545403678891     
       24750  -4733.7372742478519     
       24800  -4738.1110630256971     
       24850  -4742.4702028937309     
       24900  -4746.8118361759489     
       24950  -4751.1360681223669     
       25000  -4755.4463251054649     
       25050  -4759.7403105680078     
       25100  -4764.0171885187483     
       25150  -4768.2774688839545     
       25200  -4772.5233440340662     
       25250  -4776.7524038370493     
       25300  -4780.9647479886371     
       25350  -4785.1606484542062     
       25400  -4789.3451064151695     
       25450  -4793.5262307687444     
       25500  -4797.7166323344263     
       25550  -4801.8921997038242     
       25600  -4806.0586926619044     
       25650  -4810.2240624382102     
       25700  -4814.4042411093951     
       25750  -4818.5703357208695     
       25800  -4822.7209474249648     
       25850  -4826.8565850920777     
       25900  -4830.9773355801326     
       25950  -4835.0854459346792     
       26000  -4839.1798098372910     
       26050  -4843.2606251304205     
       26100  -4847.3365750043231     
       26150  -4851.3992518969526     
       26200  -4855.4504903183715     
       26250  -4859.4967672250423     
       26300  -4863.5397950839679     
       26350  -4867.6116355069171     
       26400  -4871.6701393098720     
       26450  -4875.7163355494204     
       26500  -4879.7476824926762     
       26550  -4883.7686021668524     
       26600  -4887.8069585637713     
       26650  -4891.8355508014165     
       26700  -4895.8719650437233     
       26750  -4899.8967032114151     
       26800  -4903.9075863853132     
       26850  -4907.9036019063333     
       26900  -4911.8894051553480     
       26950  -4915.8874271811455     
       27000  -4919.8764023556114     
       27050  -4923.8542223271616     
       27100  -4927.8182663576354     
       27150  -4931.7728291787716     
       27200  -4935.7129878351507     
       27250  -4939.6419774399747     
       27300  -4943.5571955614751     
       27350  -4947.4604774371610     
       27400  -4951.3500075849770     
       27450  -4955.2468178138615     
       27500  -4959.1697773204187     
       27550  -4963.0860139453416     
       27600  -4967.0009610004245     
       27650  -4970.9137749436295     
       27700  -4974.8199992159534     
       27750  -4978.7207756841008     
       27800  -4982.6324769444245     
       27850  -4986.5364162964897     
       27900  -4990.4285374907486     
       27950  -4994.3070293718993     
       28000  -4998.1948468107421     
       28050  -5002.0758451083784     
       28100  -5005.9430320241727     
       28150  -5009.7964811534093     
       28200  -5013.6369684917599     
       28250  -5017.4660831657166     
       28300  -5021.2896739853422     
       28350  -5025.1025858755966     
       28400  -5028.9020784654122     
       28450  -5032.6882249579849     
       28500  -5036.4610867260217     
       28550  -5040.2207335666753     
       28600  -5043.9672347890055     
       28650  -5047.7006592182379     
       28700  -5051.4294463655142     
       28750  -5055.1504169288683     
       28800  -5058.8584674555441     
       28850  -5062.5536651207758     
       28900  -5066.2360766349166     
       28950  -5069.9079398186805     
       29000  -5073.5766515466466     
       29050  -5077.2375088108220     
       29100  -5080.8858495961749     
       29150  -5084.5216746326932     
       29200  -5088.1450482136070     
       29250  -5091.7563518339475     
       29300  -5095.3563343339447     
       29350  -5098.9492904178378     
       29400  -5102.5411015736336     
       29450  -5106.1442481065196     
       29500  -5109.7780165088179     
       29550  -5113.3996366063857     
       29600  -5117.0105479388712     
       29650  -5120.6139552662571     
       29700  -5124.2062964591842     
       29750  -5127.7961453742782     
       29800  -5131.3788913112803     
       29850  -5134.9674634451485     
       29900  -5138.5440336655256     
       29950  -5142.1087607215513     
       30000  -5145.6622102718584     
       30050  -5149.2038346988702     
       30100  -5152.7455491093206     
       30150  -5156.2760087673996     
       30200  -5159.7976935775250     
       30250  -5163.3097663709204     
       30300  -5166.8108977050624     
       30350  -5170.3247609755481     
       30400  -5173.8372813323967     
       30450  -5177.3382663186148     
       30500  -5180.8354192711950     
       30550  -5184.3384620582083     
       30600  -5187.8310842662131     
       30650  -5191.3312958327451     
       30700  -5194.8230321244018     
       30750  -5198.3034428218480     
       30800  -5201.7738560849366     
       30850  -5205.2340418473050     
       30900  -5208.6871672876305     
       30950  -5212.1304401463967     
       31000  -5215.5626056733608     
       31050  -5218.9837175271296     
       31100  -5222.3950879011318     
       31150  -5225.7975305021282     
       31200  -5229.1915612524281     
       31250  -5232.5747311043260     
       31300  -5235.9516376761430     
       31350  -5239.3210412551734     
       31400  -5242.6869010039036     
       31450  -5246.0441130447380     
       31500  -5249.3909321068695     
       31550  -5252.7306284702536     
       31600  -5256.0605064484662     
       31650  -5259.3979358009401     
       31700  -5262.7248635071410     
       31750  -5266.0413127008806     
       31800  -5269.3524558800873     
       31850  -5272.6544817624781     
       31900  -5275.9461564665535     
       31950  -5279.2284011189522     
       32000  -5282.5003887568118     
       32050  -5285.7625763026726     
       32100  -5289.0209976704591     
       32150  -5292.2692839795591     
       32200  -5295.5074824429776     
       32250  -5298.7356399809287     
       32300  -5301.9554074609650     
       32350  -5305.1692629324652     
       32400  -5308.3736829027648     
       32450  -5311.5715663291921     
       32500  -5314.7635917776643     
       32550  -5317.9527900710827     
       32600  -5321.1369105088434     
       32650  -5324.3112786634865     
       32700  -5327.4759392702554     
       32750  -5330.6318360713194     
       32800  -5333.7782349259996     
       32850  -5336.9152392469605     
       32900  -5340.0434416645539     
       32950  -5343.1621502963580     
       33000  -5346.2714082959437     
       33050  -5349.3712585557432     
       33100  -5352.4626458766907     
       33150  -5355.5452144495930     
       33200  -5358.6275301109454     
       33250  -5361.7089446877153     
       33300  -5364.7830218461031     
       33350  -5367.8514169866130     
       33400  -5370.9168306722531     
       33450  -5373.9733383614748     
       33500  -5377.0256108367466     
       33550  -5380.0706839532750     
       33600  -5383.1066943521955     
       33650  -5386.1336824319505     
       33700  -5389.1516883512322     
       33750  -5392.1610560037325     
       33800  -5395.1617033121574     
       33850  -5398.1536972158037     
       33900  -5401.1368651787307     
       33950  -5404.1117855554812     
       34000  -5407.0793472342002     
       34050  -5410.0386580183067     
       34100  -5412.9900663655771     
       34150  -5415.9338182841784     
       34200  -5418.8698512358587     
       34250  -5421.7980416427226     
       34300  -5424.7176950513158     
       34350  -5427.6288487411066     
       34400  -5430.5315397748227     
       34450  -5433.4258050000226     
       34500  -5436.3146910490004     
       34550  -5439.1965512445613     
       34600  -5442.0700823644129     
       34650  -5444.9353204651588     
       34700  -5447.7937371004627     
       34750  -5450.6443618259982     
       34800  -5453.4900767296012     
       34850  -5456.3402478299176     
       34900  -5459.1831213179794     
       34950  -5462.0192071874872     
       35000  -5464.8497641761942     
       35050  -5467.6899883017932     
       35100  -5470.5221206207661     
       35150  -5473.3461956642932     
       35200  -5476.1622477673563     
       35250  -5478.9790047691304     
       35300  -5481.7934670309342     
       35350  -5484.5999675890280     
       35400  -5487.3991070085285     
       35450  -5490.1904595143178     
       35500  -5492.9739669857790     
       35550  -5495.7496446190644     
       35600  -5498.5175254050655     
       35650  -5501.2983456398497     
       35700  -5504.0716033493454     
       35750  -5506.8371036946182     
       35800  -5509.5948791785922     
       35850  -5512.3449621228610     
       35900  -5515.0876526378643     
       35950  -5517.8236627222204     
       36000  -5520.5520727785643     
       36050  -5523.2729144297591     
       36100  -5525.9865195032580     
       36150  -5528.6936955071978     
       36200  -5531.3978306356894     
       36250  -5534.0955286857525     
       36300  -5536.7870049358007     
       36350  -5539.4719517608419     
       36400  -5542.1495300592642     
       36450  -5544.8198509029971     
       36500  -5547.4828557992123     
       36550  -5550.1385747723198     
       36600  -5552.7986848820156     
       36650  -5555.4540555972217     
       36700  -5558.1021909698802     
       36750  -5560.7431205320008     
       36800  -5563.3768736550937     
       36850  -5566.0034795512584     
       36900  -5568.6229672742629     
       36950  -5571.2432305137727     
       37000  -5573.8631025457953     
       37050  -5576.4759033982436     
       37100  -5579.0816616607935     
       37150  -5581.6804057692052     
       37200  -5584.2721640063564     
       37250  -5586.8569645032749     
       37300  -5589.4348352401475     
       37350  -5592.0058040473359     
       37400  -5594.5698986063771     
       37450  -5597.1272461628541     
       37500  -5599.6778091130391     
       37550  -5602.2215796186156     
       37600  -5604.7585847771034     
       37650  -5607.2888515420755     
       37700  -5609.8124067241170     
       37750  -5612.3292769917689     
       37800  -5614.8397437875992     
       37850  -5617.3458691157366     
       37900  -5619.8453819759898     
       37950  -5622.3383085045953     
       38000  -5624.8246747002304     
       38050  -5627.3045064249181     
       38100  -5629.7778294049212     
       38150  -5632.2447145214246     
       38200  -5634.7051545808090     
       38250  -5637.1591621171629     
       38300  -5639.6067623231347     
       38350  -5642.0497930348793     
       38400  -5644.4894515365095     
       38450  -5646.9273591859146     
       38500  -5649.3606286540844     
       38550  -5651.7901239130251     
       38600  -5654.2225823022900     
       38650  -5656.6705700495850     
       38700  -5659.1269243427905     
       38750  -5661.5815292417901     
       38800  -5664.0305799109274     
       38850  -5666.4751142786090     
       38900  -5668.9133644962458     
       38950  -5671.3455954255478     
       39000  -5673.7719820191014     
       39050  -5676.1921794356831     
       39100  -5678.6063148209569     
       39150  -5681.0223976405550     
       39200  -5683.4369906877982     
       39250  -5685.8454319056227     
       39300  -5688.2477447742922     
       39350  -5690.6488576457496     
       39400  -5693.0464330509867     
       39450  -5695.4411286712875     
       39500  -5697.8323406822992     
       39550  -5700.2318235627026     
       39600  -5702.6340109483963     
       39650  -5705.0311965716310     
       39700  -5707.4228378558500     
       39750  -5709.8085607603925     
       39800  -5712.1882893862794     
       39850  -5714.5620462966681     
       39900  -5716.9316784501434     
       39950  -5719.3013817017454     
       40000  -5721.6653843681179     
       40050  -5724.0239065666283     
       40100  -5726.3765471636461     
       40150  -5728.7233281327754     
       40200  -5731.0642713383004     
       40250  -5733.3993985358611     
       40300  -5735.7287313731304     
       40350  -5738.0534556433267     
       40400  -5740.3743844840583     
       40450  -5742.6895755526239     
       40500  -5744.9990501000329     
       40550  -5747.3028292724794     
       40600  -5749.6009341119880     
       40650  -5751.8933855570576     
       40700  -5754.1802044432952     
       40750  -5756.4614115040440     
       40800  -5758.7370273710167     
       40850  -5761.0070725749129     
       40900  -5763.2715675460358     
       40950  -5765.5305326149100     
       41000  -5767.7845828892387     
       41050  -5770.0358631444997     
       41100  -5772.2816713775510     
       41150  -5774.5220219964276     
       41200  -5776.7569348710831     
       41250  -5778.9864297751337     
       41300  -5781.2106668178549     
       41350  -5783.4364521211101     
       41400  -5785.6888336156026     
       41450  -5787.9466443295360     
       41500  -5790.1990145357249     
       41550  -5792.4559874137276     
       41600  -5794.7082927727033     
       41650  -5796.9551904357386     
       41700  -5799.1969948959349     
       41750  -5801.4368186721713     
       41800  -5803.6743715812363     
       41850  -5805.9083656745725     
       41900  -5808.1375054327564     
       41950  -5810.3613313893702     
       42000  -5812.5798625222787     
       42050  -5814.7931177190803     
       42100  -5817.0011161472903     
       42150  -5819.2038764124227     
       42200  -5821.4014168664989     
       42250  -5823.5941765658044     
       42300  -5825.7836658938977     
       42350  -5827.9679852353829     
       42400  -5830.1590707611913     
       42450  -5832.3537354183309     
       42500  -5834.5462975462269     
       42550  -5836.7367339169341     
       42600  -5838.9475152452778     
       42650  -5841.1553266777155     
       42700  -5843.3579675915753     
       42750  -5845.5554561290292     
       42800  -5847.7478103474696     
       42850  -5849.9350482200098     
       42900  -5852.1231201667497     
       42950  -5854.3093353767681     
       43000  -5856.5018433943524     
       43050  -5858.6918794518133     
       43100  -5860.8823973270464     
       43150  -5863.0678386834497     
       43200  -5865.2482211478236     
       43250  -5867.4235622654596     
       43300  -5869.5938795006068     
       43350  -5871.7614808625158     
       43400  -5873.9360996809173     
       43450  -5876.1057136228656     
       43500  -5878.2727370148323     
       43550  -5880.4471809623892     
       43600  -5882.6246349740941     
       43650  -5884.7983234201456     
       43700  -5886.9670377507591     
       43750  -5889.1308406937778     
       43800  -5891.2898651967162     
       43850  -5893.4480793279254     
       43900  -5895.6159944825404     
       43950  -5897.7808165471033     
       44000  -5899.9407304298620     
       44050  -5902.0958476832211     
       44100  -5904.2464527858874     
       44150  -5906.3980509789117     
       44200  -5908.5447813027213     
       44250  -5910.6866602585678     
       44300  -5912.8237042732044     
       44350  -5914.9559296993075     
       44400  -5917.0833528158919     
       44450  -5919.2059898287271     
       44500  -5921.3238568707475     
       44550  -5923.4388329399826     
       44600  -5925.5491048869189     
       44650  -5927.6546505808938     
       44700  -5929.7554858818185     
       44750  -5931.8516265787175     
       44800  -5933.9471087370375     
       44850  -5936.0493484637018     
       44900  -5938.1469061419766     
       44950  -5940.2417498184068     
       45000  -5942.3326235106924     
       45050  -5944.4189464159590     
       45100  -5946.5075319599109     
       45150  -5948.5924780740042     
       45200  -5950.6728114754551     
       45250  -5952.7485474550249     
       45300  -5954.8197012359642     
       45350  -5956.8862879743874     
       45400  -5958.9483227596420     
       45450  -5961.0058206146768     
       45500  -5963.0587964964034     
       45550  -5965.1117293215621     
       45600  -5967.1608860060560     
       45650  -5969.2055538478671     
       45700  -5971.2457475806159     
       45750  -5973.2841593316507     
       45800  -5975.3306037118327     
       45850  -5977.3725847454934     
       45900  -5979.4101170187314     
       45950  -5981.4432150541616     
       46000  -5983.4718933112836     
       46050  -5985.5031573587758     
       46100  -5987.5323370530186     
       46150  -5989.5580577182718     
       46200  -5991.5817682220286     
       46250  -5993.6012984013760     
       46300  -5995.6165461130850     
       46350  -5997.6274459332899     
       46400  -5999.6340422829635     
       46450  -6001.6363213642271     
       46500  -6003.6342944689723     
       46550  -6005.6279754725247     
       46600  -6007.6173781906627     
       46650  -6009.6025163799295     
       46700  -6011.5859187234646     
       46750  -6013.5704171234711     
       46800  -6015.5506751422809     
       46850  -6017.5267063563551     
       46900  -6019.4985242842577     
       46950  -6021.4661423869684     
       47000  -6023.4295740681837     
       47050  -6025.3889652973803     
       47100  -6027.3444536311499     
       47150  -6029.2957945877533     
       47200  -6031.2430013474141     
       47250  -6033.1862972763802     
       47300  -6035.1270341252848     
       47350  -6037.0705192292198     
       47400  -6039.0125534429671     
       47450  -6040.9538631252135     
       47500  -6042.8910858397076     
       47550  -6044.8242344790924     
       47600  -6046.7533218818398     
       47650  -6048.6783608325350     
       47700  -6050.6003620359443     
       47750  -6052.5190600198930     
       47800  -6054.4399662702263     
       47850  -6056.3640051061002     
       47900  -6058.2840271594368     
       47950  -6060.2000449957686     
       48000  -6062.1120711282756     
       48050  -6064.0202480424059     
       48100  -6065.9249386457805     
       48150  -6067.8258588187828     
       48200  -6069.7228351739986     
       48250  -6071.6158799720006     
       48300  -6073.5051821898760     
       48350  -6075.3906892428131     
       48400  -6077.2723006200213     
       48450  -6079.1505197346878     
       48500  -6081.0305005829678     
       48550  -6082.9066091740933     
       48600  -6084.7788574594761     
       48650  -6086.6473265415425     
       48700  -6088.5121202326845     
       48750  -6090.3730887059983     
       48800  -6092.2315737232011     
       48850  -6094.0882580234120     
       48900  -6095.9412882965762     
       48950  -6097.7913286965222     
       49000  -6099.6378923622087     
       49050  -6101.4806913721040     
       49100  -6103.3197372271925     
       49150  -6105.1550413816612     
       49200  -6106.9875661815549     
       49250  -6108.8174614838854     
       49300  -6110.6438936888098     
       49350  -6112.4666249166221     
       49400  -6114.2856664051069     
       49450  -6116.1032627834957     
       49500  -6117.9186747039421     
       49550  -6119.7304228263665     
       49600  -6121.5386011974688     
       49650  -6123.3431804162446     
       49700  -6125.1441286909185     
       49750  -6126.9414569690607     
       49800  -6128.7351761542741     
       49850  -6130.5252971064183     
       49900  -6132.3118306418246     
       49950  -6134.0947875335160     
       50000  -6135.8741785114244     
       50050  -6137.6500142626037     
       50100  -6139.4223054314452     
       50150  -6141.1916763084100     
       50200  -6142.9590990266170     
       50250  -6144.7230044856833     
       50300  -6146.4834031744531     
       50350  -6148.2442606341974     
       50400  -6150.0036597805511     
       50450  -6151.7635418508180     
       50500  -6153.5264105081360     
       50550  -6155.2858136374971     
       50600  -6157.0466351901387     
       50650  -6158.8135615826350     
       50700  -6160.5810412286764     
       50750  -6162.3450381562034     
       50800  -6164.1055626488333     
       50850  -6165.8626249497374     
       50900  -6167.6162352618385     
       50950  -6169.3664037480075     
       51000  -6171.1131405312635     
       51050  -6172.8564556949623     
       51100  -6174.5963592829994     
       51150  -6176.3441551094984     
       51200  -6178.0907056469468     
       51250  -6179.8458770791813     
       51300  -6181.5978723710232     
       51350  -6183.3464557927737     
       51400  -6185.0916373012524     
       51450  -6186.8364300941812     
       51500  -6188.5792468758473     
       51550  -6190.3186828296148     
       51600  -6192.0547477834716     
       51650  -6193.7876103851786     
       51700  -6195.5187871922944     
       51750  -6197.2467997448166     
       51800  -6198.9714763657703     
       51850  -6200.6928267058729     
       51900  -6202.4127412905709     
       51950  -6204.1300053887344     
       52000  -6205.8439670559401     
       52050  -6207.5546358092797     
       52100  -6209.2650856413811     
       52150  -6210.9781337440863     
       52200  -6212.6899612512425     
       52250  -6214.3998237841761     
       52300  -6216.1065728190806     
       52350  -6217.8101653809026     
       52400  -6219.5105068118810     
       52450  -6221.2076064098164     
       52500  -6222.9124429946514     
       52550  -6224.6248761815950     
       52600  -6226.3345812507878     
       52650  -6228.0470990309022     
       52700  -6229.7567364342513     
       52750  -6231.4638592198180     
       52800  -6233.1679171241221     
       52850  -6234.8777411839192     
       52900  -6236.5862606066403     
       52950  -6238.2929225428925     
       53000  -6239.9963643622850     
       53050  -6241.6965951697648     
       53100  -6243.3946166670721     
       53150  -6245.0921868126843     
       53200  -6246.7910545461891     
       53250  -6248.4867319177520     
       53300  -6250.1792279058791     
       53350  -6251.8700685607564     
       53400  -6253.5591419410566     
       53450  -6255.2450552214859     
       53500  -6256.9304235738364     
       53550  -6258.6181778874534     
       53600  -6260.3027834057084     
       53650  -6261.9842489323173     
       53700  -6263.6625832382060     
       53750  -6265.3377950616650     
       53800  -6267.0098931085013     
       53850  -6268.6812044992812     
       53900  -6270.3498563261282     
       53950  -6272.0154151931483     
       54000  -6273.6792595292300     
       54050  -6275.3443593278580     
       54100  -6277.0088589095094     
       54150  -6278.6715597846978     
       54200  -6280.3311929460942     
       54250  -6281.9877668758563     
       54300  -6283.6412900249006     
       54350  -6285.2926846508044     
       54400  -6286.9419566226579     
       54450  -6288.5881996285389     
       54500  -6290.2314220050512     
       54550  -6291.8716320582334     
       54600  -6293.5088380636989     
       54650  -6295.1430482667756     
       54700  -6296.7785945521891     
       54750  -6298.4222613924221     
       54800  -6300.0629288406108     
       54850  -6301.7006050992850     
       54900  -6303.3352983410959     
       54950  -6304.9670174814237     
       55000  -6306.5973725584463     
       55050  -6308.2256295231782     
       55100  -6309.8519043613505     
       55150  -6311.4878947389752     
       55200  -6313.1212841682946     
       55250  -6314.7517172366552     
       55300  -6316.3792019631201     
       55350  -6318.0037463377757     
       55400  -6319.6343818380656     
       55450  -6321.2626520568265     
       55500  -6322.8879884553726     
       55550  -6324.5103989558120     
       55600  -6326.1298914517538     
       55650  -6327.7465092712955     
       55700  -6329.3602325024531     
       55750  -6330.9710611627934     
       55800  -6332.5790030334201     
       55850  -6334.1849779021750     
       55900  -6335.7883368388493     
       55950  -6337.3888300759054     
       56000  -6338.9968371501545     
       56050  -6340.6060052480052     
       56100  -6342.2123049535248     
       56150  -6343.8157439293827     
       56200  -6345.4163298109770     
       56250  -6347.0140702065592     
       56300  -6348.6089726973541     
       56350  -6350.2020928023112     
       56400  -6351.7961353204764     
       56450  -6353.3906058231269     
       56500  -6354.9854083577711     
       56550  -6356.5773907287812     
       56600  -6358.1665604100908     
       56650  -6359.7529248492438     
       56700  -6361.3364914675167     
       56750  -6362.9173293727617     
       56800  -6364.4955793643030     
       56850  -6366.0770501965408     
       56900  -6367.6562265220427     
       56950  -6369.2326299303804     
       57000  -6370.8062677187027     
       57050  -6372.3771471585796     
       57100  -6373.9452754961103     
       57150  -6375.5106599520350     
       57200  -6377.0735345158937     
       57250  -6378.6460661222700     
       57300  -6380.2158533453885     
       57350  -6381.7910778792557     
       57400  -6383.3637307831696     
       57450  -6384.9344566421059     
       57500  -6386.5030371233479     
       57550  -6388.0688920086195     
       57600  -6389.6320283958266     
       57650  -6391.1924895835418     
       57700  -6392.7502825263582     
       57750  -6394.3053779922175     
       57800  -6395.8581784125990     
       57850  -6397.4116705914948     
       57900  -6398.9637267850630     
       57950  -6400.5196462078802     
       58000  -6402.0728830110020     
       58050  -6403.6237445231654     
       58100  -6405.1731372919457     
       58150  -6406.7198655847697     
       58200  -6408.2708557686528     
       58250  -6409.8193244015119     
       58300  -6411.3651369989802     
       58350  -6412.9083003889118     
       58400  -6414.4488213757786     
       58450  -6415.9867067407686     
       58500  -6417.5219632418866     
       58550  -6419.0545976140538     
       58600  -6420.5846165692037     
       58650  -6422.1120267963815     
       58700  -6423.6368349618442     
       58750  -6425.1590477091531     
       58800  -6426.6786716592715     
       58850  -6428.1957134106651     
       58900  -6429.7101795393910     
       58950  -6431.2220765991960     
       59000  -6432.7314111216110     
       59050  -6434.2391176407737     
       59100  -6435.7498587234204     
       59150  -6437.2600699855820     
       59200  -6438.7677302152060     
       59250  -6440.2728458706024     
       59300  -6441.7754233883006     
       59350  -6443.2770935136759     
       59400  -6444.7783011644678     
       59450  -6446.2769836552070     
       59500  -6447.7731473518443     
       59550  -6449.2667985989492     
       59600  -6450.7579437198010     
       59650  -6452.2465890164767     
       59700  -6453.7335713400971     
       59750  -6455.2183565681162     
       59800  -6456.7006588776940     
       59850  -6458.1804844916833     
       59900  -6459.6587435522451     
       59950  -6461.1366442272583     
       60000  -6462.6145384926995     
       60050  -6464.0923055270059     
       60100  -6465.5722907071859     
       60150  -6467.0529712206680     
       60200  -6468.5311921319671     
       60250  -6470.0069595645755     
       60300  -6471.4802796216745     
       60350  -6472.9511583862177     
       60400  -6474.4196019210176     
       60450  -6475.8913454417425     
       60500  -6477.3622784035151     
       60550  -6478.8307820788114     
       60600  -6480.2970058852325     
       60650  -6481.7608394677000     
       60700  -6483.2222614627171     
       60750  -6484.6812778248204     
       60800  -6486.1395542442497     
       60850  -6487.5977968796215     
       60900  -6489.0536450279069     
       60950  -6490.5085444577844     
       61000  -6491.9613328438754     
       61050  -6493.4126798328280     
       61100  -6494.8631276711249     
       61150  -6496.3112035587465     
       61200  -6497.7569133092975     
       61250  -6499.2005773704168     
       61300  -6500.6501701230163     
       61350  -6502.1024362638900     
       61400  -6503.5523371504632     
       61450  -6504.9998785563421     
       61500  -6506.4464945504815     
       61550  -6507.8912109144721     
       61600  -6509.3340355317350     
       61650  -6510.7748479832162     
       61700  -6512.2133252443382     
       61750  -6513.6494729876285     
       61800  -6515.0832968672566     
       61850  -6516.5148025191093     
       61900  -6517.9439955608605     
       61950  -6519.3708815920527     
       62000  -6520.7954661941631     
       62050  -6522.2177549306771     
       62100  -6523.6377533471641     
       62150  -6525.0554669713483     
       62200  -6526.4732770884029     
       62250  -6527.8895592410463     
       62300  -6529.3035680676012     
       62350  -6530.7153090371776     
       62400  -6532.1247876013540     
       62450  -6533.5335445406063     
       62500  -6534.9403636078850     
       62550  -6536.3461317007259     
       62600  -6537.7499692008241     
       62650  -6539.1515659387514     
       62700  -6540.5509272751833     
       62750  -6541.9480585537076     
       62800  -6543.3429651008973     
       62850  -6544.7357232184950     
       62900  -6546.1267028420580     
       62950  -6547.5154728077596     
       63000  -6548.9020383766901     
       63050  -6550.2864047932517     
       63100  -6551.6688617369400     
       63150  -6553.0491413595919     
       63200  -6554.4272369954988     
       63250  -6555.8031538240766     
       63300  -6557.1768970083758     
       63350  -6558.5484716951460     
       63400  -6559.9178830149031     
       63450  -6561.2868166491562     
       63500  -6562.6579960717863     
       63550  -6564.0321811069607     
       63600  -6565.4042268741023     
       63650  -6566.7742459052142     
       63700  -6568.1432731553559     
       63750  -6569.5101529117710     
       63800  -6570.8750119269325     
       63850  -6572.2379694028541     
       63900  -6573.5987939249799     
       63950  -6574.9578461195260     
       64000  -6576.3151597524993     
       64050  -6577.6703542385048     
       64100  -6579.0234345365452     
       64150  -6580.3744055901607     
       64200  -6581.7244185411755     
       64250  -6583.0731306665384     
       64300  -6584.4200149331627     
       64350  -6585.7648061395448     
       64400  -6587.1075091608236     
       64450  -6588.4481288570105     
       64500  -6589.7866700730492     
       64550  -6591.1231376388687     
       64600  -6592.4578804227094     
       64650  -6593.7912435740882     
       64700  -6595.1240151211632     
       64750  -6596.4549322357307     
       64800  -6597.7852895929091     
       64850  -6599.1139869634098     
       64900  -6600.4424189374995     
       64950  -6601.7692239576618     
       65000  -6603.0951775428512     
       65050  -6604.4325216941979     
       65100  -6605.7683613425397     
       65150  -6607.1024263127429     
       65200  -6608.4344451710285     
       65250  -6609.7644226211023     
       65300  -6611.0923633522625     
       65350  -6612.4186109223519     
       65400  -6613.7439028996841     
       65450  -6615.0671699847671     
       65500  -6616.3887807515321     
       65550  -6617.7096646680729     
       65600  -6619.0285350420581     
       65650  -6620.3464933367650     
       65700  -6621.6626861981586     
       65750  -6623.0050584789014     
       65800  -6624.3524306350109     
       65850  -6625.6977566678752     
       65900  -6627.0410412348328     
       65950  -6628.3822889790963     
       66000  -6629.7215045298071     
       66050  -6631.0587749275937     
       66100  -6632.3950875273813     
       66150  -6633.7295468035509     
       66200  -6635.0619902802091     
       66250  -6636.3924225214323     
       66300  -6637.7208480775244     
       66350  -6639.0472714850766     
       66400  -6640.3726724771550     
       66450  -6641.7048491724690     
       66500  -6643.0350225945567     
       66550  -6644.3631972586854     
       66600  -6645.6902729220401     
       66650  -6647.0167958705924     
       66700  -6648.3413300291168     
       66750  -6649.6681761262844     
       66800  -6650.9976867242603     
       66850  -6652.3252085255299     
       66900  -6653.6512949007501     
       66950  -6654.9760986572855     
       67000  -6656.2989250947821     
       67050  -6657.6197786367711     
       67100  -6658.9386636936015     
       67150  -6660.2555846624837     
       67200  -6661.5714343336076     
       67250  -6662.8853278759916     
       67300  -6664.1972691248511     
       67350  -6665.5072624282775     
       67400  -6666.8153420640228     
       67450  -6668.1214908065458     
       67500  -6669.4257045138947     
       67550  -6670.7279874829646     
       67600  -6672.0305534294157     
       67650  -6673.3473844495757     
       67700  -6674.6646919700206     
       67750  -6675.9814469057947     
       67800  -6677.2962597251444     
       67850  -6678.6091347216216     
       67900  -6679.9200761761294     
       67950  -6681.2290883569740     
       68000  -6682.5361755199056     
       68050  -6683.8413419081671     
       68100  -6685.1445917525398     
       68150  -6686.4459292713891     
       68200  -6687.7453586707088     
       68250  -6689.0428841441690     
       68300  -6690.3387128093855     
       68350  -6691.6331670566524     
       68400  -6692.9257288269500     
       68450  -6694.2164022674142     
       68500  -6695.5051915130762     
       68550  -6696.7921006868983     
       68600  -6698.0771338998256     
       68650  -6699.3602952508254     
       68700  -6700.6446499633475     
       68750  -6701.9281542554736     
       68800  -6703.2097929890342     
       68850  -6704.4895702284293     
       68900  -6705.7674900262573     
       68950  -6707.0435564233640     
       69000  -6708.3177734488800     
       69050  -6709.5906616574248     
       69100  -6710.8629293059012     
       69150  -6712.1334640136001     
       69200  -6713.4029684579600     
       69250  -6714.6717516087656     
       69300  -6715.9387039036546     
       69350  -6717.2038726962674     
       69400  -6718.4675679390139     
       69450  -6719.7296261860583     
       69500  -6720.9898685219559     
       69550  -6722.2494735617138     
       69600  -6723.5079291173852     
       69650  -6724.7646366942545     
       69700  -6726.0204625534407     
       69750  -6727.2744879454449     
       69800  -6728.5279768581613     
       69850  -6729.7805830735388     
       69900  -6731.0313972914701     
       69950  -6732.2804233546940     
       70000  -6733.5276650949700     
       70050  -6734.7737722673719     
       70100  -6736.0195668972492     
       70150  -6737.2637491022842     
       70200  -6738.5062769255546     
       70250  -6739.7470520996185     
       70300  -6740.9867069271095     
       70350  -6742.2264330283406     
       70400  -6743.4643981549962     
       70450  -6744.7006060564900     
       70500  -6745.9390536461142     
       70550  -6747.1764858746792     
       70600  -6748.4166238372845     
       70650  -6749.6550965309007     
       70700  -6750.8918174951059     
       70750  -6752.1267904438137     
       70800  -6753.3600190804473     
       70850  -6754.5915070979754     
       70900  -6755.8212581789476     
       70950  -6757.0492759955350     
       71000  -6758.2756827368021     
       71050  -6759.5005024029579     
       71100  -6760.7242942822104     
       71150  -6761.9468290758296     
       71200  -6763.1680140965918     
       71250  -6764.3896375921322     
       71300  -6765.6098017413351     
       71350  -6766.8282557796065     
       71400  -6768.0458311500624     
       71450  -6769.2629433329121     
       71500  -6770.4783532609599     
       71550  -6771.6920645028749     
       71600  -6772.9040806173580     
       71650  -6774.1144051531737     
       71700  -6775.3230416491915     
       71750  -6776.5299936344127     
       71800  -6777.7363847618144     
       71850  -6778.9425214807370     
       71900  -6780.1469806798832     
       71950  -6781.3497658565157     
       72000  -6782.5508804981800     
       72050  -6783.7506455290422     
       72100  -6784.9487597484922     
       72150  -6786.1512561738455     
       72200  -6787.3532373029439     
       72250  -6788.5535547903410     
       72300  -6789.7522120875756     
       72350  -6790.9526392812368     
       72400  -6792.1545692984037     
       72450  -6793.3548403369405     
       72500  -6794.5534558292165     
       72550  -6795.7504191981407     
       72600  -6796.9457338571910     
       72650  -6798.1394032104463     
       72700  -6799.3341705619223     
       72750  -6800.5287335577841     
       72800  -6801.7217658403679     
       72850  -6802.9131604671074     
       72900  -6804.1029208076643     
       72950  -6805.2977482504593     
       73000  -6806.4927230728581     
       73050  -6807.6860620638781     
       73100  -6808.8777685802179     
       73150  -6810.0678459693991     
       73200  -6811.2562975697974     
       73250  -6812.4431267106729     
       73300  -6813.6301138419522     
       73350  -6814.8217791599718     
       73400  -6816.0118209557586     
       73450  -6817.2002425448809     
       73500  -6818.3874423014358     
       73550  -6819.5746071142130     
       73600  -6820.7604207121294     
       73650  -6821.9465426667130     
       73700  -6823.1310552292289     
       73750  -6824.3139616730150     
       73800  -6825.4952652625425     
       73850  -6826.6749692534368     
       73900  -6827.8533154867446     
       73950  -6829.0305995919462     
       74000  -6830.2062927726811     
       74050  -6831.3874308048526     
       74100  -6832.5729615097662     
       74150  -6833.7568933870252     
       74200  -6834.9392296687638     
       74250  -6836.1199735784048     
       74300  -6837.2991910969768     
       74350  -6838.4773870965046     
       74400  -6839.6540327311459     
       74450  -6840.8298949446180     
       74500  -6842.0056193293904     
       74550  -6843.1798917967917     
       74600  -6844.3570808493423     
       74650  -6845.5359426488394     
       74700  -6846.7132263200901     
       74750  -6847.8889841838327     
       74800  -6849.0655771111287     
       74850  -6850.2405981039856     
       74900  -6851.4140503104700     
       74950  -6852.5859368702486     
       75000  -6853.7562609146134     
       75050  -6854.9258137078377     
       75100  -6856.0939373904303     
       75150  -6857.2605066835577     
       75200  -6858.4255246877310     
       75250  -6859.5939273952799     
       75300  -6860.7607784392067     
       75350  -6861.9260809084226     
       75400  -6863.0898378836482     
       75450  -6864.2520524374349     
       75500  -6865.4127276341969     
       75550  -6866.5718665302356     
       75600  -6867.7294721737662     
       75650  -6868.8855476049457     
       75700  -6870.0400958558994     
       75750  -6871.1931199507453     
       75800  -6872.3446229056253     
       75850  -6873.4946077287250     
       75900  -6874.6430774203063     
       75950  -6875.7911413149313     
       76000  -6876.9402743659784     
       76050  -6878.0885940338294     
       76100  -6879.2371974926837     
       76150  -6880.3842926081916     
       76200  -6881.5298823495314     
       76250  -6882.6742586251621     
       76300  -6883.8172588162543     
       76350  -6884.9587619540507     
       76400  -6886.0987709777928     
       76450  -6887.2377052820611     
       76500  -6888.3751507833176     
       76550  -6889.5111103988775     
       76600  -6890.6455870384370     
       76650  -6891.7785836041030     
       76700  -6892.9106885010860     
       76750  -6894.0415031204811     
       76800  -6895.1708453250076     
       76850  -6896.2987179886040     
       76900  -6897.4251239777350     
       76950  -6898.5500661514161     
       77000  -6899.6735473612343     
       77050  -6900.7955704513779     
       77100  -6901.9161382586553     
       77150  -6903.0352536125201     
       77200  -6904.1529193350980     
       77250  -6905.2721161013651     
       77300  -6906.3898650063566     
       77350  -6907.5061688578180     
       77400  -6908.6210304562419     
       77450  -6909.7345100423081     
       77500  -6910.8466643241600     
       77550  -6911.9576537709427     
       77600  -6913.0676801543568     
       77650  -6914.1762770124869     
       77700  -6915.2834471050337     
       77750  -6916.3891931845992     
       77800  -6917.4935179967106     
       77850  -6918.5964242798409     
       77900  -6919.6979147654311     
       77950  -6920.7979921779170     
       78000  -6921.8966592347451     
       78050  -6922.9939186464017     
       78100  -6924.0897731164296     
       78150  -6925.1847675446179     
       78200  -6926.2787541030120     
       78250  -6927.3713425955166     
       78300  -6928.4625357004197     
       78350  -6929.5523360891702     
       78400  -6930.6407464264048     
       78450  -6931.7283920439031     
       78500  -6932.8156674201728     
       78550  -6933.9015586139149     
       78600  -6934.9862003373519     
       78650  -6936.0698074088978     
       78700  -6937.1525160293268     
       78750  -6938.2339453857012     
       78800  -6939.3140023697961     
       78850  -6940.3926895923387     
       78900  -6941.4700096574379     
       78950  -6942.5489760703049     
       79000  -6943.6291117762012     
       79050  -6944.7083340698946     
       79100  -6945.7861919864781     
       79150  -6946.8626881116315     
       79200  -6947.9378250245063     
       79250  -6949.0116052977437     
       79300  -6950.0840314974967     
       79350  -6951.1551061834498     
       79400  -6952.2248319088412     
       79450  -6953.2932112204817     
       79500  -6954.3602466587745     
       79550  -6955.4259407577356     
       79600  -6956.4902960450136     
       79650  -6957.5537019527874     
       79700  -6958.6160105898525     
       79750  -6959.6769871784691     
       79800  -6960.7367146826355     
       79850  -6961.7952462338990     
       79900  -6962.8524529646984     
       79950  -6963.9083373606245     
       80000  -6964.9629019010563     
       80050  -6966.0161490591754     
       80100  -6967.0682323669862     
       80150  -6968.1190276085017     
       80200  -6969.1685126315115     
       80250  -6970.2166898850228     
       80300  -6971.2639717784978     
       80350  -6972.3104717229080     
       80400  -6973.3610534540976     
       80450  -6974.4118467559128     
       80500  -6975.4613347244331     
       80550  -6976.5095197904484     
       80600  -6977.5566882477669     
       80650  -6978.6030626373304     
       80700  -6979.6481404043534     
       80750  -6980.6919239574245     
       80800  -6981.7344156991667     
       80850  -6982.7763821072895     
       80900  -6983.8171848554548     
       80950  -6984.8567018682907     
       81000  -6985.8949355267905     
       81050  -6986.9320697181029     
       81100  -6987.9679956201335     
       81150  -6989.0032242590487     
       81200  -6990.0374762261454     
       81250  -6991.0704552677435     
       81300  -6992.1021637324147     
       81350  -6993.1369534035484     
       81400  -6994.1715585265365     
       81450  -6995.2105431727705     
       81500  -6996.2498234928344     
       81550  -6997.2891958196333     
       81600  -6998.3286959751267     
       81650  -6999.3720515690875     
       81700  -7000.4157486587446     
       81750  -7001.4581690547147     
       81800  -7002.4995675963255     
       81850  -7003.5399267451749     
       81900  -7004.5796639759237     
       81950  -7005.6197986593779     
       82000  -7006.6586648859002     
       82050  -7007.6962649744255     
       82100  -7008.7326012382391     
       82150  -7009.7676759849937     
       82200  -7010.8014915167278     
       82250  -7011.8340501298826     
       82300  -7012.8653541153180     
       82350  -7013.9041095112225     
       82400  -7014.9430203118882     
       82450  -7015.9806710630692     
       82500  -7017.0170640557635     
       82550  -7018.0522015754195     
       82600  -7019.0885244612755     
       82650  -7020.1251585900591     
       82700  -7021.1609932443689     
       82750  -7022.1979977791843     
       82800  -7023.2339549213884     
       82850  -7024.2686616626961     
       82900  -7025.3021202655946     
       82950  -7026.3343329871159     
       83000  -7027.3653020788515     
       83050  -7028.3950297869733     
       83100  -7029.4235183522451     
       83150  -7030.4507700100412     
       83200  -7031.4767869903653     
       83250  -7032.5015715178597     
       83300  -7033.5257249972610     
       83350  -7034.5491598492672     
       83400  -7035.5713675611623     
       83450  -7036.5923503387121     
       83500  -7037.6121103823962     
       83550  -7038.6306498874283     
       83600  -7039.6479710437698     
       83650  -7040.6640760361470     
       83700  -7041.6789670440648     
       83750  -7042.6948945895510     
       83800  -7043.7139716466190     
       83850  -7044.7323121731442     
       83900  -7045.7498465909111     
       83950  -7046.7661689367087     
       84000  -7047.7812813749524     
       84050  -7048.7951860649046     
       84100  -7049.8078851606961     
       84150  -7050.8193808113347     
       84200  -7051.8296751607259     
       84250  -7052.8387703476837     
       84300  -7053.8468336863280     
       84350  -7054.8537796150003     
       84400  -7055.8602515450511     
       84450  -7056.8660520730073     
       84500  -7057.8768215152149     
       84550  -7058.8872920217100     
       84600  -7059.8965681186228     
       84650  -7060.9047288395232     
       84700  -7061.9118193701706     
       84750  -7062.9190779902974     
       84800  -7063.9302359977264     
       84850  -7064.9420472865686     
       84900  -7065.9559059946760     
       84950  -7066.9688527284861     
       85000  -7067.9806077602570     
       85050  -7068.9911731917546     
       85100  -7070.0005511198078     
       85150  -7071.0087436363192     
       85200  -7072.0158896509047     
       85250  -7073.0219910049173     
       85300  -7074.0269128731688     
       85350  -7075.0306573285698     
       85400  -7076.0385904560180     
       85450  -7077.0465294627174     
       85500  -7078.0532895933857     
       85550  -7079.0588729150177     
       85600  -7080.0632814897781     
       85650  -7081.0665173750176     
       85700  -7082.0685826232857     
       85750  -7083.0694792823415     
       85800  -7084.0692093951757     
       85850  -7085.0677750000159     
       85900  -7086.0651781303450     
       85950  -7087.0623294821708     
       86000  -7088.0611971290582     
       86050  -7089.0589039768211     
       86100  -7090.0555235859620     
       86150  -7091.0509893318695     
       86200  -7092.0453002451250     
       86250  -7093.0396694132342     
       86300  -7094.0329916077226     
       86350  -7095.0251634580363     
       86400  -7096.0161869613012     
       86450  -7097.0060641100217     
       86500  -7097.9947968920969     
       86550  -7098.9823872908300     
       86600  -7099.9688372849459     
       86650  -7100.9585899580534     
       86700  -7101.9480464856806     
       86750  -7102.9363624294128     
       86800  -7103.9235397603079     
       86850  -7104.9111775093452     
       86900  -7105.8978175314978     
       86950  -7106.8833228325211     
       87000  -7107.8676953688309     
       87050  -7108.8525519915574     
       87100  -7109.8406508442713     
       87150  -7110.8284533033866     
       87200  -7111.8152592038577     
       87250  -7112.8009340947010     
       87300  -7113.7854799192319     
       87350  -7114.7688986163166     
       87400  -7115.7511921203841     
       87450  -7116.7324390134763     
       87500  -7117.7127272740518     
       87550  -7118.6918958450078     
       87600  -7119.6699466436239     
       87650  -7120.6468815828002     
       87700  -7121.6228172293795     
       87750  -7122.5976946246883     
       87800  -7123.5714616812784     
       87850  -7124.5441202950033     
       87900  -7125.5156723574037     
       87950  -7126.4861197557202     
       88000  -7127.4554643729025     
       88050  -7128.4237080876237     
       88100  -7129.3908527742906     
       88150  -7130.3569003030616     
       88200  -7131.3218525398488     
       88250  -7132.2857113463397     
       88300  -7133.2484785800025     
       88350  -7134.2101560941037     
       88400  -7135.1707457377133     
       88450  -7136.1302493557223     
       88500  -7137.0886826362748     
       88550  -7138.0460889112846     
       88600  -7139.0043029237677     
       88650  -7139.9633764034343     
       88700  -7140.9213720149928     
       88750  -7141.8782881948764     
       88800  -7142.8341267664491     
       88850  -7143.7888895489714     
       88900  -7144.7425783576109     
       88950  -7145.6951950034518     
       89000  -7146.6467412935108     
       89050  -7147.5972190307457     
       89100  -7148.5466300140661     
       89150  -7149.4949760383479     
       89200  -7150.4422588944408     
       89250  -7151.3884803691826     
       89300  -7152.3336422454086     
       89350  -7153.2777463019638     
       89400  -7154.2207943137118     
       89450  -7155.1639636843975     
       89500  -7156.1062705097302     
       89550  -7157.0475380777707     
       89600  -7157.9877703899774     
       89650  -7158.9269539210227     
       89700  -7159.8650904247188     
       89750  -7160.8021816509745     
       89800  -7161.7382293457968     
       89850  -7162.6732352513100     
       89900  -7163.6072011057604     
       89950  -7164.5401286435299     
       90000  -7165.4720195951459     
       90050  -7166.4028756872931     
       90100  -7167.3326986428237     
       90150  -7168.2614901807656     
       90200  -7169.1892520163374     
       90250  -7170.1159858609562     
       90300  -7171.0416934222476     
       90350  -7171.9663764040570     
       90400  -7172.8900365064628     
       90450  -7173.8126754257801     
       90500  -7174.7342948545802     
       90550  -7175.6557373597780     
       90600  -7176.5767713959413     
       90650  -7177.4967893989706     
       90700  -7178.4157930491856     
       90750  -7179.3337840232025     
       90800  -7180.2507639939431     
       90850  -7181.1667654481689     
       90900  -7182.0824984136834     
       90950  -7182.9972245260196     
       91000  -7183.9109454448253     
       91050  -7184.8236628261038     
       91100  -7185.7355947141186     
       91150  -7186.6476615625870     
       91200  -7187.5587458602331     
       91250  -7188.4689236519253     
       91300  -7189.3781045347541     
       91350  -7190.2862901456811     
       91400  -7191.1934821180839     
       91450  -7192.0996820817691     
       91500  -7193.0048916629803     
       91550  -7193.9091124844090     
       91600  -7194.8127636850932     
       91650  -7195.7155205059062     
       91700  -7196.6172928590850     
       91750  -7197.5180823541132     
       91800  -7198.4178905969675     
       91850  -7199.3167191901293     
       91900  -7200.2145697325914     
       91950  -7201.1114438198692     
       92000  -7202.0104180911903     
       92050  -7202.9091840915517     
       92100  -7203.8069742330636     
       92150  -7204.7038699880832     
       92200  -7205.5998023106476     
       92250  -7206.4949483753180     
       92300  -7207.3905920497864     
       92350  -7208.2876588233003     
       92400  -7209.1837547453279     
       92450  -7210.0788813910731     
       92500  -7210.9730968115182     
       92550  -7211.8664361214123     
       92600  -7212.7588194837099     
       92650  -7213.6502396691449     
       92700  -7214.5409223725965     
       92750  -7215.4310796248838     
       92800  -7216.3205615005536     
       92850  -7217.2096603647660     
       92900  -7218.0978021796091     
       92950  -7218.9849884895420     
       93000  -7219.8712208357001     
       93050  -7220.7565013468811     
       93100  -7221.6408451417210     
       93150  -7222.5243530799789     
       93200  -7223.4082178219187     
       93250  -7224.2911347196314     
       93300  -7225.1731052969817     
       93350  -7226.0541310745703     
       93400  -7226.9343068316621     
       93450  -7227.8138060163865     
       93500  -7228.6923645602710     
       93550  -7229.5702600535660     
       93600  -7230.4475165533959     
       93650  -7231.3244878191108     
       93700  -7232.2017871616245     
       93750  -7233.0781507181719     
       93800  -7233.9535799852138     
       93850  -7234.8280764560195     
       93900  -7235.7016416206807     
       93950  -7236.5742769661128     
       94000  -7237.4459839760721     
       94050  -7238.3167641311557     
       94100  -7239.1866189088159     
       94150  -7240.0555497833666     
       94200  -7240.9235582259917     
       94250  -7241.7906457047520     
       94300  -7242.6568136845945     
       94350  -7243.5220636273634     
       94400  -7244.3865034162700     
       94450  -7245.2502286576973     
       94500  -7246.1130434552560     
       94550  -7246.9749457041144     
       94600  -7247.8360714648079     
       94650  -7248.6968255953088     
       94700  -7249.5597267749226     
       94750  -7250.4222990244607     
       94800  -7251.2839613876586     
       94850  -7252.1448837842827     
       94900  -7253.0054322334008     
       94950  -7253.8650743650360     
       95000  -7254.7242930182538     
       95050  -7255.5855633717347     
       95100  -7256.4459280781566     
       95150  -7257.3053885652334     
       95200  -7258.1645450674878     
       95250  -7259.0228969976597     
       95300  -7259.8803482437506     
       95350  -7260.7369041939201     
       95400  -7261.5952200575712     
       95450  -7262.4534052588833     
       95500  -7263.3109181563805     
       95550  -7264.1679505845068     
       95600  -7265.0240865351980     
       95650  -7265.8793274143245     
       95700  -7266.7336746248220     
       95750  -7267.5871295666921     
       95800  -7268.4396936370149     
       95850  -7269.2913682299559     
       95900  -7270.1421547367736     
       95950  -7270.9920545458244     
       96000  -7271.8410690425744     
       96050  -7272.6919108352431     
       96100  -7273.5425908457964     
       96150  -7274.3926070917250     
       96200  -7275.2441972909783     
       96250  -7276.0987353813416     
       96300  -7276.9552757331066     
       96350  -7277.8109270964424     
       96400  -7278.6656908546292     
       96450  -7279.5195683880793     
       96500  -7280.3725610743450     
       96550  -7281.2253908339317     
       96600  -7282.0856197348039     
       96650  -7282.9449585902539     
       96700  -7283.8034087809101     
       96750  -7284.6609716845478     
       96800  -7285.5176486760947     
       96850  -7286.3734411276400     
       96900  -7287.2283504084407     
       96950  -7288.0823778849290     
       97000  -7288.9355249207201     
       97050  -7289.7877928766184     
       97100  -7290.6391831106257     
       97150  -7291.4896969779484     
       97200  -7292.3393358310050     
       97250  -7293.1881010194311     
       97300  -7294.0359938900883     
       97350  -7294.8830157870734     
       97400  -7295.7310412165107     
       97450  -7296.5803942343564     
       97500  -7297.4288761209018     
       97550  -7298.2764882156625     
       97600  -7299.1232318554075     
       97650  -7299.9691083741700     
       97700  -7300.8141191032501     
       97750  -7301.6582653712276     
       97800  -7302.5015485039612     
       97850  -7303.3439698246020     
       97900  -7304.1873311541131     
       97950  -7305.0300768690140     
       98000  -7305.8719626393085     
       98050  -7306.7135875892991     
       98100  -7307.5546624188646     
       98150  -7308.3948803204339     
       98200  -7309.2342426029581     
       98250  -7310.0727505727264     
       98300  -7310.9104055333701     
       98350  -7311.7472087858687     
       98400  -7312.5831616285577     
       98450  -7313.4182653571361     
       98500  -7314.2525290784542     
       98550  -7315.0860686151018     
       98600  -7315.9187627769661     
       98650  -7316.7506128494615     
       98700  -7317.5860527269670     
       98750  -7318.4233619757588     
       98800  -7319.2598237455550     
       98850  -7320.0954393223610     
       98900  -7320.9302099895849     
       98950  -7321.7641370280398     
       99000  -7322.5972217159506     
       99050  -7323.4294653289626     
       99100  -7324.2608691401447     
       99150  -7325.0914344199991     
       99200  -7325.9211624364671     
       99250  -7326.7500544549330     
       99300  -7327.5789963294947     
       99350  -7328.4078570002748     
       99400  -7329.2358838072014     
       99450  -7330.0630780079864     
       99500  -7330.8895849647870     
       99550  -7331.7160178601407     
       99600  -7332.5416210035919     
       99650  -7333.3663956441396     
       99700  -7334.1904213948264     
       99750  -7335.0155009089767     
       99800  -7335.8397536901466     
       99850  -7336.6631809802984     
       99900  -7337.4857840189088     
       99950  -7338.3075640429734     
      100000  -7339.1287897387474     
