  0.26807163366400116       0.84047390544023792        3.5843590166778162E-002   1.1947863388926054E-002   78.250257601622451     
  0.33810032752273966        5.7299145812923953E-002   3.5843590166778162E-002   1.1947863388926054E-002   131.11248277340133     
  0.12895844083347704       0.37474705749526432        3.5843590166778162E-002   1.1947863388926054E-002   99.136661098625609     
  0.25282773118948432       0.55149352870178381        3.5843590166778162E-002   1.1947863388926054E-002   128.54688830975701     
  0.50897479209250640        4.5664197296425117E-002   3.5843590166778162E-002   1.1947863388926054E-002   92.909372661866556     
   7.6701378226101929E-002  0.99660156643668607        3.5843590166778162E-002   1.1947863388926054E-002   52.036814877357919     
  0.84442423739287076       0.40145271243547942        3.5843590166778162E-002   1.1947863388926054E-002   152.97974608991220     
  0.47626822138335501       0.62456288975072871        3.5843590166778162E-002   1.1947863388926054E-002   67.408205321849067     
  0.59626150582089466       0.63568597727626297        3.5843590166778162E-002   1.1947863388926054E-002   99.744107787613359     
   1.6403448951567132E-002  0.44170049105173675        3.5843590166778162E-002   1.1947863388926054E-002   39.842780421784305     
  0.49752886606843844       0.67150568162692947        3.5843590166778162E-002   1.1947863388926054E-002   39.021563090771842     
   4.5973149550947223E-002  0.59357980917002906        3.5843590166778162E-002   1.1947863388926054E-002   22.358730528732806     
  0.24897743024075478       0.20137863188982125        3.5843590166778162E-002   1.1947863388926054E-002   153.70971407989305     
   7.3629119088163192E-002  0.95352138381057583        3.5843590166778162E-002   1.1947863388926054E-002   40.001224968630879     
  0.52678416007042561       0.77728723239733866        3.5843590166778162E-002   1.1947863388926054E-002   139.70137947919650     
  0.17778842342645673       0.79176383355945690        3.5843590166778162E-002   1.1947863388926054E-002   82.567901740908454     
  0.90084817939069828       0.73885756498767119        3.5843590166778162E-002   1.1947863388926054E-002   12.686914269992949     
  0.93837300956328673       0.89884064329848790        3.5843590166778162E-002   1.1947863388926054E-002   139.23634719806236     
  0.42581014157918379       0.62108865573190608        3.5843590166778162E-002   1.1947863388926054E-002   81.232728047660501     
  0.55594090756726322        8.1271834933229842E-002   3.5843590166778162E-002   1.1947863388926054E-002   135.24974047030693     
  0.98597538834805976       0.97943903972108814        3.5843590166778162E-002   1.1947863388926054E-002   46.070991622300021     
  0.21394221586412207       0.41938195040468412        3.5843590166778162E-002   1.1947863388926054E-002   27.151306563923626     
  0.19075196479163925       0.66395117341830878        3.5843590166778162E-002   1.1947863388926054E-002   57.954098529228176     
  0.18016673778843725       0.40753879218488248        3.5843590166778162E-002   1.1947863388926054E-002   168.36635589187046     
  0.63118088741338596       0.60173562574357153        3.5843590166778162E-002   1.1947863388926054E-002   120.19446630800591     
  0.51778029976940032        6.3823797303554267E-002   3.5843590166778162E-002   1.1947863388926054E-002   126.74950276208470     
  0.19083712167160369       0.50143771238071833        3.5843590166778162E-002   1.1947863388926054E-002   107.11334759585306     
  0.95833364150410494       0.96815476740322781        3.5843590166778162E-002   1.1947863388926054E-002   80.773728725391877     
  0.16561015466082057       0.15939711981491606        3.5843590166778162E-002   1.1947863388926054E-002   139.61037036351928     
  0.17239302939428366       0.49191497619744934        3.5843590166778162E-002   1.1947863388926054E-002   122.76679688840068     
  0.32988366113980822       0.23970240670087531        3.5843590166778162E-002   1.1947863388926054E-002   95.518689145840966     
  0.32037578720224180       0.21023640065393426        3.5843590166778162E-002   1.1947863388926054E-002   158.41090783706269     
  0.24925849222902760       0.41944573881697522        3.5843590166778162E-002   1.1947863388926054E-002   143.04281198356256     
  0.34985884173680171       0.46375941984982216        3.5843590166778162E-002   1.1947863388926054E-002   18.926764330256248     
  0.75902389898757983       0.23357938545451559        3.5843590166778162E-002   1.1947863388926054E-002   19.607668009890141     
  0.99648562525458551       0.32307081420597700        3.5843590166778162E-002   1.1947863388926054E-002   160.73826789984142     
  0.35372844760628325       0.93011010819280915        3.5843590166778162E-002   1.1947863388926054E-002   127.03672536561342     
  0.23009609969247527       0.45339196764324224        3.5843590166778162E-002   1.1947863388926054E-002   68.370705503742187     
  0.49840547953008940       0.88116376056349999        3.5843590166778162E-002   1.1947863388926054E-002  0.58848414105416835     
   6.6541253428909250E-002   5.1712395609032182E-003   3.5843590166778162E-002   1.1947863388926054E-002   49.036784427299480     
   9.8459597383190767E-002  0.10245464580698259        3.5843590166778162E-002   1.1947863388926054E-002   135.09075973309325     
  0.66390043656878972       0.25836989435922214        3.5843590166778162E-002   1.1947863388926054E-002   100.69466543339499     
   7.4725114438512694E-002  0.82647217630981895        3.5843590166778162E-002   1.1947863388926054E-002   69.776630006271205     
  0.16779830784669900       0.23198463280341283        3.5843590166778162E-002   1.1947863388926054E-002   60.176725953361817     
  0.30144901183581257        7.5336216751598628E-002   3.5843590166778162E-002   1.1947863388926054E-002   98.981022226338695     
  0.64405726443271505       0.95059312036192045        3.5843590166778162E-002   1.1947863388926054E-002   134.40810867803600     
  0.96261534133102000       0.29090555919099070        3.5843590166778162E-002   1.1947863388926054E-002   117.96293939782765     
  0.66095163122792200       0.21867187538744526        3.5843590166778162E-002   1.1947863388926054E-002   155.77583225487999     
   5.9244299789781442E-002  0.62609336075378319        3.5843590166778162E-002   1.1947863388926054E-002   37.786841817145032     
  0.61933383096166683       0.45420686663438936        3.5843590166778162E-002   1.1947863388926054E-002   114.58784290587840     
   5.3789117174257974E-002  0.90988380290018112        3.5843590166778162E-002   1.1947863388926054E-002   45.371191108855996     
  0.56650827273409965       0.70120169327916282        3.5843590166778162E-002   1.1947863388926054E-002   175.45399634800370     
   8.9415896497830383E-002  0.48798539576848282        3.5843590166778162E-002   1.1947863388926054E-002   163.82152226978420     
  0.33258041193212151       0.66422784052219430        3.5843590166778162E-002   1.1947863388926054E-002   100.12569754881984     
   4.5697561876984663E-002  0.11745322161967438        3.5843590166778162E-002   1.1947863388926054E-002   155.26180070697006     
  0.27478951930865142       0.73500903343060175        3.5843590166778162E-002   1.1947863388926054E-002   101.41863063936289     
  0.91495213740083003       0.40024851455931154        3.5843590166778162E-002   1.1947863388926054E-002   34.047561676261360     
  0.31595105624563979       0.75885152180515969        3.5843590166778162E-002   1.1947863388926054E-002   76.288221629568767     
  0.17714545319665387       0.57632097351964595        3.5843590166778162E-002   1.1947863388926054E-002   24.837265345811634     
   7.3145663466947803E-003  0.68213901722166259        3.5843590166778162E-002   1.1947863388926054E-002   67.627946309920134     
  0.45585098198956503       0.97377578027553380        3.5843590166778162E-002   1.1947863388926054E-002   30.939405509200629     
   6.1214723253274095E-002  0.33932887543538204        3.5843590166778162E-002   1.1947863388926054E-002   9.5909250226005103     
  0.28749748758845334       0.79129878389907959        3.5843590166778162E-002   1.1947863388926054E-002   92.120013102051388     
  0.74783068269752340       0.57736577946893375        3.5843590166778162E-002   1.1947863388926054E-002   137.94941638861800     
  0.73575703545443150       0.70467691423481682        3.5843590166778162E-002   1.1947863388926054E-002   95.268108033476949     
  0.12910022492218720        1.8629065988801489E-002   3.5843590166778162E-002   1.1947863388926054E-002   96.813873196569844     
  0.60667459600015572       0.40102874931368726        3.5843590166778162E-002   1.1947863388926054E-002   155.37758379573683     
  0.46868451863442739        4.5228476550938576E-002   3.5843590166778162E-002   1.1947863388926054E-002   157.23116288178079     
  0.71679623375073065        3.0040077095773400E-003   3.5843590166778162E-002   1.1947863388926054E-002   60.751619424618617     
  0.95929622442469886       0.72931211017929309        3.5843590166778162E-002   1.1947863388926054E-002   18.641505941994492     
  0.43089620844748694       0.13192546974357583        3.5843590166778162E-002   1.1947863388926054E-002   59.678056422916612     
  0.86584943421054716       0.85795276472094528        3.5843590166778162E-002   1.1947863388926054E-002   175.67121220382538     
  0.17891991334417492       0.46073039671164689        3.5843590166778162E-002   1.1947863388926054E-002   5.2863188503948519     
  0.42524244782776016       0.28286029675928498        3.5843590166778162E-002   1.1947863388926054E-002   158.83136825667057     
  0.59961536851120478       0.26284353895562235        3.5843590166778162E-002   1.1947863388926054E-002   158.50464593288251     
  0.26638888923593590       0.22534354463656447        3.5843590166778162E-002   1.1947863388926054E-002   46.283756687361432     
  0.64762199299776435       0.86723821960618463        3.5843590166778162E-002   1.1947863388926054E-002   167.77836636694201     
  0.48802198585209844       0.41242919447316712        3.5843590166778162E-002   1.1947863388926054E-002   140.93916048287815     
  0.70114813027791267       0.87108925828991512        3.5843590166778162E-002   1.1947863388926054E-002   166.98579754391349     
  0.97405470944691930       0.87119906373709755        3.5843590166778162E-002   1.1947863388926054E-002   29.520935224964976     
  0.26308010954494088       0.11335436500537778        3.5843590166778162E-002   1.1947863388926054E-002   51.645863284309577     
  0.38922078538861438       0.91702943681333293        3.5843590166778162E-002   1.1947863388926054E-002   49.209707706619596     
   8.8338185338650718E-002   8.9474649894694086E-002   3.5843590166778162E-002   1.1947863388926054E-002   112.03905449403432     
   8.0163130450000092E-002  0.51284079076769884        3.5843590166778162E-002   1.1947863388926054E-002   140.01154050276656     
  0.14308406513284219       0.94155020950717783        3.5843590166778162E-002   1.1947863388926054E-002   141.51514100320031     
  0.62733280021850391       0.16392258534205773        3.5843590166778162E-002   1.1947863388926054E-002   134.10608438729179     
  0.52474349299594614       0.11129948807171969        3.5843590166778162E-002   1.1947863388926054E-002   46.706438898130926     
  0.93381031526898817       0.55210957644014835        3.5843590166778162E-002   1.1947863388926054E-002   90.888669651717379     
   9.5583793765223801E-002  0.13733952135742519        3.5843590166778162E-002   1.1947863388926054E-002   65.694887751743877     
  0.22533193237763563        3.4639793682379287E-003   3.5843590166778162E-002   1.1947863388926054E-002   164.47305039512426     
  0.64334072251057317       0.48648349847123035        3.5843590166778162E-002   1.1947863388926054E-002   69.567018716221952     
  0.65984972337597347        4.3155180053644916E-002   3.5843590166778162E-002   1.1947863388926054E-002   123.67191506182438     
  0.37512197666120156        3.4409487947781862E-002   3.5843590166778162E-002   1.1947863388926054E-002   131.48798291407459     
  0.32129338258408824       0.34918328846898067        3.5843590166778162E-002   1.1947863388926054E-002   53.125108236276631     
  0.45040700411638029       0.40709274280344754        3.5843590166778162E-002   1.1947863388926054E-002   78.800712375929834     
  0.87867045946744693       0.75983124576158534        3.5843590166778162E-002   1.1947863388926054E-002   69.459733620321998     
   7.6872569757592130E-003  0.11883806104284461        3.5843590166778162E-002   1.1947863388926054E-002   91.656433740070497     
  0.47318844786892555       0.84828378692753004        3.5843590166778162E-002   1.1947863388926054E-002   138.01985011048953     
  0.61583570593317738       0.95791176230075481        3.5843590166778162E-002   1.1947863388926054E-002   132.78166258076266     
  0.38108858018765657       0.84384237994103839        3.5843590166778162E-002   1.1947863388926054E-002   108.23746110321218     
  0.44796504270147003       0.34393492637893552        3.5843590166778162E-002   1.1947863388926054E-002   153.10959292311006     
  0.60823748153643031        2.9057669657637827E-002   3.5843590166778162E-002   1.1947863388926054E-002   128.69826045788457     
  0.86989633084330154       0.29993813768725081        3.5843590166778162E-002   1.1947863388926054E-002   128.11819644181369     
  0.13929171526795056       0.40653040006335422        3.5843590166778162E-002   1.1947863388926054E-002   151.84243368292547     
  0.81971210319340637       0.66236097901011060        3.5843590166778162E-002   1.1947863388926054E-002   46.602648553077657     
  0.10413297910769620       0.34968704782997290        3.5843590166778162E-002   1.1947863388926054E-002   118.06542736271459     
  0.75223010822178760       0.48103952419831453        3.5843590166778162E-002   1.1947863388926054E-002   100.96542195512953     
   7.3085081862393750E-002  0.68068661334075731        3.5843590166778162E-002   1.1947863388926054E-002   127.65434575761640     
   9.1106200937194320E-002  0.59122950821420461        3.5843590166778162E-002   1.1947863388926054E-002   37.605495060080237     
  0.46686177779140470       0.39551280729061022        3.5843590166778162E-002   1.1947863388926054E-002   68.436914997705145     
  0.53873796565119503       0.41903760902830994        3.5843590166778162E-002   1.1947863388926054E-002   155.57901342595747     
  0.24850063171356623       0.23289545870429151        3.5843590166778162E-002   1.1947863388926054E-002   64.771413042009868     
  0.45053750895694283       0.48959748100328804        3.5843590166778162E-002   1.1947863388926054E-002   146.29892257759738     
  0.44055282112536476       0.43694796490902743        3.5843590166778162E-002   1.1947863388926054E-002   150.81231132105293     
  0.90548953598673010       0.50535833360093818        3.5843590166778162E-002   1.1947863388926054E-002   160.75870071746854     
  0.29995943582456186       0.81910047383641527        3.5843590166778162E-002   1.1947863388926054E-002   6.4988751022165561     
  0.64401092042258390       0.69542465318541191        3.5843590166778162E-002   1.1947863388926054E-002   101.44031914995384     
  0.94723676495027032       0.99449212180749835        3.5843590166778162E-002   1.1947863388926054E-002   100.15965582503506     
  0.26191734115731624        2.9961537677120995E-002   3.5843590166778162E-002   1.1947863388926054E-002   48.739917437961786     
  0.43393455766348049       0.47581029314121898        3.5843590166778162E-002   1.1947863388926054E-002   172.98226914531222     
  0.97329011220934780       0.76339276017425051        3.5843590166778162E-002   1.1947863388926054E-002   76.309171191546852     
   9.6151876343837706E-002  0.89439837361473773        3.5843590166778162E-002   1.1947863388926054E-002   135.46613841998473     
  0.70047719475839354       0.94156645324968025        3.5843590166778162E-002   1.1947863388926054E-002   35.499255814327270     
  0.55193435722702200       0.84391669847143180        3.5843590166778162E-002   1.1947863388926054E-002   44.865173163609448     
  0.98631643263478608       0.10048252080453449        3.5843590166778162E-002   1.1947863388926054E-002   92.224539713508392     
  0.13545699441518846       0.78993776031792007        3.5843590166778162E-002   1.1947863388926054E-002   9.1408485718873003     
  0.39216476880666118       0.95562301251427695        3.5843590166778162E-002   1.1947863388926054E-002   60.156124324198146     
  0.40565860712946467       0.77810656213460017        3.5843590166778162E-002   1.1947863388926054E-002   135.72957376810430     
  0.30147350189520400       0.97952969831455139        3.5843590166778162E-002   1.1947863388926054E-002   147.59483602156914     
   7.2362006246471086E-002  0.20432252486286601        3.5843590166778162E-002   1.1947863388926054E-002   107.81466012087004     
  0.31979069960406492       0.58186859198062846        3.5843590166778162E-002   1.1947863388926054E-002   36.573462210942196     
  0.81615891418117459       0.32704612456939886        3.5843590166778162E-002   1.1947863388926054E-002   44.517569674175895     
  0.22396291328447296       0.33699877806762102        3.5843590166778162E-002   1.1947863388926054E-002   164.26454216357604     
  0.73470204297903630       0.63740219155919065        3.5843590166778162E-002   1.1947863388926054E-002   156.49553191015508     
  0.66059935239653333       0.44411578047175626        3.5843590166778162E-002   1.1947863388926054E-002   8.5440396919117187     
  0.10439942072795273       0.85352261188542222        3.5843590166778162E-002   1.1947863388926054E-002   89.960450365505309     
  0.56340167480015302       0.46669134859853456        3.5843590166778162E-002   1.1947863388926054E-002   145.03289011670074     
  0.66917743621397863       0.77681915957402237        3.5843590166778162E-002   1.1947863388926054E-002   72.133434941685749     
  0.38760699701802559       0.56157414384154236        3.5843590166778162E-002   1.1947863388926054E-002   167.70278339029130     
  0.42196632729244316       0.85856755377749494        3.5843590166778162E-002   1.1947863388926054E-002   178.81961726568053     
  0.97168166730224237       0.24052246186695347        3.5843590166778162E-002   1.1947863388926054E-002   29.458505131291659     
  0.81098426409701929        5.4513159941002892E-002   3.5843590166778162E-002   1.1947863388926054E-002   171.08475027708513     
  0.90139723039174668       0.26507564666448924        3.5843590166778162E-002   1.1947863388926054E-002   76.168196962353193     
  0.49142902799484661       0.92552090404226872        3.5843590166778162E-002   1.1947863388926054E-002   161.47205854073400     
  0.88883767814897119       0.92920647283170210        3.5843590166778162E-002   1.1947863388926054E-002   129.13385038095399     
  0.52855497781521321       0.46858795408805198        3.5843590166778162E-002   1.1947863388926054E-002   122.24121675384390     
  0.32316661973910532       0.53507285043508934        3.5843590166778162E-002   1.1947863388926054E-002   32.150186557679369     
  0.47585892185941725       0.54339798879500367        3.5843590166778162E-002   1.1947863388926054E-002   4.5134019030440413     
  0.18501937982004474       0.69507541481553770        3.5843590166778162E-002   1.1947863388926054E-002   72.759763712333481     
  0.80034689560042982       0.69343243487497064        3.5843590166778162E-002   1.1947863388926054E-002   81.312148259735011     
  0.46263888726211405       0.87912191994397137        3.5843590166778162E-002   1.1947863388926054E-002   175.17840397086198     
  0.15363872147132238       0.98861191401003490        3.5843590166778162E-002   1.1947863388926054E-002   155.14490902764595     
  0.40008237073523994       0.23174904060519375        3.5843590166778162E-002   1.1947863388926054E-002   69.190198677204023     
  0.82632819248265421       0.24226572920053696        3.5843590166778162E-002   1.1947863388926054E-002   144.73656954365242     
  0.55066881319826888       0.50832696327784621        3.5843590166778162E-002   1.1947863388926054E-002   107.51839796968913     
  0.62453303909176416       0.78976011354953490        3.5843590166778162E-002   1.1947863388926054E-002   6.1792004505321563     
   5.7425280977575516E-002   8.7561109201980597E-002   3.5843590166778162E-002   1.1947863388926054E-002   55.426888992677242     
  0.12751208843594766       0.31121635809543213        3.5843590166778162E-002   1.1947863388926054E-002   78.800184818923327     
  0.89280557720385212       0.45079027512419478        3.5843590166778162E-002   1.1947863388926054E-002   29.104989717679157     
  0.49997560749665210       0.85287421113859463        3.5843590166778162E-002   1.1947863388926054E-002   8.7920905590652012     
  0.40574054675546778       0.11651687774810540        3.5843590166778162E-002   1.1947863388926054E-002   58.318486780427108     
  0.69482329490593642       0.57222227604367859        3.5843590166778162E-002   1.1947863388926054E-002   140.92470404626795     
  0.62828210899791648       0.97353561634022434        3.5843590166778162E-002   1.1947863388926054E-002   173.66100953947091     
  0.22837679014169945       0.39309383395786363        3.5843590166778162E-002   1.1947863388926054E-002   152.11906156042602     
  0.95740047999613020       0.15599087369207296        3.5843590166778162E-002   1.1947863388926054E-002   82.533256400063081     
  0.89119852229574437       0.79531193335547301        3.5843590166778162E-002   1.1947863388926054E-002   37.044197203943860     
  0.12478000978301318       0.24433569356456816        3.5843590166778162E-002   1.1947863388926054E-002   55.671129865593294     
  0.35648504472394882       0.89823656024977261        3.5843590166778162E-002   1.1947863388926054E-002   73.690569653966662     
  0.26826914064720131       0.97785870770145256        3.5843590166778162E-002   1.1947863388926054E-002   173.64988960336922     
  0.61697577519479252       0.36591588763265692        3.5843590166778162E-002   1.1947863388926054E-002   70.001927861088831     
  0.97426169356901382       0.49688534921871608        3.5843590166778162E-002   1.1947863388926054E-002   167.22107723997513     
  0.59744528065568248       0.17852690292378390        3.5843590166778162E-002   1.1947863388926054E-002   120.58617621186421     
  0.81725164152048035        2.8392264840734784E-002   3.5843590166778162E-002   1.1947863388926054E-002   12.558663015945982     
   2.5143907935001038E-002  0.61121827302737208        3.5843590166778162E-002   1.1947863388926054E-002   113.17454811177988     
  0.40472238808935646       0.63483833022272995        3.5843590166778162E-002   1.1947863388926054E-002   61.512994826121513     
  0.19624014928956177       0.75018070242194179        3.5843590166778162E-002   1.1947863388926054E-002   46.609356171356175     
  0.83667318342124142       0.69802400236929540        3.5843590166778162E-002   1.1947863388926054E-002   126.50150662876111     
  0.28709731828573720       0.52438671395253456        3.5843590166778162E-002   1.1947863388926054E-002   30.016214023985988     
  0.59568861342665369       0.23815450586291734        3.5843590166778162E-002   1.1947863388926054E-002   47.205660963655063     
  0.32203375984582566       0.85935899615116407        3.5843590166778162E-002   1.1947863388926054E-002   8.9859484805751695     
  0.54358622022197989       0.86365613121332130        3.5843590166778162E-002   1.1947863388926054E-002   86.305035360123966     
  0.79021690840294456       0.74103772519964006        3.5843590166778162E-002   1.1947863388926054E-002   80.360491075851826     
  0.37315878910873879       0.74838391528615456        3.5843590166778162E-002   1.1947863388926054E-002   125.11935127672966     
  0.91155496075850517       0.79850118831726591        3.5843590166778162E-002   1.1947863388926054E-002   59.901758698583343     
  0.62399983268230486       0.85292472266799535        3.5843590166778162E-002   1.1947863388926054E-002   22.242681398348843     
  0.47606443542310828       0.91608786092020233        3.5843590166778162E-002   1.1947863388926054E-002   143.87547597727527     
  0.28674935753163666       0.37793656698532069        3.5843590166778162E-002   1.1947863388926054E-002   44.787916069372031     
  0.17607239632222507        3.6573651965760533E-002   3.5843590166778162E-002   1.1947863388926054E-002   65.144870848075499     
  0.24844984250061056       0.95041537494638373        3.5843590166778162E-002   1.1947863388926054E-002   4.7309822878490637     
   2.1260598584614172E-002  0.88435293037232732        3.5843590166778162E-002   1.1947863388926054E-002   146.81411568969480     
  0.97674485949022372        2.5113965003975211E-002   3.5843590166778162E-002   1.1947863388926054E-002   104.62997315151046     
  0.11808824494364710       0.88431039251079202        3.5843590166778162E-002   1.1947863388926054E-002   56.371738645992146     
  0.86986037620256285       0.69226947290406537        3.5843590166778162E-002   1.1947863388926054E-002   119.55600297183742     
  0.43960682692312647       0.65946467816916332        3.5843590166778162E-002   1.1947863388926054E-002   70.995383921362290     
  0.16047567531486620       0.73935924484809790        3.5843590166778162E-002   1.1947863388926054E-002   175.34453891417283     
  0.86797402229988574       0.82102737563435124        3.5843590166778162E-002   1.1947863388926054E-002   29.278612466846617     
  0.73430351187279375       0.90507282413237811        3.5843590166778162E-002   1.1947863388926054E-002   130.66439979079829     
   4.0270422316615422E-002   1.4981542427661018E-002   3.5843590166778162E-002   1.1947863388926054E-002   120.45495642287251     
  0.51034514018303567       0.13778007674396703        3.5843590166778162E-002   1.1947863388926054E-002   128.07214986818505     
   4.4802971560625633E-002  0.39085855930318131        3.5843590166778162E-002   1.1947863388926054E-002   14.976285115342698     
  0.90147736232056086       0.59550622936512643        3.5843590166778162E-002   1.1947863388926054E-002   177.19391020083910     
  0.21549972347797663       0.80049349550320692        3.5843590166778162E-002   1.1947863388926054E-002   114.95804861720377     
  0.16658381985482978       0.90292892093642330        3.5843590166778162E-002   1.1947863388926054E-002   25.635477285373753     
  0.86492200452758483       0.53117862058510379        3.5843590166778162E-002   1.1947863388926054E-002   90.588171537963007     
  0.25365531889754445       0.47361379658871416        3.5843590166778162E-002   1.1947863388926054E-002   170.19716838689490     
  0.36353953876572698       0.60590611182275045        3.5843590166778162E-002   1.1947863388926054E-002   64.072799070825766     
  0.38678148476240515       0.20061705168404093        3.5843590166778162E-002   1.1947863388926054E-002   107.19495095851404     
  0.42441188174998851       0.94248245068094283        3.5843590166778162E-002   1.1947863388926054E-002   141.46974737985457     
  0.93669220414889853       0.59893072660694091        3.5843590166778162E-002   1.1947863388926054E-002   128.16485338565545     
  0.50979563283390772       0.94106337930026396        3.5843590166778162E-002   1.1947863388926054E-002   127.69514257744285     
  0.27701074189781821       0.68541222416656944        3.5843590166778162E-002   1.1947863388926054E-002   14.355832813422097     
  0.81472373718932156       0.77725241646730614        3.5843590166778162E-002   1.1947863388926054E-002   83.097113754253215     
  0.84753775412249799       0.43448117516150875        3.5843590166778162E-002   1.1947863388926054E-002   68.604667061658901     
  0.38406600041576194       0.65772223723813183        3.5843590166778162E-002   1.1947863388926054E-002   65.769301788132012     
  0.23372879897567811       0.97914545183882584        3.5843590166778162E-002   1.1947863388926054E-002   130.78790353470100     
  0.97916725661103465       0.60161491699425163        3.5843590166778162E-002   1.1947863388926054E-002   88.593000979351388     
  0.80101110697069400       0.64582056683269218        3.5843590166778162E-002   1.1947863388926054E-002   146.08031960056499     
   9.2812662426883491E-002  0.28363038760846293        3.5843590166778162E-002   1.1947863388926054E-002   116.64754490137162     
  0.82221167017146568       0.93506071828097681        3.5843590166778162E-002   1.1947863388926054E-002   53.122698103743296     
  0.49122413934862791       0.64542703309990967        3.5843590166778162E-002   1.1947863388926054E-002   153.57732191405836     
  0.96769913949744157       0.48225622932346457        3.5843590166778162E-002   1.1947863388926054E-002   130.76396758432372     
  0.63751866491003262       0.62906173915964503        3.5843590166778162E-002   1.1947863388926054E-002   13.109995878464380     
  0.93503485781977091       0.46480611358917368        3.5843590166778162E-002   1.1947863388926054E-002   50.408058224564854     
  0.64808310898349819       0.51340116149539639        3.5843590166778162E-002   1.1947863388926054E-002   35.426120604956637     
   9.8362607583786191E-002  0.55983107473289528        3.5843590166778162E-002   1.1947863388926054E-002   34.660683500654109     
  0.73130506098313730       0.11798298427672939        3.5843590166778162E-002   1.1947863388926054E-002   28.999515112935931     
  0.84425250290029807       0.48142718237646703        3.5843590166778162E-002   1.1947863388926054E-002   52.116635409143754     
  0.34151885194196480       0.75208376232012886        3.5843590166778162E-002   1.1947863388926054E-002   70.692726964541606     
  0.66218291469176660       0.14395409856763408        3.5843590166778162E-002   1.1947863388926054E-002   22.487522918469946     
   5.8983291971301576E-003  0.22282490603929916        3.5843590166778162E-002   1.1947863388926054E-002   81.856195320271226     
  0.33122636245295445       0.69956805317644566        3.5843590166778162E-002   1.1947863388926054E-002   103.15330990964142     
  0.63271431661244337       0.75712295103587746        3.5843590166778162E-002   1.1947863388926054E-002   45.758498166442081     
   8.8714836882781770E-002  0.75530051191817538        3.5843590166778162E-002   1.1947863388926054E-002   9.0620755265822730     
  0.17582235296485013       0.53841716150226537        3.5843590166778162E-002   1.1947863388926054E-002   8.5326504452504626     
  0.44330436721484701       0.51235912278483375        3.5843590166778162E-002   1.1947863388926054E-002   179.19166540321501     
  0.22556913046789173       0.47710928441551009        3.5843590166778162E-002   1.1947863388926054E-002   34.276009953329734     
  0.68420766254777610       0.67901522767373579        3.5843590166778162E-002   1.1947863388926054E-002   102.54352140063389     
   8.7948181422238897E-002  0.93952238097100804        3.5843590166778162E-002   1.1947863388926054E-002   90.024397248436586     
  0.86213324092390264       0.10977056750408366        3.5843590166778162E-002   1.1947863388926054E-002   11.777472124008987     
  0.85246933505865441       0.99632131732444229        3.5843590166778162E-002   1.1947863388926054E-002   4.2376609985722160     
  0.93107274553793640       0.32633677989158622        3.5843590166778162E-002   1.1947863388926054E-002   33.819865842670481     
  0.78246767889231106       0.78956072950907086        3.5843590166778162E-002   1.1947863388926054E-002   150.96697462359108     
  0.41478275193671410       0.72505366015596284        3.5843590166778162E-002   1.1947863388926054E-002   32.696247454351294     
  0.32431192443078083       0.13693092578669097        3.5843590166778162E-002   1.1947863388926054E-002   134.69930841095803     
  0.95675118608579546       0.43134780892950497        3.5843590166778162E-002   1.1947863388926054E-002   60.873853310140561     
  0.58428721300531783       0.76776754264284630        3.5843590166778162E-002   1.1947863388926054E-002   116.06975372225469     
  0.76977421409953761       0.89886902808568847        3.5843590166778162E-002   1.1947863388926054E-002   91.998508106858083     
  0.40772638500516428       0.58389528188670570        3.5843590166778162E-002   1.1947863388926054E-002   18.212941143708303     
  0.47662689514145540       0.52606422877181591        3.5843590166778162E-002   1.1947863388926054E-002   2.0149652619250338     
  0.52688032471799640       0.97365985312115932        3.5843590166778162E-002   1.1947863388926054E-002   39.366244481006071     
  0.50622595428917838       0.50914757542807676        3.5843590166778162E-002   1.1947863388926054E-002   33.873701635405716     
  0.40989808218615920       0.46547282455020011        3.5843590166778162E-002   1.1947863388926054E-002   116.56020295229612     
  0.80426441010202976       0.95296050356103468        3.5843590166778162E-002   1.1947863388926054E-002   39.149373205237424     
   3.2121222340643359E-002  0.18625371187662373        3.5843590166778162E-002   1.1947863388926054E-002   52.113446849232062     
  0.62850012230803742       0.53855095170143974        3.5843590166778162E-002   1.1947863388926054E-002   170.41229421507799     
  0.15999829005443242       0.71421840733636688        3.5843590166778162E-002   1.1947863388926054E-002   102.67108944572630     
  0.99837437265637408       0.41018890137731245        3.5843590166778162E-002   1.1947863388926054E-002   26.737237178098951     
  0.38853471773930404       0.50924226878309831        3.5843590166778162E-002   1.1947863388926054E-002   88.418141145045865     
  0.57578008432933458       0.79952124127660418        3.5843590166778162E-002   1.1947863388926054E-002   73.495326119988562     
  0.89621239210388315       0.98983687385436891        3.5843590166778162E-002   1.1947863388926054E-002   141.09153569339799     
  0.30353222731512008       0.92363056962662071        3.5843590166778162E-002   1.1947863388926054E-002   11.283963163912700     
  0.54022747321023379       0.23789797022299877        3.5843590166778162E-002   1.1947863388926054E-002   99.379592466757330     
   3.4010118288388502E-003  0.90824361486012717        3.5843590166778162E-002   1.1947863388926054E-002   79.438483785964138     
  0.20312738384391535       0.23014713370902598        3.5843590166778162E-002   1.1947863388926054E-002   95.869658304807245     
  0.73069272241968730       0.86749653508268043        3.5843590166778162E-002   1.1947863388926054E-002   77.468350559850123     
   2.5066412114838618E-002  0.97045067469198776        3.5843590166778162E-002   1.1947863388926054E-002   69.839223714700907     
  0.92117190468106969       0.37245797919515944        3.5843590166778162E-002   1.1947863388926054E-002   137.98384044721089     
  0.53015081913341755       0.53946977500133830        3.5843590166778162E-002   1.1947863388926054E-002   132.43182497876936     
  0.14749841836158445       0.32252179348449900        3.5843590166778162E-002   1.1947863388926054E-002   130.50864088965321     
  0.61934587622266235       0.31140143271513265        3.5843590166778162E-002   1.1947863388926054E-002   121.47451264100782     
  0.45888030762077597       0.91172641349909078        3.5843590166778162E-002   1.1947863388926054E-002   121.45277995778541     
  0.35535323210294578       0.28574701300577054        3.5843590166778162E-002   1.1947863388926054E-002   43.501957057819858     
  0.71699330394362604       0.76557013127760665        3.5843590166778162E-002   1.1947863388926054E-002   161.52986735572981     
  0.31420511273082091       0.30276948217085892        3.5843590166778162E-002   1.1947863388926054E-002   34.664800272559759     
  0.44559638382666400       0.60647414259482257        3.5843590166778162E-002   1.1947863388926054E-002   83.951006930244901     
  0.72996445933681864       0.41920169693185305        3.5843590166778162E-002   1.1947863388926054E-002   7.6154930923678510     
  0.70818436527423145        9.8691489171655142E-002   3.5843590166778162E-002   1.1947863388926054E-002   166.96563613232181     
  0.95569580571453250       0.51527363705409523        3.5843590166778162E-002   1.1947863388926054E-002   11.276047461882250     
  0.84382167864816382       0.46266037611458183        3.5843590166778162E-002   1.1947863388926054E-002   39.527006456533236     
  0.54311662780349768       0.32439880169368102        3.5843590166778162E-002   1.1947863388926054E-002   164.84824535069097     
   4.4331767022702931E-002  0.50029061771106276        3.5843590166778162E-002   1.1947863388926054E-002   125.94209084523736     
  0.76063950017763182       0.14201249880944661        3.5843590166778162E-002   1.1947863388926054E-002   67.727974018490769     
  0.91009817847904984       0.88220573599098440        3.5843590166778162E-002   1.1947863388926054E-002   127.24899782620594     
  0.48552923196460340       0.18502515932164607        3.5843590166778162E-002   1.1947863388926054E-002   160.60161655356055     
   9.4975930672583225E-003   2.0867308433729286E-002   3.5843590166778162E-002   1.1947863388926054E-002   167.56328965671344     
  0.27683605324992189       0.94070346796004478        3.5843590166778162E-002   1.1947863388926054E-002   108.03133157205917     
  0.58650374917910375       0.29225206302821471        3.5843590166778162E-002   1.1947863388926054E-002   143.19578314742145     
  0.24754206465607298       0.88029084727563978        3.5843590166778162E-002   1.1947863388926054E-002   70.072893666194730     
  0.90447646280773886       0.14749982478289728        3.5843590166778162E-002   1.1947863388926054E-002   121.91195965861742     
  0.73542254115963168        3.4009806915386173E-002   3.5843590166778162E-002   1.1947863388926054E-002   114.00944973845185     
  0.57867046454315518       0.92513921169019608        3.5843590166778162E-002   1.1947863388926054E-002   5.7779200892537865     
  0.55133164062313245       0.81022934210581288        3.5843590166778162E-002   1.1947863388926054E-002   123.28666911430977     
  0.14066473718569739       0.59250908042447648        3.5843590166778162E-002   1.1947863388926054E-002   71.486338328727882     
  0.88986098283817228       0.21844413680536970        3.5843590166778162E-002   1.1947863388926054E-002   143.24303637987845     
  0.16379384553175275       0.87382973432220468        3.5843590166778162E-002   1.1947863388926054E-002   42.141492311855245     
  0.58364328444454783       0.72605144352085793        3.5843590166778162E-002   1.1947863388926054E-002   124.63370546412884     
  0.60454767401635290       0.47903990967809712        3.5843590166778162E-002   1.1947863388926054E-002   76.536146851988732     
  0.53127032246346462       0.20675685364843496        3.5843590166778162E-002   1.1947863388926054E-002   69.236388078468380     
  0.32311963916996927       0.15857984072858147        3.5843590166778162E-002   1.1947863388926054E-002   122.01917828602258     
  0.54186527247473049       0.74513011298044773        3.5843590166778162E-002   1.1947863388926054E-002   59.711724098537374     
   9.1024093673121170E-002   3.8080288514134038E-002   3.5843590166778162E-002   1.1947863388926054E-002   40.335453119368069     
  0.69288802840536567       0.38543057564045458        3.5843590166778162E-002   1.1947863388926054E-002   9.0557748497188371     
  0.55158458179081293       0.93593979887707068        3.5843590166778162E-002   1.1947863388926054E-002   34.027202284108938     
  0.99739595957969152       0.29667167550866708        3.5843590166778162E-002   1.1947863388926054E-002   107.56037915248062     
  0.45948844312528037       0.26518110279598900        3.5843590166778162E-002   1.1947863388926054E-002   70.538610162111866     
  0.43564265688398190       0.31648349292452782        3.5843590166778162E-002   1.1947863388926054E-002   108.36803162995849     
  0.57846461942861449       0.59968435594537639        3.5843590166778162E-002   1.1947863388926054E-002   101.83132086678513     
  0.84239991177059359       0.89399789689069586        3.5843590166778162E-002   1.1947863388926054E-002   143.21641327505705     
  0.23465074782507195       0.82210320657809166        3.5843590166778162E-002   1.1947863388926054E-002   1.8315747453290288     
  0.33792192801989795       0.97445626414710840        3.5843590166778162E-002   1.1947863388926054E-002   51.816114077516694     
  0.78293858075038503       0.92264727343348840        3.5843590166778162E-002   1.1947863388926054E-002   165.48944663563881     
  0.20432280999023414       0.69961741676941880        3.5843590166778162E-002   1.1947863388926054E-002   88.509712351172027     
  0.92427466090924393       0.71154684006190949        3.5843590166778162E-002   1.1947863388926054E-002   162.01113999399678     
  0.44859541679295267       0.36603122802260674        3.5843590166778162E-002   1.1947863388926054E-002   129.07222956006393     
   7.7715183890327166E-002  0.31906111460798436        3.5843590166778162E-002   1.1947863388926054E-002   81.580656335854798     
  0.20102450907560218       0.37936744019478535        3.5843590166778162E-002   1.1947863388926054E-002   85.042705605099897     
  0.51781424228763695       0.22149765747459763        3.5843590166778162E-002   1.1947863388926054E-002   40.415825096585387     
   5.0342941321036783E-002  0.72870337768559001        3.5843590166778162E-002   1.1947863388926054E-002   133.37911963333616     
  0.58051034917280997        7.3373790811533238E-002   3.5843590166778162E-002   1.1947863388926054E-002   120.16271498698312     
  0.74630256669396444       0.38883346682951436        3.5843590166778162E-002   1.1947863388926054E-002   111.91588275732940     
  0.41962247372973255        7.7705086172419308E-002   3.5843590166778162E-002   1.1947863388926054E-002   149.83420328046535     
  0.22869756558877094        3.2082423514611692E-002   3.5843590166778162E-002   1.1947863388926054E-002   15.131452924652724     
  0.76776761340920219       0.64212273508557161        3.5843590166778162E-002   1.1947863388926054E-002   46.321547086039324     
  0.19881129772353931        8.5749158323872893E-002   3.5843590166778162E-002   1.1947863388926054E-002   9.4854226737566893     
  0.71748959225910502       0.28355069978806613        3.5843590166778162E-002   1.1947863388926054E-002   120.43310077712572     
  0.17194803646559972       0.59375865924753546        3.5843590166778162E-002   1.1947863388926054E-002   41.873944382781751     
  0.70936716734255156       0.20183555479312146        3.5843590166778162E-002   1.1947863388926054E-002   169.94751565416288     
  0.87331843340399995       0.57573626114200771        3.5843590166778162E-002   1.1947863388926054E-002   153.17866022707247     
  0.21752969617490850       0.95621084949390622        3.5843590166778162E-002   1.1947863388926054E-002   105.61902561114037     
  0.35792318239038368       0.67002901845714846        3.5843590166778162E-002   1.1947863388926054E-002   89.684491950637579     
  0.75029400772181831       0.74530000059199009        3.5843590166778162E-002   1.1947863388926054E-002   147.90658960680483     
  0.95366381856679194       0.79384785095472110        3.5843590166778162E-002   1.1947863388926054E-002   145.03283831653710     
  0.17741848439004793       0.55221452630702172        3.5843590166778162E-002   1.1947863388926054E-002   9.7399998586159136     
  0.22655333869952418       0.54489345308815695        3.5843590166778162E-002   1.1947863388926054E-002   145.48306111528547     
   6.3796330905839860E-002   5.8978911834652412E-002   3.5843590166778162E-002   1.1947863388926054E-002   167.84425483400079     
  0.12094774063702578       0.81035851496685507        3.5843590166778162E-002   1.1947863388926054E-002   7.4451499305841260     
  0.82705412958730062       0.37133303081100782        3.5843590166778162E-002   1.1947863388926054E-002   118.58904738913709     
   6.6888426749741783E-002  0.24023845718320272        3.5843590166778162E-002   1.1947863388926054E-002   62.496564095936691     
  0.65467086091964655       0.30632837266235841        3.5843590166778162E-002   1.1947863388926054E-002   56.671406951299680     
  0.26341615356056625       0.15558606207716760        3.5843590166778162E-002   1.1947863388926054E-002   101.84413310920415     
   2.7372752002758866E-002  0.83112318708860289        3.5843590166778162E-002   1.1947863388926054E-002   67.481151267838598     
  0.19625206556237562       0.12023710658645928        3.5843590166778162E-002   1.1947863388926054E-002   47.931914596917444     
  0.57968155121101617       0.34718430584891274        3.5843590166778162E-002   1.1947863388926054E-002   49.407039675674568     
  0.79935917581689075       0.19274142000903044        3.5843590166778162E-002   1.1947863388926054E-002   171.58520808664275     
  0.51348806109581380       0.60901240173826088        3.5843590166778162E-002   1.1947863388926054E-002   105.48685523047237     
  0.73246089241429035       0.80169527792011419        3.5843590166778162E-002   1.1947863388926054E-002   46.988228016532666     
  0.12758753441504223       0.48405365766573633        3.5843590166778162E-002   1.1947863388926054E-002   157.86061164836957     
  0.76630728837853279       0.29815279780888432        3.5843590166778162E-002   1.1947863388926054E-002   1.0816738344460148     
  0.86770495341854215       0.44900214148404810        3.5843590166778162E-002   1.1947863388926054E-002   77.642653919582060     
  0.47291828235520700       0.45840863875071874        3.5843590166778162E-002   1.1947863388926054E-002   130.60519052736518     
  0.84887747240931966        9.1920852633145492E-002   3.5843590166778162E-002   1.1947863388926054E-002   138.42346776555979     
  0.86338934832629499       0.63965655350704798        3.5843590166778162E-002   1.1947863388926054E-002   123.41964558263770     
  0.57721562267436088       0.14377149477988774        3.5843590166778162E-002   1.1947863388926054E-002   38.747265717721348     
  0.55904043489994337       0.19620887436277376        3.5843590166778162E-002   1.1947863388926054E-002   91.797541492986966     
   5.5902844179301407E-002  0.17774402191303845        3.5843590166778162E-002   1.1947863388926054E-002   88.805521209011459     
  0.95109972117630592       0.76597580093660311        3.5843590166778162E-002   1.1947863388926054E-002   107.79165431032450     
  0.96566939031793653        4.7107769000057156E-002   3.5843590166778162E-002   1.1947863388926054E-002   38.422442733267147     
  0.22938881791105936       0.70007331225333014        3.5843590166778162E-002   1.1947863388926054E-002   8.5196993146904010     
  0.55862550040854486        2.3305342536595951E-002   3.5843590166778162E-002   1.1947863388926054E-002   5.7650100300208909     
  0.49715788162239821       0.36889008389387146        3.5843590166778162E-002   1.1947863388926054E-002   148.53833308711569     
  0.11889211884971247       0.62388126352652762        3.5843590166778162E-002   1.1947863388926054E-002   155.17070039618272     
  0.44553179706921930       0.57605823008893631        3.5843590166778162E-002   1.1947863388926054E-002   21.820869312982023     
  0.62045589170360504       0.28121661465573888        3.5843590166778162E-002   1.1947863388926054E-002   175.11385166304066     
   8.7938902655060741E-002  0.65584736715942604        3.5843590166778162E-002   1.1947863388926054E-002   147.46942447261003     
  0.90564139558911261       0.64564472781988913        3.5843590166778162E-002   1.1947863388926054E-002   169.86661846687204     
  0.25506508754591106        6.3159767032337208E-002   3.5843590166778162E-002   1.1947863388926054E-002   10.546133283721902     
  0.46070615302772400       0.84212267531715257        3.5843590166778162E-002   1.1947863388926054E-002   118.17945930420143     
   3.3208898651765836E-002  0.55077275026073635        3.5843590166778162E-002   1.1947863388926054E-002   145.90037949454609     
  0.91352637934020819       0.83299784684413669        3.5843590166778162E-002   1.1947863388926054E-002   166.08050963694384     
  0.58564882156446096       0.38451584433607472        3.5843590166778162E-002   1.1947863388926054E-002   51.267557049981484     
  0.97587666052836741       0.21591549855109976        3.5843590166778162E-002   1.1947863388926054E-002   121.46775238437529     
  0.31857468750274204       0.48933311222116305        3.5843590166778162E-002   1.1947863388926054E-002   87.313593012120307     
  0.27596994976394146       0.42720905884877586        3.5843590166778162E-002   1.1947863388926054E-002   25.898436289917253     
  0.43005575498321053        4.3377064485661157E-002   3.5843590166778162E-002   1.1947863388926054E-002   127.03732064840023     
  0.58876464424887431       0.52568005814272112        3.5843590166778162E-002   1.1947863388926054E-002   129.10888446227423     
  0.14047450522907681       0.14257623424257923        3.5843590166778162E-002   1.1947863388926054E-002   151.46169149980125     
  0.51274640792209869        8.1352179315564016E-003   3.5843590166778162E-002   1.1947863388926054E-002   6.7473992116418353     
  0.22871746841863952       0.91422416402735018        3.5843590166778162E-002   1.1947863388926054E-002   144.83155319033284     
  0.98393207259207316       0.38215787961334163        3.5843590166778162E-002   1.1947863388926054E-002   69.159485035834948     
  0.67625390807240371       0.29495801674534239        3.5843590166778162E-002   1.1947863388926054E-002   173.50737972563471     
  0.47900545397562139       0.71671730533573708        3.5843590166778162E-002   1.1947863388926054E-002   173.72368304362197     
  0.48732024264625301        2.0938523301385421E-002   3.5843590166778162E-002   1.1947863388926054E-002   41.908055628735909     
  0.57908398295852292        4.2286680760495944E-002   3.5843590166778162E-002   1.1947863388926054E-002   106.99901675568726     
  0.53569578357699399       0.66406854165866480        3.5843590166778162E-002   1.1947863388926054E-002   107.17405705237520     
  0.52412197950778916       0.74557866483537594        3.5843590166778162E-002   1.1947863388926054E-002   96.882482010410627     
  0.98128978182078874       0.95815002448649800        3.5843590166778162E-002   1.1947863388926054E-002   20.469472948417625     
  0.21076213937009772       0.61416899731565577        3.5843590166778162E-002   1.1947863388926054E-002   41.898331531024617     
  0.95247421039282709        9.1145157509004149E-002   3.5843590166778162E-002   1.1947863388926054E-002   96.860359317218197     
  0.18194498702200310       0.72062395030198800        3.5843590166778162E-002   1.1947863388926054E-002   52.520440986490570     
   6.3503905384723072E-002  0.46576318592610261        3.5843590166778162E-002   1.1947863388926054E-002   28.238193942348698     
  0.31149701144418024       0.10675581004689716        3.5843590166778162E-002   1.1947863388926054E-002   149.14755523090352     
  0.20279318151875420        6.8624793165755787E-002   3.5843590166778162E-002   1.1947863388926054E-002   162.76856416618821     
  0.46893060713033269       0.31424975800297850        3.5843590166778162E-002   1.1947863388926054E-002   68.758473314563844     
  0.59919718649786002       0.22019994396010803        3.5843590166778162E-002   1.1947863388926054E-002   66.272743220060676     
   3.6938328361025972E-002  0.27781690390668029        3.5843590166778162E-002   1.1947863388926054E-002   24.212725692466684     
  0.46366696125440843       0.65771753940020161        3.5843590166778162E-002   1.1947863388926054E-002   112.22209456324485     
  0.64602636262413149       0.26610251930614764        3.5843590166778162E-002   1.1947863388926054E-002   95.770524777702349     
  0.79250756388676491        9.0743290418506661E-003   3.5843590166778162E-002   1.1947863388926054E-002   122.64655102275165     
  0.14981474994414196       0.28653589101881827        3.5843590166778162E-002   1.1947863388926054E-002   119.02039732631937     
  0.14956360343513372       0.15671670593836606        3.5843590166778162E-002   1.1947863388926054E-002   146.97837836722013     
  0.75577809859120215       0.96797294348635810        3.5843590166778162E-002   1.1947863388926054E-002   28.490778497288083     
  0.50152342190476640       0.25296638496171048        3.5843590166778162E-002   1.1947863388926054E-002   122.52225736826279     
  0.88800053972753035        8.3080682148600413E-002   3.5843590166778162E-002   1.1947863388926054E-002   94.334547127800306     
  0.79118700337172265       0.40432139440060016        3.5843590166778162E-002   1.1947863388926054E-002   132.87674404425698     
  0.60456608440173654       0.90694930653363015        3.5843590166778162E-002   1.1947863388926054E-002   13.069253205734547     
  0.68508113745222643       0.51254184755493570        3.5843590166778162E-002   1.1947863388926054E-002   145.51507965139197     
  0.62586084715936896       0.92397638605709920        3.5843590166778162E-002   1.1947863388926054E-002   114.88697837358022     
  0.37590857918943710       0.71754195503942630        3.5843590166778162E-002   1.1947863388926054E-002   123.20902586577795     
  0.96448680012551047       0.92292674314017231        3.5843590166778162E-002   1.1947863388926054E-002   89.680437623913036     
  0.27201073948336429       0.28608996866885661        3.5843590166778162E-002   1.1947863388926054E-002   151.77967870667234     
  0.78816264960627314        4.8144221583009690E-002   3.5843590166778162E-002   1.1947863388926054E-002   129.36206631165726     
  0.82109937434710878        8.0712555373316217E-002   3.5843590166778162E-002   1.1947863388926054E-002   10.852416754912317     
  0.67589272859081717       0.73896869007316290        3.5843590166778162E-002   1.1947863388926054E-002   167.81838199336198     
  0.35008473822716751       0.35225686149832763        3.5843590166778162E-002   1.1947863388926054E-002   96.290615519835754     
  0.68685572146565477       0.76426443804613364        3.5843590166778162E-002   1.1947863388926054E-002   119.26191475114913     
  0.84482189119321327       0.96472768904938899        3.5843590166778162E-002   1.1947863388926054E-002   122.30240791836040     
  0.42902651590632918       0.79343118632618703        3.5843590166778162E-002   1.1947863388926054E-002   146.74181188133267     
  0.72044032916306888       0.46429015036572169        3.5843590166778162E-002   1.1947863388926054E-002   55.952320851361037     
  0.71132550130722472       0.73945361527329345        3.5843590166778162E-002   1.1947863388926054E-002   76.467935340374012     
  0.27991205164814570       0.87727170048552983        3.5843590166778162E-002   1.1947863388926054E-002   139.12440385929045     
  0.90511862511517627       0.61660141411468994        3.5843590166778162E-002   1.1947863388926054E-002   48.870946957743953     
   5.7140521172873810E-003  0.63678687204154349        3.5843590166778162E-002   1.1947863388926054E-002   167.50317623734938     
  0.50546703066895604       0.38784794176913906        3.5843590166778162E-002   1.1947863388926054E-002   17.056252793307177     
  0.75992063693388090       0.69583773534027082        3.5843590166778162E-002   1.1947863388926054E-002   126.26528715367867     
  0.57276843985790260       0.57182496068165101        3.5843590166778162E-002   1.1947863388926054E-002   29.586224888837485     
  0.17642291681652325       0.94980997551657653        3.5843590166778162E-002   1.1947863388926054E-002   3.3370468409960070     
  0.89645479489055346       0.28554057243675962        3.5843590166778162E-002   1.1947863388926054E-002   41.799264472414499     
  0.83294497048497318       0.73042377888865395        3.5843590166778162E-002   1.1947863388926054E-002   60.049982017021847     
  0.27949306031545162       0.75799538179026571        3.5843590166778162E-002   1.1947863388926054E-002   163.88432225685912     
  0.39238164450621221       0.44386774523826678        3.5843590166778162E-002   1.1947863388926054E-002   38.304431650730173     
  0.27675307519920700       0.62524484355792365        3.5843590166778162E-002   1.1947863388926054E-002   30.007775374995969     
  0.53761331536673562       0.94990633889342180        3.5843590166778162E-002   1.1947863388926054E-002   16.393412534818083     
   4.1011680609543272E-003  0.77977633827097581        3.5843590166778162E-002   1.1947863388926054E-002   131.52266588966671     
  0.82361789327465040       0.87914542495439163        3.5843590166778162E-002   1.1947863388926054E-002   97.526440941611071     
   2.6408431234171918E-002  0.57080075942346709        3.5843590166778162E-002   1.1947863388926054E-002   4.1984509568979647     
  0.55879695643565674       0.44095784551523670        3.5843590166778162E-002   1.1947863388926054E-002   110.34680400019434     
  0.75468696101959409       0.85042442453051781        3.5843590166778162E-002   1.1947863388926054E-002   94.746889087131976     
  0.24671855148443805       0.81112382375577075        3.5843590166778162E-002   1.1947863388926054E-002   19.902888206646544     
  0.23566131434925447       0.92735848410177057        3.5843590166778162E-002   1.1947863388926054E-002   124.08967206609533     
  0.64636969377353037        9.9374740747271789E-002   3.5843590166778162E-002   1.1947863388926054E-002   138.38682979479458     
  0.36591838025630558       0.97775523335400027        3.5843590166778162E-002   1.1947863388926054E-002   129.07908713059612     
  0.37800442805996926       0.24061844275342834        3.5843590166778162E-002   1.1947863388926054E-002   123.14255267713078     
  0.30408690397040306       0.45060901796312924        3.5843590166778162E-002   1.1947863388926054E-002   90.382577107529656     
  0.95031350421563154       0.65817957520397496        3.5843590166778162E-002   1.1947863388926054E-002   62.988604211263059     
  0.50098301637152043       0.43170325322890318        3.5843590166778162E-002   1.1947863388926054E-002   163.38401666266910     
   4.5446147612725640E-002  0.31169124734385129        3.5843590166778162E-002   1.1947863388926054E-002   38.499074369865156     
  0.34903847922956138       0.78708895063533524        3.5843590166778162E-002   1.1947863388926054E-002   80.491883532055709     
  0.74677921434688999       0.26413891192684841        3.5843590166778162E-002   1.1947863388926054E-002   144.49592115457790     
  0.91734181063904141       0.42978675451759601        3.5843590166778162E-002   1.1947863388926054E-002   101.35668032584611     
  0.34008279205627612       0.57673557819091792        3.5843590166778162E-002   1.1947863388926054E-002   84.929883256107601     
  0.72948342701703839       0.31930827225407921        3.5843590166778162E-002   1.1947863388926054E-002   41.590005892864660     
  0.11397089003004397       0.44872326505622323        3.5843590166778162E-002   1.1947863388926054E-002   83.766254857243823     
  0.79846220969654980       0.55060991545520688        3.5843590166778162E-002   1.1947863388926054E-002   13.261629122886097     
  0.27977141867418337       0.30050378789881871        3.5843590166778162E-002   1.1947863388926054E-002   135.67522148247519     
  0.81964989689655654       0.16252976434063712        3.5843590166778162E-002   1.1947863388926054E-002   123.23297447282954     
  0.52815816965580187       0.69235524846353114        3.5843590166778162E-002   1.1947863388926054E-002   16.386873979533227     
  0.23158664567622583       0.24265504111442679        3.5843590166778162E-002   1.1947863388926054E-002   15.523534230655249     
  0.67501731793231889       0.71048256293312606        3.5843590166778162E-002   1.1947863388926054E-002  0.76150163296965834     
  0.54686990821917647       0.27148169170688607        3.5843590166778162E-002   1.1947863388926054E-002   55.710671746827245     
  0.78304751522794314       0.13429667831170983        3.5843590166778162E-002   1.1947863388926054E-002   75.526400562256597     
  0.34637448584746161       0.61965474167746581        3.5843590166778162E-002   1.1947863388926054E-002   88.877683614661493     
  0.13616373509816709       0.76186627507449545        3.5843590166778162E-002   1.1947863388926054E-002   136.43530967505711     
  0.29403000464316009        9.5332704892219008E-003   3.5843590166778162E-002   1.1947863388926054E-002   91.555770431757210     
  0.17187385661959545       0.26408070498899983        3.5843590166778162E-002   1.1947863388926054E-002   19.959653893751362     
  0.92159680385874976       0.14350774766094368        3.5843590166778162E-002   1.1947863388926054E-002   94.316037537932019     
  0.86832719054436835        3.4367533593453875E-002   3.5843590166778162E-002   1.1947863388926054E-002   51.513323848430318     
  0.13012829286088462       0.65651132995971395        3.5843590166778162E-002   1.1947863388926054E-002   69.360005397163548     
  0.60700684487613932       0.68511755395754170        3.5843590166778162E-002   1.1947863388926054E-002   87.594027531096870     
  0.89656307464831575       0.35639072947569272        3.5843590166778162E-002   1.1947863388926054E-002   131.06336104701538     
  0.81352580159422616       0.41970784383310078        3.5843590166778162E-002   1.1947863388926054E-002   63.164896345239221     
  0.72653372714080233       0.24738164259960443        3.5843590166778162E-002   1.1947863388926054E-002   136.64481158126563     
  0.47342956449906948       0.49284896091308472        3.5843590166778162E-002   1.1947863388926054E-002   146.43453942934789     
  0.38746158822171156       0.34093257891952999        3.5843590166778162E-002   1.1947863388926054E-002   34.697610144175989     
  0.31829380106878147       0.91278004138868363        3.5843590166778162E-002   1.1947863388926054E-002   49.853849530954484     
   9.1210851796400913E-002  0.41586382910574476        3.5843590166778162E-002   1.1947863388926054E-002   144.39905903950336     
  0.99471260726012833       0.53616985747890533        3.5843590166778162E-002   1.1947863388926054E-002   22.688942490406387     
  0.30294618743957297       0.94691162774723636        3.5843590166778162E-002   1.1947863388926054E-002   18.104040352089065     
  0.49231909906823346       0.28844755601970368        3.5843590166778162E-002   1.1947863388926054E-002   34.458448453325829     
  0.27994348844289618       0.10545281937512092        3.5843590166778162E-002   1.1947863388926054E-002   29.736192146118885     
  0.97110900308204129       0.70011433643947063        3.5843590166778162E-002   1.1947863388926054E-002   133.28235567035165     
  0.77664638870160241       0.66496262267089912        3.5843590166778162E-002   1.1947863388926054E-002   7.1086027586046772     
  0.50257324926495839       0.83455264367636206        3.5843590166778162E-002   1.1947863388926054E-002   32.785797615904734     
  0.60019696225260466       0.86411405454763879        3.5843590166778162E-002   1.1947863388926054E-002   28.662242990122479     
  0.20519611865359827       0.99756865192480548        3.5843590166778162E-002   1.1947863388926054E-002   127.26740415102307     
  0.92266325113660486       0.51725566213576302        3.5843590166778162E-002   1.1947863388926054E-002   101.83161943018793     
  0.37802341586537208       0.14324925955193296        3.5843590166778162E-002   1.1947863388926054E-002   114.48476334624220     
  0.31557719447839144       0.41138227272860700        3.5843590166778162E-002   1.1947863388926054E-002   136.19209315456820     
  0.99495673997854950       0.93013495517674272        3.5843590166778162E-002   1.1947863388926054E-002   26.003899495271714     
  0.58617563630683767       0.11342601029102971        3.5843590166778162E-002   1.1947863388926054E-002   151.50652613400237     
  0.23345433307980110       0.40923955888227093        3.5843590166778162E-002   1.1947863388926054E-002   174.14519849342381     
  0.14483953328400864       0.96979060938481620        3.5843590166778162E-002   1.1947863388926054E-002   7.3533497308542612     
  0.11735053918082072       0.68271433438875739        3.5843590166778162E-002   1.1947863388926054E-002   153.53116469930345     
  0.93571645418922356       0.25985101200627186        3.5843590166778162E-002   1.1947863388926054E-002   108.87735556558484     
  0.66975543272179172       0.89389887934709622        3.5843590166778162E-002   1.1947863388926054E-002   74.063099834771592     
  0.51288105016336272       0.86581965123291504        3.5843590166778162E-002   1.1947863388926054E-002   157.01389011283436     
   4.3118493475519097E-002  0.96363370563382877        3.5843590166778162E-002   1.1947863388926054E-002   77.957747441906733     
  0.77350801823110393       0.38696489202114898        3.5843590166778162E-002   1.1947863388926054E-002   20.348435244344639     
  0.78358583040758756       0.10349350407754396        3.5843590166778162E-002   1.1947863388926054E-002   28.503205088326908     
  0.56890186777182794       0.49325922604032574        3.5843590166778162E-002   1.1947863388926054E-002   122.40115856011327     
  0.78346584345893777       0.26366615475978777        3.5843590166778162E-002   1.1947863388926054E-002   123.86212978897665     
  0.69026154497276582        2.9872706382543582E-002   3.5843590166778162E-002   1.1947863388926054E-002   157.89963712052869     
  0.28807008615041024       0.15218981421537889        3.5843590166778162E-002   1.1947863388926054E-002   87.783873957409185     
  0.38562741492797165       0.29578129283397919        3.5843590166778162E-002   1.1947863388926054E-002   17.885503927370458     
  0.47030335337658646       0.81725214263335411        3.5843590166778162E-002   1.1947863388926054E-002   171.74913112943813     
  0.93419639319493131       0.94713769956470562        3.5843590166778162E-002   1.1947863388926054E-002   120.22810992756362     
  0.36791403045537535       0.95150931276090223        3.5843590166778162E-002   1.1947863388926054E-002   116.85125692391621     
  0.75465445413516308       0.77148467526353104        3.5843590166778162E-002   1.1947863388926054E-002   42.526350763970896     
  0.65930610338273399        7.2493708853788683E-002   3.5843590166778162E-002   1.1947863388926054E-002   163.23466899569465     
  0.37694537036137493       0.54875498745654994        3.5843590166778162E-002   1.1947863388926054E-002   170.92201092670248     
  0.97185599785659449       0.79970126255637586        3.5843590166778162E-002   1.1947863388926054E-002   141.19557028711935     
  0.70640969371647755       0.84160882788897273        3.5843590166778162E-002   1.1947863388926054E-002   43.192674122460787     
  0.29743761908365302       0.19961964103786439        3.5843590166778162E-002   1.1947863388926054E-002   128.84102581603787     
   7.7781391614777165E-003   7.8711097733443383E-002   3.5843590166778162E-002   1.1947863388926054E-002   108.04385589609284     
  0.68492929321666707       0.35188814031603910        3.5843590166778162E-002   1.1947863388926054E-002   151.67534663919568     
  0.53176036626083367       0.17271726273837440        3.5843590166778162E-002   1.1947863388926054E-002   117.50385826818085     
  0.66785662889844433       0.49585111014755373        3.5843590166778162E-002   1.1947863388926054E-002   64.826069087821935     
  0.61952537189221779       0.63624934231726082        3.5843590166778162E-002   1.1947863388926054E-002   26.813034396203200     
  0.76421567562889881       0.54804433849588086        3.5843590166778162E-002   1.1947863388926054E-002   92.420535690963973     
  0.58617705517683627       0.56469674776238454        3.5843590166778162E-002   1.1947863388926054E-002   39.266089535140253     
  0.17882876759415736       0.30411798780075094        3.5843590166778162E-002   1.1947863388926054E-002   85.776658100549099     
  0.22693050153976893       0.35850464998671988        3.5843590166778162E-002   1.1947863388926054E-002   172.24105691560069     
  0.35991826727662829       0.37477851244239585        3.5843590166778162E-002   1.1947863388926054E-002   92.843526942515638     
  0.65576413215135743       0.38351075224095299        3.5843590166778162E-002   1.1947863388926054E-002   17.492329788789167     
  0.91616146726241554        6.1212190745784566E-002   3.5843590166778162E-002   1.1947863388926054E-002   42.174510389954499     
  0.11960110076055562       0.20417221452303860        3.5843590166778162E-002   1.1947863388926054E-002   166.61063091918064     
  0.34335333909142474       0.42656359332002103        3.5843590166778162E-002   1.1947863388926054E-002   30.659633495876960     
  0.83935349450681684       0.57605808770201017        3.5843590166778162E-002   1.1947863388926054E-002   61.448077905497804     
  0.80233029331922290       0.58268950379484752        3.5843590166778162E-002   1.1947863388926054E-002   24.802703656363214     
  0.21655119788220703       0.88274757687497607        3.5843590166778162E-002   1.1947863388926054E-002   158.17590616874025     
  0.66503347993262385       0.34226651734317781        3.5843590166778162E-002   1.1947863388926054E-002   95.325292061385611     
  0.13853510691574034       0.85712428732165236        3.5843590166778162E-002   1.1947863388926054E-002   84.663058685306453     
  0.92321289259618888       0.99788253506253122        3.5843590166778162E-002   1.1947863388926054E-002   15.709954973005772     
  0.74894085044971304       0.60592203030884306        3.5843590166778162E-002   1.1947863388926054E-002   19.747652084822967     
  0.44910271194471535       0.95176595961152455        3.5843590166778162E-002   1.1947863388926054E-002   153.28691016388470     
  0.14572788234188686       0.64900328083689951        3.5843590166778162E-002   1.1947863388926054E-002   54.067326307167640     
   3.9047978035676355E-002  0.52828595665989175        3.5843590166778162E-002   1.1947863388926054E-002   30.779525309922011     
  0.41863049593921386       0.30522252599620109        3.5843590166778162E-002   1.1947863388926054E-002   145.32796505506943     
  0.66193282337127712       0.65802553907291272        3.5843590166778162E-002   1.1947863388926054E-002   72.699637887752246     
  0.20696734385202836       0.28086815894864187        3.5843590166778162E-002   1.1947863388926054E-002   87.903591427861372     
  0.66214482173431188       0.40667325137564397        3.5843590166778162E-002   1.1947863388926054E-002   164.79187989947843     
  0.70347576578866688       0.66754412276948516        3.5843590166778162E-002   1.1947863388926054E-002   94.489799761973785     
  0.78070937812342178       0.98281496301245774        3.5843590166778162E-002   1.1947863388926054E-002   168.28732334283296     
  0.44116900558553890       0.74966300310168732        3.5843590166778162E-002   1.1947863388926054E-002   89.923382319271326     
  0.59066833565328669       0.95264422543798533        3.5843590166778162E-002   1.1947863388926054E-002   51.816772140760740     
  0.62925775045850718       0.73780699469445721        3.5843590166778162E-002   1.1947863388926054E-002   44.789464206949084     
  0.83090374694523328       0.27449952118527055        3.5843590166778162E-002   1.1947863388926054E-002   25.491070918152587     
  0.50992980010063993       0.27139400695278604        3.5843590166778162E-002   1.1947863388926054E-002   95.932420908592533     
  0.44505428468324904       0.99845932961031414        3.5843590166778162E-002   1.1947863388926054E-002   61.352752947706726     
  0.99910080056803674       0.45446352093007975        3.5843590166778162E-002   1.1947863388926054E-002  0.40972387177242386     
  0.22246294743816858       0.21235021181552460        3.5843590166778162E-002   1.1947863388926054E-002   102.70333764598877     
   2.0213969851931295E-002  0.35467085966435979        3.5843590166778162E-002   1.1947863388926054E-002   119.70172814775579     
  0.82046933273779843       0.29691853953989128        3.5843590166778162E-002   1.1947863388926054E-002   142.33391442260830     
  0.17124202361124194       0.35858188977568339        3.5843590166778162E-002   1.1947863388926054E-002   139.54645047031730     
   4.4087702290832385E-002   5.1275248202383418E-002   3.5843590166778162E-002   1.1947863388926054E-002   124.06191237515888     
  0.70216733947592969       0.47581185427892259        3.5843590166778162E-002   1.1947863388926054E-002   76.487213299336432     
  0.45345102741538423       0.15215741467524044        3.5843590166778162E-002   1.1947863388926054E-002   87.192434692455905     
  0.81514764171445253       0.52458514269770629        3.5843590166778162E-002   1.1947863388926054E-002   94.033320710450539     
  0.36041839729787956       0.80801888698137569        3.5843590166778162E-002   1.1947863388926054E-002   126.55726640362649     
  0.48585177180236233        8.1771754500382959E-002   3.5843590166778162E-002   1.1947863388926054E-002   9.8541587859408448     
  0.86210597645445164       0.60324227020232979        3.5843590166778162E-002   1.1947863388926054E-002   47.333811215764818     
  0.75969150689140807        6.3791098099427415E-002   3.5843590166778162E-002   1.1947863388926054E-002   63.795497204464517     
  0.69920505417158341       0.13388800782497851        3.5843590166778162E-002   1.1947863388926054E-002   23.675463279902178     
  0.12049245379951716       0.56594699245371594        3.5843590166778162E-002   1.1947863388926054E-002   75.099039237675413     
  0.68191632021352988       0.97895250545562862        3.5843590166778162E-002   1.1947863388926054E-002   155.09866170742839     
  0.15513800419249121        7.0031546216053800E-002   3.5843590166778162E-002   1.1947863388926054E-002   2.5697435058784661     
  0.85193979759462302       0.83343608030008509        3.5843590166778162E-002   1.1947863388926054E-002   83.365752252791509     
  0.31929882342945781       0.99884008202254737        3.5843590166778162E-002   1.1947863388926054E-002  0.39793681997090097     
  0.34513874227963065       0.14814276178042068        3.5843590166778162E-002   1.1947863388926054E-002   128.47335428941767     
  0.42174471814571929       0.41308603978841357        3.5843590166778162E-002   1.1947863388926054E-002   39.516436373301360     
  0.91903220355405346       0.57931402162375889        3.5843590166778162E-002   1.1947863388926054E-002   167.29645041758113     
  0.78584509892241716       0.21157030929730997        3.5843590166778162E-002   1.1947863388926054E-002   158.16654886312628     
  0.77647346351307089       0.44041394420866631        3.5843590166778162E-002   1.1947863388926054E-002   136.73969053797131     
  0.55809282578429686       0.24661120648539639        3.5843590166778162E-002   1.1947863388926054E-002   80.170183812484908     
   2.8443215609376005E-002   9.3206426033570378E-002   3.5843590166778162E-002   1.1947863388926054E-002   67.074573627365169     
  0.57203278952407977       0.98827497861508873        3.5843590166778162E-002   1.1947863388926054E-002   91.479293357459795     
  0.89609817469881137        1.2043514306960889E-002   3.5843590166778162E-002   1.1947863388926054E-002   135.51081027761981     
  0.66999935542696398       0.42196772583358932        3.5843590166778162E-002   1.1947863388926054E-002   174.19096075288564     
  0.56121488693322308       0.15888564503685570        3.5843590166778162E-002   1.1947863388926054E-002   159.21752582001020     
  0.99667730728051207       0.15717846813588907        3.5843590166778162E-002   1.1947863388926054E-002   66.449058068995328     
  0.38478157469371049       0.39571190004278728        3.5843590166778162E-002   1.1947863388926054E-002   31.839625801131220     
  0.12829955150627617       0.93217973427156153        3.5843590166778162E-002   1.1947863388926054E-002   140.43480827331481     
  0.28464729580796327       0.55352450184856494        3.5843590166778162E-002   1.1947863388926054E-002   119.20076926800672     
  0.69239389284210318       0.16533878339179175        3.5843590166778162E-002   1.1947863388926054E-002   116.10236913370963     
  0.23303978555294766       0.58169829163312681        3.5843590166778162E-002   1.1947863388926054E-002   91.950189450646789     
  0.61724623314381100       0.82897156847558007        3.5843590166778162E-002   1.1947863388926054E-002   157.89093519594962     
  0.31936366164400765       0.32282596266970603        3.5843590166778162E-002   1.1947863388926054E-002   39.289290141123189     
  0.80045193435550410       0.80694502618876407        3.5843590166778162E-002   1.1947863388926054E-002   21.592874915988354     
  0.26408058751693458       0.60229814623466416        3.5843590166778162E-002   1.1947863388926054E-002   35.096648513905293     
  0.60554877224920578       0.80420010265895714        3.5843590166778162E-002   1.1947863388926054E-002   46.265842631737058     
  0.73514720308012904       0.82808694223443358        3.5843590166778162E-002   1.1947863388926054E-002   5.8085695252420431     
  0.21724262110219467       0.25617595286100364        3.5843590166778162E-002   1.1947863388926054E-002   11.541397152942958     
  0.90561528456271589       0.11155795989464411        3.5843590166778162E-002   1.1947863388926054E-002   107.47198485542029     
  0.39256204449002341        5.5513383892263179E-002   3.5843590166778162E-002   1.1947863388926054E-002   6.6821451708592186     
  0.74733809126715067       0.35127070267653587        3.5843590166778162E-002   1.1947863388926054E-002   51.729869068152681     
  0.24638215403188163       0.63825801329742615        3.5843590166778162E-002   1.1947863388926054E-002   80.680466051138751     
  0.71765842847571071       0.51033031941006801        3.5843590166778162E-002   1.1947863388926054E-002   93.317790381616064     
  0.27915014919255055       0.32635689367351650        3.5843590166778162E-002   1.1947863388926054E-002   25.117234585324738     
  0.61983598381563021       0.98938388101635766        3.5843590166778162E-002   1.1947863388926054E-002   11.100049951814229     
  0.16605776134641362       0.81869163211311913        3.5843590166778162E-002   1.1947863388926054E-002   98.196769173594831     
   4.0115509838712558E-002  0.21882333645560084        3.5843590166778162E-002   1.1947863388926054E-002   105.77741408305251     
  0.67281797257695708       0.96793454601328377        3.5843590166778162E-002   1.1947863388926054E-002   138.98111614091084     
   1.0462887067974266E-002  0.86314709422972580        3.5843590166778162E-002   1.1947863388926054E-002   123.35873906756416     
  0.50086268995577876       0.60336679129180049        3.5843590166778162E-002   1.1947863388926054E-002   119.62459829081357     
  0.80389176417645059       0.49625441878934956        3.5843590166778162E-002   1.1947863388926054E-002   157.61178989755089     
  0.57375440735794814       0.66761206785632365        3.5843590166778162E-002   1.1947863388926054E-002   88.805951452118293     
  0.19661881807846926       0.33269465394784575        3.5843590166778162E-002   1.1947863388926054E-002   133.26581113394067     
  0.79780517602965229       0.37871267158820393        3.5843590166778162E-002   1.1947863388926054E-002   15.790251429272523     
  0.56375576738232758       0.87988975772943523        3.5843590166778162E-002   1.1947863388926054E-002   130.54189827109749     
  0.14711767970817294       0.35255020741587867        3.5843590166778162E-002   1.1947863388926054E-002   76.884955072412808     
  0.62106182463013337       0.34127797516898134        3.5843590166778162E-002   1.1947863388926054E-002   50.017333948739513     
  0.98713544332725589       0.75311099232505285        3.5843590166778162E-002   1.1947863388926054E-002   38.597922996069983     
  0.81350725802970902       0.60868492949010389        3.5843590166778162E-002   1.1947863388926054E-002   54.957092437591804     
  0.95050383628943291       0.35878414482050835        3.5843590166778162E-002   1.1947863388926054E-002   110.91632291110579     
  0.53878787569560549       0.35320487458340810        3.5843590166778162E-002   1.1947863388926054E-002   137.42915515856731     
  0.66164134919620798       0.93352403855649790        3.5843590166778162E-002   1.1947863388926054E-002   27.749497787424975     
  0.68196908848703486       0.64212690060113720        3.5843590166778162E-002   1.1947863388926054E-002   47.773062438103508     
   1.5930403654502850E-002  0.80539930861700737        3.5843590166778162E-002   1.1947863388926054E-002   111.02224661823873     
  0.74572525144864166       0.66400879126514911        3.5843590166778162E-002   1.1947863388926054E-002   99.473720991642338     
  0.97828261887376322       0.81495320799380433        3.5843590166778162E-002   1.1947863388926054E-002   154.21850207660938     
  0.20220006591966636       0.77416387978184209        3.5843590166778162E-002   1.1947863388926054E-002   19.493267097011071     
  0.26445768237062867       0.79293935442950392        3.5843590166778162E-002   1.1947863388926054E-002   66.838582642972256     
  0.54204116020048898       0.40166979619456328        3.5843590166778162E-002   1.1947863388926054E-002   140.57885715235156     
  0.36690863230602522       0.10254334774350289        3.5843590166778162E-002   1.1947863388926054E-002   111.67060060054112     
  0.20300535497043989       0.63457031103068406        3.5843590166778162E-002   1.1947863388926054E-002   167.17179659269874     
  0.61002213594125654       0.71681998864471042        3.5843590166778162E-002   1.1947863388926054E-002   146.28214334788834     
  0.90165901586460706       0.67654531146295915        3.5843590166778162E-002   1.1947863388926054E-002   136.93896627044870     
   4.1759609035014529E-002  0.71360216137306587        3.5843590166778162E-002   1.1947863388926054E-002   117.26444562313978     
   4.2026121901450844E-002  0.68831655730529306        3.5843590166778162E-002   1.1947863388926054E-002   166.09221236679613     
  0.78544049419576389       0.16763553197323980        3.5843590166778162E-002   1.1947863388926054E-002   55.229761877343876     
  0.78117207502928854        3.3545252352033231E-003   3.5843590166778162E-002   1.1947863388926054E-002   124.51505601582106     
  0.71604559703910520       0.69836626052256989        3.5843590166778162E-002   1.1947863388926054E-002   139.38336880299559     
  0.21031494945137327       0.85826658131837552        3.5843590166778162E-002   1.1947863388926054E-002   137.14639868468228     
  0.83738718329831519       0.18727984885249691        3.5843590166778162E-002   1.1947863388926054E-002   168.60708449576151     
  0.48992835946563190       0.10468757479991710        3.5843590166778162E-002   1.1947863388926054E-002   145.36258885442282     
  0.93311957610545859       0.84276086050000254        3.5843590166778162E-002   1.1947863388926054E-002   121.40514207977665     
  0.12475545266839372       0.52193224253539672        3.5843590166778162E-002   1.1947863388926054E-002   118.41432099473536     
  0.78163266668039222       0.46577469646660163        3.5843590166778162E-002   1.1947863388926054E-002   39.881704472911025     
  0.65283352066336631       0.89327701049616193        3.5843590166778162E-002   1.1947863388926054E-002   104.07928552792373     
  0.72471928391658658       0.21968525337797329        3.5843590166778162E-002   1.1947863388926054E-002   31.964514989863975     
  0.90983160042003075       0.20083941678826217        3.5843590166778162E-002   1.1947863388926054E-002   33.832665931329416     
  0.25425731186376488       0.50535154230293988        3.5843590166778162E-002   1.1947863388926054E-002   20.480205137663258     
  0.89569990343157746       0.48107289392388125        3.5843590166778162E-002   1.1947863388926054E-002   174.79095743840159     
  0.27173734786811965       0.63820040615287121        3.5843590166778162E-002   1.1947863388926054E-002   35.921429243554122     
  0.93382534960990526       0.22688105076359522        3.5843590166778162E-002   1.1947863388926054E-002   16.088442172630497     
  0.17190546058675468       0.99887345314406439        3.5843590166778162E-002   1.1947863388926054E-002   119.49526132880580     
  0.46857774901627963       0.12648143451416546        3.5843590166778162E-002   1.1947863388926054E-002   60.334734892683322     
  0.50817316174261218       0.16039207591522475        3.5843590166778162E-002   1.1947863388926054E-002   167.61622632265986     
  0.15138763369431202       0.78147263792754318        3.5843590166778162E-002   1.1947863388926054E-002   36.676071964887022     
  0.68519342422552454       0.85055161979536331        3.5843590166778162E-002   1.1947863388926054E-002   17.661476769123936     
  0.11380967016975486       0.41123782910239121        3.5843590166778162E-002   1.1947863388926054E-002   101.49949991491506     
  0.73469837636191493       0.30667473723597105        3.5843590166778162E-002   1.1947863388926054E-002   20.233483053672153     
  0.18472727560522892       0.84593398711784773        3.5843590166778162E-002   1.1947863388926054E-002   46.033005170899180     
  0.48614590536914859       0.78014242157259606        3.5843590166778162E-002   1.1947863388926054E-002   160.08748802702709     
  0.54222158812397858        6.7355825989583173E-002   3.5843590166778162E-002   1.1947863388926054E-002   88.444083052569553     
  0.30865451425110629       0.60495840817331026        3.5843590166778162E-002   1.1947863388926054E-002   103.72031433332093     
  0.48710983498223870       0.47104830152513649        3.5843590166778162E-002   1.1947863388926054E-002   162.43041781083937     
  0.32644354912811036       0.37725722593168948        3.5843590166778162E-002   1.1947863388926054E-002   170.25261350510277     
   5.8884004133353172E-002  0.43746671817172555        3.5843590166778162E-002   1.1947863388926054E-002   66.397634504269320     
  0.62387568924084003        6.0344841250330260E-002   3.5843590166778162E-002   1.1947863388926054E-002   157.97551463726850     
  0.63883728967102693       0.18436631081778146        3.5843590166778162E-002   1.1947863388926054E-002   119.98233457957322     
  0.24762333233281189       0.29307080693168519        3.5843590166778162E-002   1.1947863388926054E-002   70.322541621241740     
  0.24409716844011997       0.13860928375992732        3.5843590166778162E-002   1.1947863388926054E-002   179.05529015683553     
  0.89576262987210575       0.69619203728704226        3.5843590166778162E-002   1.1947863388926054E-002   151.24776696602822     
  0.76262952658511218       0.33040497864634782        3.5843590166778162E-002   1.1947863388926054E-002   38.758425719321792     
  0.41838337553785504       0.55241025854161441        3.5843590166778162E-002   1.1947863388926054E-002   48.475657059080355     
  0.38289967204745490       0.76931912367099731        3.5843590166778162E-002   1.1947863388926054E-002   178.00643784485163     
   7.6170899660571695E-002  0.77848145434765625        3.5843590166778162E-002   1.1947863388926054E-002   56.240651710170972     
  0.85619042663657396       0.71390496857613928        3.5843590166778162E-002   1.1947863388926054E-002   27.749068969241744     
  0.43520835414189385       0.52803306212355905        3.5843590166778162E-002   1.1947863388926054E-002   158.65174984810815     
  0.22972120601977339       0.16182227627666579        3.5843590166778162E-002   1.1947863388926054E-002   77.417448852436223     
  0.75380166669988147        1.7913687548663168E-002   3.5843590166778162E-002   1.1947863388926054E-002   87.556974404651129     
  0.67557929056894017       0.95059778562767794        3.5843590166778162E-002   1.1947863388926054E-002   162.04300271051713     
  0.34962596544912411       0.32460911276743676        3.5843590166778162E-002   1.1947863388926054E-002   130.95981721374415     
  0.88127079741471348       0.13459639488091513        3.5843590166778162E-002   1.1947863388926054E-002   48.596626450639796     
  0.51143389077479051       0.55431012636688137        3.5843590166778162E-002   1.1947863388926054E-002   88.010681141590652     
  0.78783179398891634       0.62967061590154139        3.5843590166778162E-002   1.1947863388926054E-002   179.63428841387599     
  0.59757544928878226       0.54335642391079730        3.5843590166778162E-002   1.1947863388926054E-002   135.15146097534995     
  0.85564399032375738       0.22136869912457810        3.5843590166778162E-002   1.1947863388926054E-002   61.975385634185642     
  0.52505666465955625       0.90227646960726793        3.5843590166778162E-002   1.1947863388926054E-002   157.57715092695216     
  0.92483506985520059       0.17259118562968445        3.5843590166778162E-002   1.1947863388926054E-002   113.63221471139148     
  0.30622935808705887       0.56184175262421288        3.5843590166778162E-002   1.1947863388926054E-002   165.06082769025599     
  0.92238210113834518       0.28918938399467015        3.5843590166778162E-002   1.1947863388926054E-002   74.047104983592362     
  0.29089838812424007       0.47844276543279052        3.5843590166778162E-002   1.1947863388926054E-002   103.89249656855232     
  0.43643757705446057       0.11003311596707405        3.5843590166778162E-002   1.1947863388926054E-002   172.58484269944560     
   8.2100351796732238E-002  0.36445145950155805        3.5843590166778162E-002   1.1947863388926054E-002   110.33557342296639     
  0.27746790022811457       0.69999046307091894        3.5843590166778162E-002   1.1947863388926054E-002   27.465954504258061     
  0.34420829045479406       0.39449271803656527        3.5843590166778162E-002   1.1947863388926054E-002   117.05535132889862     
  0.71478109469469309       0.57091027497831293        3.5843590166778162E-002   1.1947863388926054E-002   132.07311362317515     
  0.68998208765335256        5.6753629391906688E-002   3.5843590166778162E-002   1.1947863388926054E-002   120.53154045025862     
   9.6220716917310350E-002  0.32181459391691397        3.5843590166778162E-002   1.1947863388926054E-002   92.923449649705191     
  0.35117219754012152       0.18087482145783712        3.5843590166778162E-002   1.1947863388926054E-002   4.8217368451168907     
   2.4928871597607660E-002  0.41153482868708047        3.5843590166778162E-002   1.1947863388926054E-002   91.028169420265783     
  0.72344100125715372       0.36994636269300146        3.5843590166778162E-002   1.1947863388926054E-002   111.95405905884459     
  0.15365818611390228       0.52785077242462042        3.5843590166778162E-002   1.1947863388926054E-002   161.18428315066922     
  0.72831480433547791       0.44807763666660516        3.5843590166778162E-002   1.1947863388926054E-002   34.383423459991342     
  0.20045933734581045       0.17554376932370994        3.5843590166778162E-002   1.1947863388926054E-002   17.236703105792291     
  0.41267214579374173       0.34718315418995110        3.5843590166778162E-002   1.1947863388926054E-002   48.128377027303003     
  0.99776720759003079       0.47828165648709497        3.5843590166778162E-002   1.1947863388926054E-002   30.427815693600259     
  0.61831701479710000       0.58053761064494092        3.5843590166778162E-002   1.1947863388926054E-002   62.294624845983044     
  0.85099414798175099       0.76034923916202712        3.5843590166778162E-002   1.1947863388926054E-002   94.193288249163643     
