  0.26807163366400116       0.84047390544023792        3.5843590166778162E-002   1.1947863388926054E-002   78.250257601622451     
  0.34282949654607797        1.5889156968606408E-002   3.5843590166778162E-002   1.1947863388926054E-002   133.80123459156832     
  0.12349603488766379       0.35851731541620607        3.5843590166778162E-002   1.1947863388926054E-002   107.02676041669895     
  0.24745662017581460       0.54958136151314252        3.5843590166778162E-002   1.1947863388926054E-002   132.56649811619539     
  0.50897479209250640        4.5664197296425117E-002   3.5843590166778162E-002   1.1947863388926054E-002   92.909372661866556     
   7.6701378226101929E-002  0.99660156643668607        3.5843590166778162E-002   1.1947863388926054E-002   52.036814877357919     
  0.88287917160391538       0.38548985461661089        3.5843590166778162E-002   1.1947863388926054E-002   153.68756986220524     
  0.48069784801289434       0.60437967494419920        3.5843590166778162E-002   1.1947863388926054E-002   69.090129029080728     
  0.58241504037819447       0.63448401321699288        3.5843590166778162E-002   1.1947863388926054E-002   101.99164488901840     
   8.2799316959322675E-003  0.44777021831297592        3.5843590166778162E-002   1.1947863388926054E-002   39.794795349499957     
  0.50625873617082739       0.67553917238114758        3.5843590166778162E-002   1.1947863388926054E-002   41.694986871245263     
   3.3916694505304261E-002  0.58593670768116246        3.5843590166778162E-002   1.1947863388926054E-002   17.271442165864904     
  0.23954237735323539       0.17839159827979889        3.5843590166778162E-002   1.1947863388926054E-002   158.84475547671514     
   6.2154607885177633E-002  0.95097743933401391        3.5843590166778162E-002   1.1947863388926054E-002   42.059355862226923     
  0.49640006470175041       0.78036511472420100        3.5843590166778162E-002   1.1947863388926054E-002   135.95519583192262     
  0.17149584340951224       0.77712706062658088        3.5843590166778162E-002   1.1947863388926054E-002   84.013167076101155     
  0.90257097708383927       0.74266991220023759        3.5843590166778162E-002   1.1947863388926054E-002   13.593521668552116     
  0.94211680576468526       0.89813992574921819        3.5843590166778162E-002   1.1947863388926054E-002   141.10767291796031     
  0.42421095728214964       0.62416365918305439        3.5843590166778162E-002   1.1947863388926054E-002   82.461709335793415     
  0.56750268695508321        9.1614658275427779E-002   3.5843590166778162E-002   1.1947863388926054E-002   137.11267648501206     
  0.97317901978210486       0.98912480112944323        3.5843590166778162E-002   1.1947863388926054E-002   47.892137339958765     
  0.21459442760984840       0.42959398306547580        3.5843590166778162E-002   1.1947863388926054E-002   30.613933422921381     
  0.15482000193992482       0.64407700299290627        3.5843590166778162E-002   1.1947863388926054E-002   63.903331280817802     
  0.18016673778843725       0.40753879218488248        3.5843590166778162E-002   1.1947863388926054E-002   168.36635589187046     
  0.63162756307925672       0.59417265581345013        3.5843590166778162E-002   1.1947863388926054E-002   121.07223278174166     
  0.52468737330466886        4.9789292535756022E-002   3.5843590166778162E-002   1.1947863388926054E-002   120.97246085696815     
  0.18604376146111834       0.50131579538834325        3.5843590166778162E-002   1.1947863388926054E-002   106.98897601247904     
  0.97044477898972303       0.95500626820319023        3.5843590166778162E-002   1.1947863388926054E-002   76.370433031808034     
  0.15732477485851659       0.16917428288584158        3.5843590166778162E-002   1.1947863388926054E-002   137.91268143876357     
  0.17239302939428366       0.49191497619744934        3.5843590166778162E-002   1.1947863388926054E-002   122.76679688840068     
  0.36446781051313287       0.23358910594379637        3.5843590166778162E-002   1.1947863388926054E-002   101.15041451029724     
  0.31293789905657687       0.20865656778754080        3.5843590166778162E-002   1.1947863388926054E-002   155.07411725297573     
  0.24775701548589044       0.42691732333318844        3.5843590166778162E-002   1.1947863388926054E-002   146.49736500195044     
  0.36793718103033274       0.43478169432427222        3.5843590166778162E-002   1.1947863388926054E-002   22.457615897011639     
  0.76413129817760683       0.23175838785715611        3.5843590166778162E-002   1.1947863388926054E-002   16.868720377022974     
  0.99658404567993930       0.33957208381534915        3.5843590166778162E-002   1.1947863388926054E-002   156.51870647030418     
  0.35374544994938395       0.94265396340963581        3.5843590166778162E-002   1.1947863388926054E-002   128.29409643448804     
  0.22628410282343217       0.46215359188779731        3.5843590166778162E-002   1.1947863388926054E-002   67.763171653901026     
  0.48137701214402406       0.86420702310124697        3.5843590166778162E-002   1.1947863388926054E-002   179.36765582428814     
   6.7310803666207106E-002   4.7856436761752729E-003   3.5843590166778162E-002   1.1947863388926054E-002   50.134955471368144     
  0.10154809725525238        9.6857178852739548E-002   3.5843590166778162E-002   1.1947863388926054E-002   132.74208993538173     
  0.65920047259214820       0.24975743630552275        3.5843590166778162E-002   1.1947863388926054E-002   98.214642607953692     
  0.10103801524656814       0.81819106856205415        3.5843590166778162E-002   1.1947863388926054E-002   71.775506355761564     
  0.15127658790640580       0.23283437447832156        3.5843590166778162E-002   1.1947863388926054E-002   58.244571118982769     
  0.30256361701150092        7.6427146449726188E-002   3.5843590166778162E-002   1.1947863388926054E-002   100.95710629869907     
  0.65107814486665117       0.94551872190441444        3.5843590166778162E-002   1.1947863388926054E-002   137.50116367945398     
  0.97814582350017154       0.28395550595793773        3.5843590166778162E-002   1.1947863388926054E-002   118.67866035186971     
  0.65831792684627599       0.20614335743894383        3.5843590166778162E-002   1.1947863388926054E-002   157.20216634691886     
   6.8282247974451885E-002  0.61706765731726965        3.5843590166778162E-002   1.1947863388926054E-002   36.275174053567369     
  0.58645503290008205       0.44351467363713476        3.5843590166778162E-002   1.1947863388926054E-002   111.64515430821952     
   5.3789117174257974E-002  0.90988380290018112        3.5843590166778162E-002   1.1947863388926054E-002   45.371191108855996     
  0.53538118904241216       0.71102541728807589        3.5843590166778162E-002   1.1947863388926054E-002  0.96405874888645826     
   9.1115742200326172E-002  0.50403246774140131        3.5843590166778162E-002   1.1947863388926054E-002   166.31217522175746     
  0.33258041193212151       0.66422784052219430        3.5843590166778162E-002   1.1947863388926054E-002   100.12569754881984     
   4.1904630755888378E-002  0.13774327526091842        3.5843590166778162E-002   1.1947863388926054E-002   151.80405150486359     
  0.33773721609017321       0.70528256834009095        3.5843590166778162E-002   1.1947863388926054E-002   98.982720130603369     
  0.94575482966215529       0.40424081674074896        3.5843590166778162E-002   1.1947863388926054E-002   25.957232744137194     
  0.32876307138034061       0.75437595111930389        3.5843590166778162E-002   1.1947863388926054E-002   77.895510970902833     
  0.17584958615725418       0.58031604420773830        3.5843590166778162E-002   1.1947863388926054E-002   24.844146460412276     
   1.7368070324109711E-002  0.67012634475967825        3.5843590166778162E-002   1.1947863388926054E-002   66.135421979944624     
  0.45597589106417830       0.98363329041070247        3.5843590166778162E-002   1.1947863388926054E-002   30.572306833297979     
   3.3482265757002014E-002  0.33470038757127191        3.5843590166778162E-002   1.1947863388926054E-002   9.6929316548161157     
  0.28749748758845334       0.79129878389907959        3.5843590166778162E-002   1.1947863388926054E-002   92.120013102051388     
  0.77531881158040628       0.58487921404622412        3.5843590166778162E-002   1.1947863388926054E-002   131.78050878357291     
  0.73505205369537985       0.70503909582232949        3.5843590166778162E-002   1.1947863388926054E-002   94.175754446275121     
  0.13035610079086357        2.6598912201695551E-002   3.5843590166778162E-002   1.1947863388926054E-002   96.411866578510342     
  0.63542654919334884       0.41717253652043046        3.5843590166778162E-002   1.1947863388926054E-002   158.91914816951731     
  0.46514652301473353        3.2042237934308479E-002   3.5843590166778162E-002   1.1947863388926054E-002   159.37601766244575     
  0.70388616576762886       0.99240998046578133        3.5843590166778162E-002   1.1947863388926054E-002   61.362470017191932     
  0.96519251187146771       0.73119862224917553        3.5843590166778162E-002   1.1947863388926054E-002   21.507590275558258     
  0.43631141500890441       0.15662579536236074        3.5843590166778162E-002   1.1947863388926054E-002   50.875738549715734     
  0.87716312959950782       0.84588407908943586        3.5843590166778162E-002   1.1947863388926054E-002   173.86427309897877     
  0.18090770796573366       0.42219333455961316        3.5843590166778162E-002   1.1947863388926054E-002   178.49226905817301     
  0.42622265290747657       0.25802600214732430        3.5843590166778162E-002   1.1947863388926054E-002   158.98706083414154     
  0.58028779278438281       0.28033081203031257        3.5843590166778162E-002   1.1947863388926054E-002   159.84981472964128     
  0.26086164138870227       0.22456105133418125        3.5843590166778162E-002   1.1947863388926054E-002   48.591777915508082     
  0.63810598147206021       0.86722600212273204        3.5843590166778162E-002   1.1947863388926054E-002   167.40007966920118     
  0.49808626300134484       0.40795736733053600        3.5843590166778162E-002   1.1947863388926054E-002   142.69923300828540     
  0.68077603865167835       0.85708174256674685        3.5843590166778162E-002   1.1947863388926054E-002   165.62892742499653     
  0.99332811403668742       0.88240537874437908        3.5843590166778162E-002   1.1947863388926054E-002   24.592274510694356     
  0.27008588848723630       0.11855344696734246        3.5843590166778162E-002   1.1947863388926054E-002   61.891438650792601     
  0.38047618516873394       0.92178211647418262        3.5843590166778162E-002   1.1947863388926054E-002   51.269072092776717     
   8.8338185338650718E-002   8.9474649894694086E-002   3.5843590166778162E-002   1.1947863388926054E-002   112.03905449403432     
   9.9625434333868168E-002  0.51916449174640322        3.5843590166778162E-002   1.1947863388926054E-002   146.81543871029851     
  0.14214169318118608       0.94330184949375384        3.5843590166778162E-002   1.1947863388926054E-002   139.69426150760250     
  0.63343914013882119       0.13519797963213981        3.5843590166778162E-002   1.1947863388926054E-002   139.36957393303226     
  0.53102262534630962       0.12171796994211777        3.5843590166778162E-002   1.1947863388926054E-002   38.126360849589425     
  0.96792489139836901       0.54279857865864523        3.5843590166778162E-002   1.1947863388926054E-002   88.719750227024207     
   6.6474847507002735E-002  0.15048573900994519        3.5843590166778162E-002   1.1947863388926054E-002   69.762715790109169     
  0.24355129229165171       0.98765749427542548        3.5843590166778162E-002   1.1947863388926054E-002   163.39833853689896     
  0.65009112112034484       0.47299310249856724        3.5843590166778162E-002   1.1947863388926054E-002   70.724707878008545     
  0.65810505850528656        4.3498117633619104E-002   3.5843590166778162E-002   1.1947863388926054E-002   125.45396524392396     
  0.37323403061975591       0.98935036034652757        3.5843590166778162E-002   1.1947863388926054E-002   130.51120090249557     
  0.30633974640882028       0.34541822006480505        3.5843590166778162E-002   1.1947863388926054E-002   50.691259565184382     
  0.46075772884835930       0.40439876674246189        3.5843590166778162E-002   1.1947863388926054E-002   81.199178256760419     
  0.88738814668677035       0.75710309325594061        3.5843590166778162E-002   1.1947863388926054E-002   70.428859361192679     
   2.6321204226818530E-002  0.12386714501084470        3.5843590166778162E-002   1.1947863388926054E-002   97.688187564488487     
  0.47318844786892555       0.84828378692753004        3.5843590166778162E-002   1.1947863388926054E-002   138.01985011048953     
  0.61583570593317738       0.95791176230075481        3.5843590166778162E-002   1.1947863388926054E-002   132.78166258076266     
  0.39473701796801397       0.84586535325011192        3.5843590166778162E-002   1.1947863388926054E-002   108.95272043509466     
  0.45669241590940762       0.34185467947316550        3.5843590166778162E-002   1.1947863388926054E-002   159.33816177292903     
  0.61597633604121926        3.8755439611845549E-002   3.5843590166778162E-002   1.1947863388926054E-002   128.91241982325710     
  0.82690123000315885       0.30733159589821496        3.5843590166778162E-002   1.1947863388926054E-002   130.25852816760303     
  0.14878988301687765       0.42302352985239594        3.5843590166778162E-002   1.1947863388926054E-002   155.68880061225408     
  0.82925186365364356       0.65242096169000963        3.5843590166778162E-002   1.1947863388926054E-002   47.656429344926259     
  0.11196470564963090       0.35423974923792029        3.5843590166778162E-002   1.1947863388926054E-002   115.51443729327394     
  0.78331672361459781       0.50642220808889093        3.5843590166778162E-002   1.1947863388926054E-002   105.91101855339322     
   7.7011686195933307E-002  0.66875649993090369        3.5843590166778162E-002   1.1947863388926054E-002   127.49830419936025     
   8.1595614069515335E-002  0.56634899247577575        3.5843590166778162E-002   1.1947863388926054E-002   34.414583328757246     
  0.47381463153605335       0.40163391416539640        3.5843590166778162E-002   1.1947863388926054E-002   67.224320259675011     
  0.55324030059959040       0.41596131355397808        3.5843590166778162E-002   1.1947863388926054E-002   160.74102508555501     
  0.24850063171356623       0.23289545870429151        3.5843590166778162E-002   1.1947863388926054E-002   64.771413042009868     
  0.43319165521670072       0.49582962862351393        3.5843590166778162E-002   1.1947863388926054E-002   144.70401980254874     
  0.43999801116325560       0.43540421554779513        3.5843590166778162E-002   1.1947863388926054E-002   151.18049117193638     
  0.90548953598673010       0.50535833360093818        3.5843590166778162E-002   1.1947863388926054E-002   160.75870071746854     
  0.28518078946262637       0.82275965863026101        3.5843590166778162E-002   1.1947863388926054E-002   10.535954186951791     
  0.61344748773449354       0.67571754949364116        3.5843590166778162E-002   1.1947863388926054E-002   104.13360167171628     
  0.94723676495027032       0.99449212180749835        3.5843590166778162E-002   1.1947863388926054E-002   100.15965582503506     
  0.26828538491880599        4.2069093555334447E-002   3.5843590166778162E-002   1.1947863388926054E-002   47.645344959271291     
  0.42416391011415699       0.48223202611295357        3.5843590166778162E-002   1.1947863388926054E-002   168.64919512727374     
  0.97329011220934780       0.76339276017425051        3.5843590166778162E-002   1.1947863388926054E-002   76.309171191546852     
  0.12196769286982963       0.92250535803482825        3.5843590166778162E-002   1.1947863388926054E-002   135.14249898265695     
  0.71283686698259685       0.94831049657953614        3.5843590166778162E-002   1.1947863388926054E-002   36.767912007762362     
  0.57503699124752450       0.85465389958703741        3.5843590166778162E-002   1.1947863388926054E-002   38.739408531621905     
  0.98305655523480495       0.10010758662097488        3.5843590166778162E-002   1.1947863388926054E-002   91.657996330843162     
  0.11875009975472918       0.78685107261817899        3.5843590166778162E-002   1.1947863388926054E-002   11.911416233969099     
  0.38951516364440486       0.94818355862181691        3.5843590166778162E-002   1.1947863388926054E-002   57.133826429897567     
  0.40945184129186668       0.79851261483352354        3.5843590166778162E-002   1.1947863388926054E-002   133.79346377632785     
  0.30952381765904652       0.97505438333440198        3.5843590166778162E-002   1.1947863388926054E-002   145.88966815644960     
   7.9334171363425215E-002  0.18654475885604480        3.5843590166778162E-002   1.1947863388926054E-002   107.32863624879815     
  0.32113768972510209       0.58454660541260339        3.5843590166778162E-002   1.1947863388926054E-002   39.257603564018524     
  0.80476869200794376       0.33119900199786723        3.5843590166778162E-002   1.1947863388926054E-002   46.538960948731599     
  0.22396291328447296       0.33699877806762102        3.5843590166778162E-002   1.1947863388926054E-002   164.26454216357604     
  0.72909505362440530       0.60433333475672102        3.5843590166778162E-002   1.1947863388926054E-002   163.96703913793823     
  0.67806356765146403       0.42860377491762308        3.5843590166778162E-002   1.1947863388926054E-002   9.9026076098539164     
  0.10754504716592966       0.85401045021968369        3.5843590166778162E-002   1.1947863388926054E-002   87.150321267441527     
  0.55567876970512420       0.47538145259962561        3.5843590166778162E-002   1.1947863388926054E-002   147.54083913516780     
  0.68574734849299679       0.80546171940411981        3.5843590166778162E-002   1.1947863388926054E-002   79.496128606922426     
  0.38760699701802559       0.56157414384154236        3.5843590166778162E-002   1.1947863388926054E-002   167.70278339029130     
  0.41571574248962262       0.86696507638845832        3.5843590166778162E-002   1.1947863388926054E-002   173.58025443708598     
  0.96271806977450969       0.24441096904627629        3.5843590166778162E-002   1.1947863388926054E-002   28.449127752415766     
  0.79405103753098782        7.1346639065872242E-002   3.5843590166778162E-002   1.1947863388926054E-002   169.66910225985279     
  0.89812958869329118       0.24906782984045769        3.5843590166778162E-002   1.1947863388926054E-002   83.027777362550182     
  0.48668886582934368       0.92445927387843607        3.5843590166778162E-002   1.1947863388926054E-002   159.93540003337387     
  0.85949570264046160       0.90594763344450047        3.5843590166778162E-002   1.1947863388926054E-002   122.73258960143201     
  0.51599006700271155       0.43857190833557602        3.5843590166778162E-002   1.1947863388926054E-002   121.66518085847626     
  0.33758196472449514       0.52669036084939536        3.5843590166778162E-002   1.1947863388926054E-002   31.210011173901588     
  0.47427931572320103       0.54578664384704623        3.5843590166778162E-002   1.1947863388926054E-002   1.3321300864829939     
  0.18501937982004474       0.69507541481553770        3.5843590166778162E-002   1.1947863388926054E-002   72.759763712333481     
  0.79844198934389921       0.70189836097393699        3.5843590166778162E-002   1.1947863388926054E-002   78.966116069173367     
  0.42741280337601384       0.87934285660101275        3.5843590166778162E-002   1.1947863388926054E-002   2.2758714195569412     
  0.15986800823373973       0.98731439728493686        3.5843590166778162E-002   1.1947863388926054E-002   156.90955683859639     
  0.39979005964707459       0.24935485260292456        3.5843590166778162E-002   1.1947863388926054E-002   66.886842741110186     
  0.79722674858312281       0.22946087834886766        3.5843590166778162E-002   1.1947863388926054E-002   145.60116108860760     
  0.56998559014930672       0.52358630434609077        3.5843590166778162E-002   1.1947863388926054E-002   103.59890106013350     
  0.62453303909176416       0.78976011354953490        3.5843590166778162E-002   1.1947863388926054E-002   6.1792004505321563     
   6.3229534733044851E-002   9.3242776606984726E-002   3.5843590166778162E-002   1.1947863388926054E-002   54.754097132756499     
  0.12578373743910717       0.30684034263749338        3.5843590166778162E-002   1.1947863388926054E-002   80.247995090009439     
  0.88809418134612961       0.44260143266332530        3.5843590166778162E-002   1.1947863388926054E-002   24.878906505278799     
  0.49966985503440248       0.85355180921999607        3.5843590166778162E-002   1.1947863388926054E-002   7.7139188848357207     
  0.38670559036570062       0.10453057603869269        3.5843590166778162E-002   1.1947863388926054E-002   65.951267678690016     
  0.69809072503796366       0.57446002701572041        3.5843590166778162E-002   1.1947863388926054E-002   142.26360191470300     
  0.62828210899791648       0.97353561634022434        3.5843590166778162E-002   1.1947863388926054E-002   173.66100953947091     
  0.22837679014169945       0.39309383395786363        3.5843590166778162E-002   1.1947863388926054E-002   152.11906156042602     
  0.98149376582613068       0.16354650032013190        3.5843590166778162E-002   1.1947863388926054E-002   89.843341086843978     
  0.88868841858333814       0.80107171955478829        3.5843590166778162E-002   1.1947863388926054E-002   38.717498990002753     
   7.3880000437581958E-002  0.22695778740612696        3.5843590166778162E-002   1.1947863388926054E-002   48.577091000765897     
  0.37271254514691482       0.89106436078155593        3.5843590166778162E-002   1.1947863388926054E-002   75.466545207498754     
  0.24218777741717751        1.0447959877743263E-002   3.5843590166778162E-002   1.1947863388926054E-002   178.60843394730094     
  0.63311506307436272       0.37535814844175674        3.5843590166778162E-002   1.1947863388926054E-002   71.612156837030014     
  0.97426169356901382       0.49688534921871608        3.5843590166778162E-002   1.1947863388926054E-002   167.22107723997513     
  0.58840168113288260       0.16800628316445265        3.5843590166778162E-002   1.1947863388926054E-002   117.76930982055670     
  0.85324577104446275        3.0236726966792797E-002   3.5843590166778162E-002   1.1947863388926054E-002   18.137787518423021     
   7.7646274585340194E-003  0.59836980829605380        3.5843590166778162E-002   1.1947863388926054E-002   111.01745877926423     
  0.40472238808935646       0.63483833022272995        3.5843590166778162E-002   1.1947863388926054E-002   61.512994826121513     
  0.21006910452458019       0.77750175625908802        3.5843590166778162E-002   1.1947863388926054E-002   50.563310586326473     
  0.82014472120413251       0.71177937275425363        3.5843590166778162E-002   1.1947863388926054E-002   133.00335557702240     
  0.28932403246871985       0.55172247660949070        3.5843590166778162E-002   1.1947863388926054E-002   19.371664223070933     
  0.58739573614776963       0.22888414094493997        3.5843590166778162E-002   1.1947863388926054E-002   47.661644139205912     
  0.32707202157900311       0.88924943386949606        3.5843590166778162E-002   1.1947863388926054E-002   10.191469104622898     
  0.54460652587340208       0.87577865483840889        3.5843590166778162E-002   1.1947863388926054E-002   84.540831090170258     
  0.77247293557431496       0.73632639393598309        3.5843590166778162E-002   1.1947863388926054E-002   80.546064414510255     
  0.37295577429215515       0.75185382805978229        3.5843590166778162E-002   1.1947863388926054E-002   121.92166311705549     
  0.89904823298374581       0.79035347685366586        3.5843590166778162E-002   1.1947863388926054E-002   62.831223023195733     
  0.63543085873477079       0.85159395935234383        3.5843590166778162E-002   1.1947863388926054E-002   20.661518449070424     
  0.46817995419850700       0.90856198586806003        3.5843590166778162E-002   1.1947863388926054E-002   138.64345332500224     
  0.29793395305144682       0.35617505436449354        3.5843590166778162E-002   1.1947863388926054E-002   37.217907795460050     
  0.16700636761178178        5.1891135863193404E-002   3.5843590166778162E-002   1.1947863388926054E-002   63.706763744854804     
  0.27099227869622872       0.95340207434587687        3.5843590166778162E-002   1.1947863388926054E-002   179.52808859100915     
   2.8903530768596156E-002  0.87747232648364537        3.5843590166778162E-002   1.1947863388926054E-002   148.89597642755041     
  0.95434974817904739        3.2994097570816727E-002   3.5843590166778162E-002   1.1947863388926054E-002   95.602434086011229     
  0.15428308496186288       0.87864351165545906        3.5843590166778162E-002   1.1947863388926054E-002   57.203671816648971     
  0.87441947734683256       0.68999107079188238        3.5843590166778162E-002   1.1947863388926054E-002   121.90547096145573     
  0.45227742368311014       0.66685123693276460        3.5843590166778162E-002   1.1947863388926054E-002   68.193724730036507     
  0.15436003224678235       0.75633237024204458        3.5843590166778162E-002   1.1947863388926054E-002   177.32867950873347     
  0.86873367630907350       0.82420744734179840        3.5843590166778162E-002   1.1947863388926054E-002   31.937864279476209     
  0.72067977709967690       0.90345706037473517        3.5843590166778162E-002   1.1947863388926054E-002   136.14436365793034     
   3.4892458556925209E-002   2.6965028436692608E-002   3.5843590166778162E-002   1.1947863388926054E-002   120.44208324774031     
  0.50682430088901398       0.13090306029618479        3.5843590166778162E-002   1.1947863388926054E-002   122.30965421782834     
   4.5282881298819980E-002  0.39552119846699973        3.5843590166778162E-002   1.1947863388926054E-002   15.389467200778757     
  0.88248615615900117       0.60402034970558871        3.5843590166778162E-002   1.1947863388926054E-002   176.57698923351433     
  0.18606958148481112       0.78164946186254192        3.5843590166778162E-002   1.1947863388926054E-002   115.84335030228121     
  0.19956453050224857       0.90320300085032823        3.5843590166778162E-002   1.1947863388926054E-002   28.875668950579996     
  0.83258114404926986       0.52713719678667414        3.5843590166778162E-002   1.1947863388926054E-002   95.032512328477367     
  0.25365531889754445       0.47361379658871416        3.5843590166778162E-002   1.1947863388926054E-002   170.19716838689490     
  0.36177496909188051       0.61520778895600192        3.5843590166778162E-002   1.1947863388926054E-002   56.100257543391500     
  0.39444807807805660       0.20794327740394031        3.5843590166778162E-002   1.1947863388926054E-002   107.24134426098982     
  0.43879749541395735       0.92891229691883848        3.5843590166778162E-002   1.1947863388926054E-002   144.04728279659480     
  0.93250907487432533       0.59947482688967990        3.5843590166778162E-002   1.1947863388926054E-002   132.76736742920531     
  0.49643267587009032       0.93788220577161618        3.5843590166778162E-002   1.1947863388926054E-002   130.81566174879262     
  0.27176835946260458       0.69314070382959747        3.5843590166778162E-002   1.1947863388926054E-002   8.0680163478392117     
  0.79915020017962524       0.73885562556948814        3.5843590166778162E-002   1.1947863388926054E-002   86.292627700545523     
  0.83162552369675080       0.40920768250634493        3.5843590166778162E-002   1.1947863388926054E-002   67.735289087053189     
  0.39041313267474670       0.64174954107544746        3.5843590166778162E-002   1.1947863388926054E-002   66.514061588419253     
  0.23546235753940348       0.97310172978950427        3.5843590166778162E-002   1.1947863388926054E-002   127.99589735369723     
  0.95035144227799462       0.60332200434243888        3.5843590166778162E-002   1.1947863388926054E-002   86.802214818395797     
  0.80153254445893152       0.64530724688233621        3.5843590166778162E-002   1.1947863388926054E-002   145.54881630705177     
   9.0594534781432590E-002  0.29125096542208800        3.5843590166778162E-002   1.1947863388926054E-002   114.98574184011112     
  0.81690380482635905       0.94094019308589849        3.5843590166778162E-002   1.1947863388926054E-002   54.448293741841319     
  0.51859383281753912       0.64687763726787761        3.5843590166778162E-002   1.1947863388926054E-002   163.84276715183412     
  0.96769913949744157       0.48225622932346457        3.5843590166778162E-002   1.1947863388926054E-002   130.76396758432372     
  0.63721325086560598       0.63081816900481558        3.5843590166778162E-002   1.1947863388926054E-002   13.240239563128149     
  0.94296968642138512       0.47874301683248088        3.5843590166778162E-002   1.1947863388926054E-002   49.482930943159907     
  0.65621201345930591       0.50997233263380326        3.5843590166778162E-002   1.1947863388926054E-002   37.256443811719180     
   8.9130323095670580E-002  0.55632926276420047        3.5843590166778162E-002   1.1947863388926054E-002   32.918266701070905     
  0.75949760726989268       0.10718127795835616        3.5843590166778162E-002   1.1947863388926054E-002   27.915165608650572     
  0.83828442749520382       0.47564647906647978        3.5843590166778162E-002   1.1947863388926054E-002   53.182316653894681     
  0.34151885194196480       0.75208376232012886        3.5843590166778162E-002   1.1947863388926054E-002   70.692726964541606     
  0.66426452237083777       0.13467984278355891        3.5843590166778162E-002   1.1947863388926054E-002   19.906060919871170     
  0.98025224078876050       0.20657730079689871        3.5843590166778162E-002   1.1947863388926054E-002   80.586126467129560     
  0.35094153774904896       0.71101025663941819        3.5843590166778162E-002   1.1947863388926054E-002   101.25878317793669     
  0.63271431661244337       0.75712295103587746        3.5843590166778162E-002   1.1947863388926054E-002   45.758498166442081     
   8.2899747397714107E-002  0.76043188213282209        3.5843590166778162E-002   1.1947863388926054E-002   9.7860526779268291     
  0.18036814167280205       0.55235091153702642        3.5843590166778162E-002   1.1947863388926054E-002   6.7425925050025635     
  0.42591698470641243       0.51591353576240673        3.5843590166778162E-002   1.1947863388926054E-002  0.14832718768519726     
  0.21410040751908718       0.47320580401467399        3.5843590166778162E-002   1.1947863388926054E-002   30.629879786418648     
  0.70013539910442246       0.66302822315775667        3.5843590166778162E-002   1.1947863388926054E-002   104.71723998871884     
   7.7595743537136663E-002  0.93956062316143452        3.5843590166778162E-002   1.1947863388926054E-002   86.484044794991533     
  0.86851344668805064       0.10041688025578019        3.5843590166778162E-002   1.1947863388926054E-002   14.360872081329171     
  0.86743582471021019       0.99525636395450345        3.5843590166778162E-002   1.1947863388926054E-002   1.6877208556776275     
  0.93698029990055454       0.32179913293177215        3.5843590166778162E-002   1.1947863388926054E-002   36.833008160724162     
  0.77578915239675084       0.78060072638237366        3.5843590166778162E-002   1.1947863388926054E-002   146.74346944046900     
  0.39386885795744853       0.71525723751316650        3.5843590166778162E-002   1.1947863388926054E-002   30.413720916801260     
  0.33397933428123283       0.13229200099874591        3.5843590166778162E-002   1.1947863388926054E-002   137.57916159402987     
  0.93156949462502270       0.42980283248131962        3.5843590166778162E-002   1.1947863388926054E-002   62.344898411685769     
  0.58308592896132416       0.76214476954470789        3.5843590166778162E-002   1.1947863388926054E-002   111.03146980734306     
  0.73910412786322399       0.90871351564832192        3.5843590166778162E-002   1.1947863388926054E-002   93.158598751519278     
  0.39550835257812589       0.57693655452189463        3.5843590166778162E-002   1.1947863388926054E-002   16.409127522854060     
  0.46998184550511196       0.53159396687883920        3.5843590166778162E-002   1.1947863388926054E-002   178.07355954719358     
  0.52723957992728610       0.98555093479079947        3.5843590166778162E-002   1.1947863388926054E-002   44.070899575728212     
  0.50501819369700462       0.50160656980861873        3.5843590166778162E-002   1.1947863388926054E-002   36.169248186231627     
  0.40935536732928857       0.46779150107891815        3.5843590166778162E-002   1.1947863388926054E-002   117.85273292054529     
  0.80426441010202976       0.95296050356103468        3.5843590166778162E-002   1.1947863388926054E-002   39.149373205237424     
   4.9896083967943913E-002  0.19394969664375841        3.5843590166778162E-002   1.1947863388926054E-002   53.278727274943051     
  0.61616637313443712       0.51231001444909119        3.5843590166778162E-002   1.1947863388926054E-002   165.28872398614953     
  0.16680652734213688       0.69518136006841214        3.5843590166778162E-002   1.1947863388926054E-002   99.018438778616158     
  0.98514910664752908       0.42293331677781509        3.5843590166778162E-002   1.1947863388926054E-002   26.917618734295292     
  0.36056025088206828       0.51506835862917655        3.5843590166778162E-002   1.1947863388926054E-002   97.309474509351574     
  0.56937685213280176       0.80889801975164954        3.5843590166778162E-002   1.1947863388926054E-002   77.998869921501694     
  0.93190099818245664       0.98513315297337878        3.5843590166778162E-002   1.1947863388926054E-002   140.16355380481204     
  0.30583904483241264       0.93264211279215181        3.5843590166778162E-002   1.1947863388926054E-002   13.561021267756264     
  0.55354843477632654       0.23531857706574280        3.5843590166778162E-002   1.1947863388926054E-002   98.087378742837899     
   4.2409579981071449E-002  0.92050134872763401        3.5843590166778162E-002   1.1947863388926054E-002   75.515192223149995     
  0.19707223870965557       0.24643995862786022        3.5843590166778162E-002   1.1947863388926054E-002   94.814772358516080     
  0.73069272241968730       0.86749653508268043        3.5843590166778162E-002   1.1947863388926054E-002   77.468350559850123     
   3.2151949781269888E-002  0.96008782393474268        3.5843590166778162E-002   1.1947863388926054E-002   77.516191622417566     
  0.91391404851642510       0.36791855344497082        3.5843590166778162E-002   1.1947863388926054E-002   139.55356634550409     
  0.50461589667782136       0.56122692353360115        3.5843590166778162E-002   1.1947863388926054E-002   129.30053759158855     
  0.14473249604508542       0.31838372642372026        3.5843590166778162E-002   1.1947863388926054E-002   133.86493736832387     
  0.59618278057120211       0.30650060235056997        3.5843590166778162E-002   1.1947863388926054E-002   119.79250542370741     
  0.45746185855387306       0.89969658492841686        3.5843590166778162E-002   1.1947863388926054E-002   122.86428557800329     
  0.35408290044961016       0.27169967807897383        3.5843590166778162E-002   1.1947863388926054E-002   40.803801548584886     
  0.71231654484256157       0.77491315522240833        3.5843590166778162E-002   1.1947863388926054E-002   158.68050074732983     
  0.34005413598932266       0.24692444000743521        3.5843590166778162E-002   1.1947863388926054E-002   30.583568410996037     
  0.43897490399733130       0.62363048082693251        3.5843590166778162E-002   1.1947863388926054E-002   86.944109763833382     
  0.73964823595481055       0.42862744991800011        3.5843590166778162E-002   1.1947863388926054E-002  0.60806931796758024     
  0.70868861912201941        9.4502357731390929E-002   3.5843590166778162E-002   1.1947863388926054E-002   163.79247139480898     
  0.96684442898286216       0.51124027424453056        3.5843590166778162E-002   1.1947863388926054E-002   12.894559564552067     
  0.85632662532919435       0.46266686210150715        3.5843590166778162E-002   1.1947863388926054E-002   41.323669063864216     
  0.53804439075188570       0.33213892777521142        3.5843590166778162E-002   1.1947863388926054E-002   164.63764623212626     
   5.3478320239123307E-002  0.47013508146636046        3.5843590166778162E-002   1.1947863388926054E-002   131.20700155016740     
  0.76063950017763182       0.14201249880944661        3.5843590166778162E-002   1.1947863388926054E-002   67.727974018490769     
  0.92861788159471303       0.88651227140985278        3.5843590166778162E-002   1.1947863388926054E-002   127.83134895314679     
  0.48796896297966669       0.24049392556426369        3.5843590166778162E-002   1.1947863388926054E-002   164.75039248787019     
   7.3336771763438261E-003   3.0045815187261446E-003   3.5843590166778162E-002   1.1947863388926054E-002   163.44603640605376     
  0.25849483637261517       0.92869135599762465        3.5843590166778162E-002   1.1947863388926054E-002   105.65209017713912     
  0.58320082954860797       0.29437265313401956        3.5843590166778162E-002   1.1947863388926054E-002   143.72316686784345     
  0.24542147195482183       0.88170597650801308        3.5843590166778162E-002   1.1947863388926054E-002   77.179335032004616     
  0.87442320819462915       0.14855974277002867        3.5843590166778162E-002   1.1947863388926054E-002   119.22526240425525     
  0.74626824600947217        3.6994902304028562E-002   3.5843590166778162E-002   1.1947863388926054E-002   112.53744941399582     
  0.55728593183499331       0.91021769220171878        3.5843590166778162E-002   1.1947863388926054E-002   4.1504424287879873     
  0.55031570795656315       0.80635443225268044        3.5843590166778162E-002   1.1947863388926054E-002   125.87717263962128     
  0.14305066618457485       0.60247175110033357        3.5843590166778162E-002   1.1947863388926054E-002   74.725233363986405     
  0.87869296648687889       0.23828042337884509        3.5843590166778162E-002   1.1947863388926054E-002   149.39087518617717     
  0.16350791150522287       0.86549317595746889        3.5843590166778162E-002   1.1947863388926054E-002   35.682716039489428     
  0.56799535990755423       0.75495437168895951        3.5843590166778162E-002   1.1947863388926054E-002   119.95455895091290     
  0.58888544330423653       0.49146721465958865        3.5843590166778162E-002   1.1947863388926054E-002   85.437692469779336     
  0.53139876808820097       0.20753424493764655        3.5843590166778162E-002   1.1947863388926054E-002   69.054177236326538     
  0.32311963916996927       0.15857984072858147        3.5843590166778162E-002   1.1947863388926054E-002   122.01917828602258     
  0.54186527247473049       0.74513011298044773        3.5843590166778162E-002   1.1947863388926054E-002   59.711724098537374     
  0.11054305147627666        3.7259177399322392E-002   3.5843590166778162E-002   1.1947863388926054E-002   38.448998001946521     
  0.69521976962628929       0.38785584623076813        3.5843590166778162E-002   1.1947863388926054E-002   11.798301767257810     
  0.54834861339179586       0.93176953208356517        3.5843590166778162E-002   1.1947863388926054E-002   32.810073253631700     
  0.99013237398820042       0.29268744693447024        3.5843590166778162E-002   1.1947863388926054E-002   108.82175487785095     
  0.45267573017820262       0.27146575440046705        3.5843590166778162E-002   1.1947863388926054E-002   67.329297936749782     
  0.43275434059717244       0.31334661960833871        3.5843590166778162E-002   1.1947863388926054E-002   110.93787373845430     
  0.58811714987751251       0.59770022872282347        3.5843590166778162E-002   1.1947863388926054E-002   103.11207346572832     
  0.84949621723436308       0.89630936006492179        3.5843590166778162E-002   1.1947863388926054E-002   141.43283356087790     
  0.22844138898281169       0.83024413451313628        3.5843590166778162E-002   1.1947863388926054E-002   7.7205482096162612     
  0.33792192801989795       0.97445626414710840        3.5843590166778162E-002   1.1947863388926054E-002   51.816114077516694     
  0.76257792997662954       0.93682087582973594        3.5843590166778162E-002   1.1947863388926054E-002   157.05637929066654     
  0.20311826760960089       0.69520441555073698        3.5843590166778162E-002   1.1947863388926054E-002   90.124133832776636     
  0.94374562615627577       0.74427765134182711        3.5843590166778162E-002   1.1947863388926054E-002   164.76776524924671     
  0.46580478366501460       0.35453202169051984        3.5843590166778162E-002   1.1947863388926054E-002   129.78851059988301     
   7.7715183890327166E-002  0.31906111460798436        3.5843590166778162E-002   1.1947863388926054E-002   81.580656335854798     
  0.18810765369998472       0.37138537119905479        3.5843590166778162E-002   1.1947863388926054E-002   83.814057695537301     
  0.51796012843524275       0.21817756361736115        3.5843590166778162E-002   1.1947863388926054E-002   36.378478777674353     
   5.3007471459548837E-002  0.72015869256831566        3.5843590166778162E-002   1.1947863388926054E-002   129.03954054944262     
  0.57235647353258956        6.4345391257114706E-002   3.5843590166778162E-002   1.1947863388926054E-002   119.42509448185238     
  0.73582778169845853       0.37368764403963223        3.5843590166778162E-002   1.1947863388926054E-002   111.74248974333128     
  0.43828828497459682        5.3939816693260610E-002   3.5843590166778162E-002   1.1947863388926054E-002   145.91993036665679     
  0.23496079089106381        2.6897764047160596E-002   3.5843590166778162E-002   1.1947863388926054E-002   13.633163127265343     
  0.77056260915573038       0.63297819674499334        3.5843590166778162E-002   1.1947863388926054E-002   43.580157735065278     
  0.19771141399438194        8.4539580485322882E-002   3.5843590166778162E-002   1.1947863388926054E-002   2.8991414440921628     
  0.68438962639553924       0.30697845286520792        3.5843590166778162E-002   1.1947863388926054E-002   111.30684176510272     
  0.16289032512571214       0.59370278680794941        3.5843590166778162E-002   1.1947863388926054E-002   42.089491618381246     
  0.70599880503575319       0.19599063543478282        3.5843590166778162E-002   1.1947863388926054E-002   171.75503406193008     
  0.89517827547603257       0.54825706097829430        3.5843590166778162E-002   1.1947863388926054E-002   145.12713547018660     
  0.22234219234391861       0.96164992024937068        3.5843590166778162E-002   1.1947863388926054E-002   102.53693576256723     
  0.34581500179408736       0.66287784334745070        3.5843590166778162E-002   1.1947863388926054E-002   86.032336486386413     
  0.75124220559918142       0.72777944766998282        3.5843590166778162E-002   1.1947863388926054E-002   148.09475187983080     
  0.91934682388080158       0.80783438696772314        3.5843590166778162E-002   1.1947863388926054E-002   146.07202493870727     
  0.17920778300056153       0.56661855783378401        3.5843590166778162E-002   1.1947863388926054E-002   11.402520256682401     
  0.23728161914935506       0.53981813306361326        3.5843590166778162E-002   1.1947863388926054E-002   148.60431924456131     
   7.8833693750254855E-002   6.6250586213824111E-002   3.5843590166778162E-002   1.1947863388926054E-002   170.41748220100348     
  0.11880627439688769       0.80082973740887065        3.5843590166778162E-002   1.1947863388926054E-002   8.7300888663425820     
  0.88725344333568001       0.34565936727118213        3.5843590166778162E-002   1.1947863388926054E-002   116.26982030246160     
   6.2980466450025252E-002  0.23546128390336868        3.5843590166778162E-002   1.1947863388926054E-002   59.803975873551309     
  0.65467086091964655       0.30632837266235841        3.5843590166778162E-002   1.1947863388926054E-002   56.671406951299680     
  0.26341615356056625       0.15558606207716760        3.5843590166778162E-002   1.1947863388926054E-002   101.84413310920415     
   4.4059414760601445E-003  0.82207791991227208        3.5843590166778162E-002   1.1947863388926054E-002   67.261610515525987     
  0.18934430153824500       0.10497502076281437        3.5843590166778162E-002   1.1947863388926054E-002   47.628099878499505     
  0.57455073633842302       0.35250489706781857        3.5843590166778162E-002   1.1947863388926054E-002   53.337743825841791     
  0.78494710938925438       0.20307932541445248        3.5843590166778162E-002   1.1947863388926054E-002   174.66990199915210     
  0.51348806109581380       0.60901240173826088        3.5843590166778162E-002   1.1947863388926054E-002   105.48685523047237     
  0.73861427037571292       0.78954301691478257        3.5843590166778162E-002   1.1947863388926054E-002   46.842217606766376     
  0.12262091361775457       0.46544548151900728        3.5843590166778162E-002   1.1947863388926054E-002   161.58260624623929     
  0.74078833905056940       0.28508445053057890        3.5843590166778162E-002   1.1947863388926054E-002  0.43711781928084292     
  0.87106346356974451       0.45504397083545001        3.5843590166778162E-002   1.1947863388926054E-002   79.353227297786773     
  0.47580048982100803       0.44672632752933644        3.5843590166778162E-002   1.1947863388926054E-002   131.34846532373669     
  0.86762580362440156        6.7911839033435395E-002   3.5843590166778162E-002   1.1947863388926054E-002   142.08047886953725     
  0.85577742233694254       0.65246798949836760        3.5843590166778162E-002   1.1947863388926054E-002   120.58252701769342     
  0.57531811840535385       0.13244954390215374        3.5843590166778162E-002   1.1947863388926054E-002   23.676690966132430     
  0.54564344680307786       0.20288519838430094        3.5843590166778162E-002   1.1947863388926054E-002   86.839707598264852     
   6.6231992982867791E-002  0.18607088954892365        3.5843590166778162E-002   1.1947863388926054E-002   92.350303993921656     
  0.95780304347257117       0.75840291645168323        3.5843590166778162E-002   1.1947863388926054E-002   110.23256274325205     
  0.97243825264894979        6.1240307813875246E-002   3.5843590166778162E-002   1.1947863388926054E-002   35.787217863795121     
  0.22383796625730293       0.67960761366137235        3.5843590166778162E-002   1.1947863388926054E-002   6.0393270407071347     
  0.55345466175941260        8.0844754880474833E-003   3.5843590166778162E-002   1.1947863388926054E-002   9.1859171776114774     
  0.51299042608830636       0.36721855794886454        3.5843590166778162E-002   1.1947863388926054E-002   148.59539698441921     
   9.8773401242629025E-002  0.62630951835432214        3.5843590166778162E-002   1.1947863388926054E-002   155.65239926355608     
  0.47205219471249249       0.55982132481175995        3.5843590166778162E-002   1.1947863388926054E-002   15.238781410407466     
  0.62610062891211515       0.29361974631801796        3.5843590166778162E-002   1.1947863388926054E-002   174.45347271861752     
  0.10374195530666501       0.64008227782547145        3.5843590166778162E-002   1.1947863388926054E-002   144.89202123383143     
  0.90925727173947812       0.64621579910431626        3.5843590166778162E-002   1.1947863388926054E-002   169.18461706591418     
  0.25792772948596077        5.7036620362086253E-002   3.5843590166778162E-002   1.1947863388926054E-002   9.5652787061634896     
  0.46069321060524110       0.84195225309707267        3.5843590166778162E-002   1.1947863388926054E-002   115.72877134170642     
   2.4567752812968427E-002  0.54881960010706521        3.5843590166778162E-002   1.1947863388926054E-002   146.47415332789672     
  0.92326991962274008       0.82094412870079148        3.5843590166778162E-002   1.1947863388926054E-002   167.03289736308915     
  0.61867109448720059       0.38147122525735677        3.5843590166778162E-002   1.1947863388926054E-002   51.918166515903614     
  0.95959830655794132       0.20496050914661662        3.5843590166778162E-002   1.1947863388926054E-002   124.82105289715784     
  0.29396893476463354       0.48957758656343769        3.5843590166778162E-002   1.1947863388926054E-002   91.426605723221556     
  0.28144682211821825       0.41942737636714716        3.5843590166778162E-002   1.1947863388926054E-002   22.848163456466931     
  0.43005575498321053        4.3377064485661157E-002   3.5843590166778162E-002   1.1947863388926054E-002   127.03732064840023     
  0.58914624278744221       0.53272048505800840        3.5843590166778162E-002   1.1947863388926054E-002   124.60357570848613     
  0.14047450522907681       0.14257623424257923        3.5843590166778162E-002   1.1947863388926054E-002   151.46169149980125     
  0.51408453632153217        5.4238359564338524E-003   3.5843590166778162E-002   1.1947863388926054E-002   9.4381948042412098     
  0.23016854685225971       0.91525907883678259        3.5843590166778162E-002   1.1947863388926054E-002   141.33158701224480     
  0.97906978669980360       0.38950553395547149        3.5843590166778162E-002   1.1947863388926054E-002   72.315181750008122     
  0.67526158561334526       0.26614224608423320        3.5843590166778162E-002   1.1947863388926054E-002   166.08022270389782     
  0.51030604392854273       0.72453635613521006        3.5843590166778162E-002   1.1947863388926054E-002   174.20119463540686     
  0.48864424033441745        5.6539461329136783E-003   3.5843590166778162E-002   1.1947863388926054E-002   39.081307440256296     
  0.55614990296252886        5.6266114380594374E-002   3.5843590166778162E-002   1.1947863388926054E-002   110.53300675531177     
  0.53213279260766755       0.66529587596351214        3.5843590166778162E-002   1.1947863388926054E-002   100.29232904005234     
  0.52412197950778916       0.74557866483537594        3.5843590166778162E-002   1.1947863388926054E-002   96.882482010410627     
  0.99029979971513438       0.94430115159627093        3.5843590166778162E-002   1.1947863388926054E-002   17.911373554480608     
  0.20797224717231064       0.60156610988279891        3.5843590166778162E-002   1.1947863388926054E-002   41.317750777122008     
  0.97014049660650925        9.8489491833003720E-002   3.5843590166778162E-002   1.1947863388926054E-002   97.137379243586778     
  0.20608536479660622       0.73600132428139020        3.5843590166778162E-002   1.1947863388926054E-002   50.905070227538687     
   8.4850074617503074E-002  0.46773223333858871        3.5843590166778162E-002   1.1947863388926054E-002   24.857843271650687     
  0.31765395607458657        8.9519289916067404E-002   3.5843590166778162E-002   1.1947863388926054E-002   148.40282935683641     
  0.18835802994823550        7.2066178963464900E-002   3.5843590166778162E-002   1.1947863388926054E-002   167.76986887442825     
  0.46727108843762793       0.31020865114108975        3.5843590166778162E-002   1.1947863388926054E-002   71.363242303661806     
  0.59919718649786002       0.22019994396010803        3.5843590166778162E-002   1.1947863388926054E-002   66.272743220060676     
   1.7151120066431411E-002  0.27765867309875319        3.5843590166778162E-002   1.1947863388926054E-002   26.072650584008219     
  0.47063676259576637       0.67257605294421552        3.5843590166778162E-002   1.1947863388926054E-002   115.65353019724137     
  0.64661202604177637       0.24742258319185484        3.5843590166778162E-002   1.1947863388926054E-002   94.679381207212529     
  0.79250756388676491        9.0743290418506661E-003   3.5843590166778162E-002   1.1947863388926054E-002   122.64655102275165     
  0.13378268411568092       0.27384486525063156        3.5843590166778162E-002   1.1947863388926054E-002   118.36121204667865     
  0.14956360343513372       0.15671670593836606        3.5843590166778162E-002   1.1947863388926054E-002   146.97837836722013     
  0.74319850987057268       0.96886239640768190        3.5843590166778162E-002   1.1947863388926054E-002   29.334002865194456     
  0.50482457114879253       0.25752419913181612        3.5843590166778162E-002   1.1947863388926054E-002   125.31843413392401     
  0.88800053972753035        8.3080682148600413E-002   3.5843590166778162E-002   1.1947863388926054E-002   94.334547127800306     
  0.78882968599703340       0.41634874220030266        3.5843590166778162E-002   1.1947863388926054E-002   130.62240565004967     
  0.62361192313898961       0.88169285603788305        3.5843590166778162E-002   1.1947863388926054E-002   12.688423232881339     
  0.69356147803403934       0.50717135245486078        3.5843590166778162E-002   1.1947863388926054E-002   138.36144713346059     
  0.63513634410088748       0.92792115374113038        3.5843590166778162E-002   1.1947863388926054E-002   111.84802556716939     
  0.36582087804552005       0.71829460362191799        3.5843590166778162E-002   1.1947863388926054E-002   120.12679591019528     
  0.95960089588053521       0.90775368481337093        3.5843590166778162E-002   1.1947863388926054E-002   89.960339608429408     
  0.26958701397642126       0.29184957215209056        3.5843590166778162E-002   1.1947863388926054E-002   153.15228523940044     
  0.78293014428800556        5.3653941263074732E-002   3.5843590166778162E-002   1.1947863388926054E-002   126.95851733417901     
  0.83175282846396226        7.6639689545570114E-002   3.5843590166778162E-002   1.1947863388926054E-002   12.939445000771819     
  0.67285923794294555       0.74509959364778722        3.5843590166778162E-002   1.1947863388926054E-002   171.08563310316711     
  0.35008473822716751       0.35225686149832763        3.5843590166778162E-002   1.1947863388926054E-002   96.290615519835754     
  0.69880286237190536       0.76289279981446612        3.5843590166778162E-002   1.1947863388926054E-002   115.33136639495667     
  0.84076504833234511       0.94478341528556575        3.5843590166778162E-002   1.1947863388926054E-002   116.17672591308211     
  0.41986410921151607       0.80842586370128977        3.5843590166778162E-002   1.1947863388926054E-002   147.32585910088289     
  0.72044032916306888       0.46429015036572169        3.5843590166778162E-002   1.1947863388926054E-002   55.952320851361037     
  0.73061459476900981       0.74476491775708786        3.5843590166778162E-002   1.1947863388926054E-002   76.475133214325794     
  0.26532631267545687       0.89056256437168990        3.5843590166778162E-002   1.1947863388926054E-002   139.96091675184573     
  0.91000331593476003       0.61997259140415761        3.5843590166778162E-002   1.1947863388926054E-002   47.318040721366863     
  0.96808600288761681       0.62409235493907966        3.5843590166778162E-002   1.1947863388926054E-002   171.43670062027851     
  0.52434329176605410       0.38523705794507124        3.5843590166778162E-002   1.1947863388926054E-002   8.7907390649024482     
  0.75350276527687654       0.67783881904864485        3.5843590166778162E-002   1.1947863388926054E-002   122.63992317295330     
  0.55414965151543116       0.57290367306323575        3.5843590166778162E-002   1.1947863388926054E-002   30.343930024296998     
  0.19666428204663380       0.91945710853276341        3.5843590166778162E-002   1.1947863388926054E-002   6.2514072779424579     
  0.90558023277430655       0.29616240937757143        3.5843590166778162E-002   1.1947863388926054E-002   44.666023219987743     
  0.84433210755717314       0.72363242670665584        3.5843590166778162E-002   1.1947863388926054E-002   56.678209000103067     
  0.24311629343177826       0.75017989084151415        3.5843590166778162E-002   1.1947863388926054E-002   177.52957051504100     
  0.40940292466750366       0.42816043326795578        3.5843590166778162E-002   1.1947863388926054E-002   36.137700356405475     
  0.27675307519920700       0.62524484355792365        3.5843590166778162E-002   1.1947863388926054E-002   30.007775374995969     
  0.54143966363509288       0.94218192864817529        3.5843590166778162E-002   1.1947863388926054E-002   21.749382091312427     
   2.6809168446602274E-003  0.78229514019186863        3.5843590166778162E-002   1.1947863388926054E-002   136.61019558732707     
  0.83114993658435599       0.89078416064363541        3.5843590166778162E-002   1.1947863388926054E-002   91.858735728772615     
   4.6113208922018346E-002  0.55696386829842637        3.5843590166778162E-002   1.1947863388926054E-002  0.36908153648112485     
  0.57328667193189686       0.44114261362660961        3.5843590166778162E-002   1.1947863388926054E-002   110.01659042058054     
  0.74492929914741002       0.86998608204873096        3.5843590166778162E-002   1.1947863388926054E-002   99.559014902690535     
  0.23418169968304509       0.81735303808771076        3.5843590166778162E-002   1.1947863388926054E-002   22.601484262908887     
  0.23993866727927604       0.92572914896405467        3.5843590166778162E-002   1.1947863388926054E-002   125.04586595687950     
  0.64134813712557004        9.0590266677517281E-002   3.5843590166778162E-002   1.1947863388926054E-002   135.48738218561164     
  0.36317421021669438       0.98060526962863837        3.5843590166778162E-002   1.1947863388926054E-002   131.39587710013129     
  0.37943063298805968       0.24085607786937061        3.5843590166778162E-002   1.1947863388926054E-002   125.08163845280151     
  0.30128070087810821       0.46084102973529217        3.5843590166778162E-002   1.1947863388926054E-002   87.995508226621070     
  0.95827280738348430       0.68291023444628696        3.5843590166778162E-002   1.1947863388926054E-002   62.482455983762044     
  0.50474626999123828       0.42425866263942957        3.5843590166778162E-002   1.1947863388926054E-002   161.40572107862042     
   5.3979698882933011E-002  0.29977080270587325        3.5843590166778162E-002   1.1947863388926054E-002   41.454899206136552     
  0.30158109643869913       0.78982141038009046        3.5843590166778162E-002   1.1947863388926054E-002   79.340079467700221     
  0.74659319795102841       0.26237728545572581        3.5843590166778162E-002   1.1947863388926054E-002   141.74945750143561     
  0.91508760836802694       0.43503199674239595        3.5843590166778162E-002   1.1947863388926054E-002   99.749666423174403     
  0.34008279205627612       0.57673557819091792        3.5843590166778162E-002   1.1947863388926054E-002   84.929883256107601     
  0.72948342701703839       0.31930827225407921        3.5843590166778162E-002   1.1947863388926054E-002   41.590005892864660     
   9.8873365591601842E-002  0.45196653030632489        3.5843590166778162E-002   1.1947863388926054E-002   86.643926005453679     
  0.81023207859934776       0.56437213566526534        3.5843590166778162E-002   1.1947863388926054E-002   13.493133051514770     
  0.27977141867418337       0.30050378789881871        3.5843590166778162E-002   1.1947863388926054E-002   135.67522148247519     
  0.82369450579998160       0.16129968392842059        3.5843590166778162E-002   1.1947863388926054E-002   120.22510381282021     
  0.53854407356767942       0.69476502458993572        3.5843590166778162E-002   1.1947863388926054E-002   14.467276620314697     
  0.23174511761029434       0.24760393234292011        3.5843590166778162E-002   1.1947863388926054E-002   14.485099189324970     
  0.65611607301905062       0.73051948885556228        3.5843590166778162E-002   1.1947863388926054E-002  0.81768478499874808     
  0.54924744637383527       0.28082193871609157        3.5843590166778162E-002   1.1947863388926054E-002   51.686161726863943     
  0.77885757621164131       0.14062348241769590        3.5843590166778162E-002   1.1947863388926054E-002   77.847168244192986     
  0.34637448584746161       0.61965474167746581        3.5843590166778162E-002   1.1947863388926054E-002   88.877683614661493     
  0.14569100505236079       0.73668559906748354        3.5843590166778162E-002   1.1947863388926054E-002   140.17682010937935     
  0.28591192902861540        3.4669361243683749E-002   3.5843590166778162E-002   1.1947863388926054E-002   84.752169795769476     
  0.16768506201151187       0.26047059983434917        3.5843590166778162E-002   1.1947863388926054E-002   20.819304178301643     
  0.96315102307276979       0.15914546901448814        3.5843590166778162E-002   1.1947863388926054E-002   87.476096132755345     
  0.86168557214645380        1.8829415162281819E-002   3.5843590166778162E-002   1.1947863388926054E-002   42.901992183956018     
  0.13012829286088462       0.65651132995971395        3.5843590166778162E-002   1.1947863388926054E-002   69.360005397163548     
  0.59573635403740566       0.67399127521189495        3.5843590166778162E-002   1.1947863388926054E-002   80.079655001764507     
  0.90341978741206574       0.36046304113809879        3.5843590166778162E-002   1.1947863388926054E-002   126.88922719451800     
  0.81389994472581140       0.41630008977014699        3.5843590166778162E-002   1.1947863388926054E-002   63.157979787061123     
  0.73628738854561437       0.25224052054569790        3.5843590166778162E-002   1.1947863388926054E-002   138.01617950381490     
  0.46497405229039529       0.50548044113436674        3.5843590166778162E-002   1.1947863388926054E-002   150.81594887438959     
  0.37859335894124618       0.33210440690604098        3.5843590166778162E-002   1.1947863388926054E-002   38.681710235283411     
  0.31203531493459818       0.91751028033677318        3.5843590166778162E-002   1.1947863388926054E-002   47.698178805338785     
  0.10011631111834468       0.38234797928358938        3.5843590166778162E-002   1.1947863388926054E-002   149.52353775640984     
  0.99051136414048935       0.52767483458254760        3.5843590166778162E-002   1.1947863388926054E-002   22.193040150873554     
  0.30294618743957297       0.94691162774723636        3.5843590166778162E-002   1.1947863388926054E-002   18.104040352089065     
  0.47916366732263338       0.29909697732207946        3.5843590166778162E-002   1.1947863388926054E-002   37.604270109610141     
  0.27994348844289618       0.10545281937512092        3.5843590166778162E-002   1.1947863388926054E-002   29.736192146118885     
  0.98133418383148507       0.68737649129027045        3.5843590166778162E-002   1.1947863388926054E-002   132.17916458390141     
  0.78871813585814321       0.66390427981923517        3.5843590166778162E-002   1.1947863388926054E-002   5.4525080837603594     
  0.50900459522733676       0.83935029279092388        3.5843590166778162E-002   1.1947863388926054E-002   35.959722541308224     
  0.59218606026865650       0.87840387579664359        3.5843590166778162E-002   1.1947863388926054E-002   28.548241550149640     
  0.18493880221944806        1.1045377908156290E-002   3.5843590166778162E-002   1.1947863388926054E-002   129.64224874465313     
  0.92266325113660486       0.51725566213576302        3.5843590166778162E-002   1.1947863388926054E-002   101.83161943018793     
  0.36927749099145601       0.15724071414431337        3.5843590166778162E-002   1.1947863388926054E-002   112.23048883098717     
  0.31557719447839144       0.41138227272860700        3.5843590166778162E-002   1.1947863388926054E-002   136.19209315456820     
  0.99495673997854950       0.93013495517674272        3.5843590166778162E-002   1.1947863388926054E-002   26.003899495271714     
  0.57635117316322171       0.10151402725030510        3.5843590166778162E-002   1.1947863388926054E-002   152.59629190162980     
  0.23345433307980110       0.40923955888227093        3.5843590166778162E-002   1.1947863388926054E-002   174.14519849342381     
  0.15488191367930493       0.97174056316708513        3.5843590166778162E-002   1.1947863388926054E-002   4.8384541297650889     
  0.12625866111354125       0.70807977940010924        3.5843590166778162E-002   1.1947863388926054E-002   154.60558852365938     
  0.91226899732665556       0.25353989202372101        3.5843590166778162E-002   1.1947863388926054E-002   108.11287523391395     
  0.66884640509468141       0.89280233367901096        3.5843590166778162E-002   1.1947863388926054E-002   71.876762571989005     
  0.51288105016336272       0.86581965123291504        3.5843590166778162E-002   1.1947863388926054E-002   157.01389011283436     
   4.7175477091362439E-002  0.95778045853149474        3.5843590166778162E-002   1.1947863388926054E-002   78.502382301354089     
  0.79777201834817524       0.35939041660392435        3.5843590166778162E-002   1.1947863388926054E-002   14.201779460139223     
  0.76754257628610556        9.5046035031775583E-002   3.5843590166778162E-002   1.1947863388926054E-002   33.787677937630853     
  0.57058407448743986       0.48855468958832199        3.5843590166778162E-002   1.1947863388926054E-002   119.95228911863853     
  0.80625073134299508       0.28426259241631779        3.5843590166778162E-002   1.1947863388926054E-002   124.77612879265610     
  0.67667794495446765        1.8209036774793217E-002   3.5843590166778162E-002   1.1947863388926054E-002   155.04255936882348     
  0.30662281426726917       0.15632600951706352        3.5843590166778162E-002   1.1947863388926054E-002   85.909832288434600     
  0.38438104556987690       0.31728835017773366        3.5843590166778162E-002   1.1947863388926054E-002   12.076225921501969     
  0.45101304143204496       0.80295403449985570        3.5843590166778162E-002   1.1947863388926054E-002   170.12087777665565     
  0.91510570169890404       0.92118746890563363        3.5843590166778162E-002   1.1947863388926054E-002   118.78952584770030     
  0.36829848399322024       0.95040476609965452        3.5843590166778162E-002   1.1947863388926054E-002   114.52068305516525     
  0.74559407866562022       0.77901316501501205        3.5843590166778162E-002   1.1947863388926054E-002   43.862569763240600     
  0.63177989678227275        7.0669264653959687E-002   3.5843590166778162E-002   1.1947863388926054E-002   162.90016226284848     
  0.38598610048893361       0.54873557684806462        3.5843590166778162E-002   1.1947863388926054E-002   169.05398177732175     
  0.96737642893161158       0.80152065553366414        3.5843590166778162E-002   1.1947863388926054E-002   139.46536440544574     
  0.70756793966097231       0.82867757766743844        3.5843590166778162E-002   1.1947863388926054E-002   46.312033331963612     
  0.30258083493191040       0.19747181631314376        3.5843590166778162E-002   1.1947863388926054E-002   130.03897868134695     
  0.99833345814460195        5.5183191749677861E-002   3.5843590166778162E-002   1.1947863388926054E-002   105.09421484196012     
  0.68150823273449124       0.35519379049791722        3.5843590166778162E-002   1.1947863388926054E-002   152.11023341997986     
  0.53176036626083367       0.17271726273837440        3.5843590166778162E-002   1.1947863388926054E-002   117.50385826818085     
  0.66689258596328427       0.49864380066207353        3.5843590166778162E-002   1.1947863388926054E-002   67.568118958636248     
  0.60712478915849843       0.62751489441508923        3.5843590166778162E-002   1.1947863388926054E-002   25.704491414307508     
  0.76003231713719333       0.53990072021800795        3.5843590166778162E-002   1.1947863388926054E-002   91.752743725657098     
  0.56120030814265365       0.56131904754052286        3.5843590166778162E-002   1.1947863388926054E-002   45.241357163067612     
  0.17244889384684420       0.29443801491363236        3.5843590166778162E-002   1.1947863388926054E-002   88.152255738592586     
  0.22573499636128394       0.34966131833024028        3.5843590166778162E-002   1.1947863388926054E-002   175.40592166758296     
  0.35991826727662829       0.37477851244239585        3.5843590166778162E-002   1.1947863388926054E-002   92.843526942515638     
  0.66438623619375425       0.38676753493424831        3.5843590166778162E-002   1.1947863388926054E-002   17.861389009383537     
  0.92228835144210430        8.1871855460442775E-002   3.5843590166778162E-002   1.1947863388926054E-002   47.501569762655265     
  0.10931986887796877       0.16119452475454360        3.5843590166778162E-002   1.1947863388926054E-002   156.51274952668871     
  0.37753920289225168       0.41680830883492165        3.5843590166778162E-002   1.1947863388926054E-002   32.370974818259882     
  0.83790971972585260       0.58793564629525330        3.5843590166778162E-002   1.1947863388926054E-002   61.852919084019085     
  0.80826763458420203       0.57878131913507191        3.5843590166778162E-002   1.1947863388926054E-002   23.952432643369203     
  0.21749645092113098       0.87366906043753634        3.5843590166778162E-002   1.1947863388926054E-002   160.35797723053398     
  0.66418626008848014       0.34488291820146089        3.5843590166778162E-002   1.1947863388926054E-002   96.498667632642551     
  0.12243205125790070       0.85070201259431621        3.5843590166778162E-002   1.1947863388926054E-002   83.299550212669075     
  0.91856515401476924        1.0687387701163831E-002   3.5843590166778162E-002   1.1947863388926054E-002   18.886024230770797     
  0.78255932304191267       0.61554929709237194        3.5843590166778162E-002   1.1947863388926054E-002   13.103190399599814     
  0.44511932731618631       0.94395207265693259        3.5843590166778162E-002   1.1947863388926054E-002   157.26124309571725     
  0.14225072526870300       0.64826039109077371        3.5843590166778162E-002   1.1947863388926054E-002   52.396363686393435     
   5.3438037281885252E-002  0.54119766840339634        3.5843590166778162E-002   1.1947863388926054E-002   28.989681059551835     
  0.41863049593921386       0.30522252599620109        3.5843590166778162E-002   1.1947863388926054E-002   145.32796505506943     
  0.65428410258260372       0.65853817973404960        3.5843590166778162E-002   1.1947863388926054E-002   69.914851286570709     
  0.18876998107981954       0.29740551091984352        3.5843590166778162E-002   1.1947863388926054E-002   86.061153178661144     
  0.66712771329266274       0.40332046705438351        3.5843590166778162E-002   1.1947863388926054E-002   167.00450800260677     
  0.71224126136253596       0.66732834565939925        3.5843590166778162E-002   1.1947863388926054E-002   94.014009425505435     
  0.76637495922047394       0.95193944099234540        3.5843590166778162E-002   1.1947863388926054E-002   168.82860800271467     
  0.46951602875521142       0.75451596287941158        3.5843590166778162E-002   1.1947863388926054E-002   92.391975111708916     
  0.59066833565328669       0.95264422543798533        3.5843590166778162E-002   1.1947863388926054E-002   51.816772140760740     
  0.64346109810479268       0.74639157405797474        3.5843590166778162E-002   1.1947863388926054E-002   46.902539955319781     
  0.83385267836153365       0.27213926154255191        3.5843590166778162E-002   1.1947863388926054E-002   17.939839519507419     
  0.51973247922948274       0.26097182491900212        3.5843590166778162E-002   1.1947863388926054E-002   93.654618810695865     
  0.44274286046575406        7.5329926886053326E-004   3.5843590166778162E-002   1.1947863388926054E-002   54.940952457245885     
   5.6541109952497554E-004  0.46366113164095923        3.5843590166778162E-002   1.1947863388926054E-002   4.2598390616878499     
  0.20762205282683446       0.21134922921174343        3.5843590166778162E-002   1.1947863388926054E-002   104.27537480062192     
   9.2735758103691321E-003  0.35149476241140321        3.5843590166778162E-002   1.1947863388926054E-002   116.97532310495268     
  0.81715000779196056       0.29468841356346326        3.5843590166778162E-002   1.1947863388926054E-002   144.98460763888042     
  0.16672420407523650       0.36418192032150587        3.5843590166778162E-002   1.1947863388926054E-002   135.70467015211329     
   2.2410742200150751E-002   1.8981362948696824E-002   3.5843590166778162E-002   1.1947863388926054E-002   113.07773400731729     
  0.70633805100875635       0.46718459779157928        3.5843590166778162E-002   1.1947863388926054E-002   74.924894717575995     
  0.45271799577518618       0.14465521138691742        3.5843590166778162E-002   1.1947863388926054E-002   90.056377540944197     
  0.81547555110953940       0.52933961236526439        3.5843590166778162E-002   1.1947863388926054E-002   90.921668760404856     
  0.31891687533288832       0.79797269543606864        3.5843590166778162E-002   1.1947863388926054E-002   130.87417626627953     
  0.48150665856263691        9.4557972601326964E-002   3.5843590166778162E-002   1.1947863388926054E-002   2.8594479987179309     
  0.85987392847910082       0.61520702582678954        3.5843590166778162E-002   1.1947863388926054E-002   48.805552354069398     
  0.73982627257093025        7.6737441208405824E-002   3.5843590166778162E-002   1.1947863388926054E-002   66.179216061827418     
  0.66863566202165658       0.12057786366179572        3.5843590166778162E-002   1.1947863388926054E-002   24.909735694214483     
  0.14084470520831197       0.56852215246309068        3.5843590166778162E-002   1.1947863388926054E-002   75.903780130586256     
  0.67796580571900367       0.98105656129997965        3.5843590166778162E-002   1.1947863388926054E-002   158.18981627660540     
  0.15513800419249121        7.0031546216053800E-002   3.5843590166778162E-002   1.1947863388926054E-002   2.5697435058784661     
  0.85193979759462302       0.83343608030008509        3.5843590166778162E-002   1.1947863388926054E-002   83.365752252791509     
  0.30278450014392227        1.5421815100037439E-002   3.5843590166778162E-002   1.1947863388926054E-002  0.73311310834931875     
  0.35504225059994121       0.15209805684501498        3.5843590166778162E-002   1.1947863388926054E-002   123.29770886423310     
  0.41528385305425974       0.41674817217470911        3.5843590166778162E-002   1.1947863388926054E-002   42.564002679633084     
  0.90233501886713663       0.56355500015951054        3.5843590166778162E-002   1.1947863388926054E-002   167.31087762579534     
  0.78815992538612090       0.21787642643610530        3.5843590166778162E-002   1.1947863388926054E-002   158.18635445779196     
  0.76331655938163323       0.45521392728398946        3.5843590166778162E-002   1.1947863388926054E-002   135.63002653375838     
  0.56681395772835530       0.23512691847821252        3.5843590166778162E-002   1.1947863388926054E-002   80.737788737384633     
  0.99806307378974779        9.9663689596949032E-002   3.5843590166778162E-002   1.1947863388926054E-002   65.701711071955700     
  0.57203278952407977       0.98827497861508873        3.5843590166778162E-002   1.1947863388926054E-002   91.479293357459795     
  0.88875475861200037        1.1728955954412352E-002   3.5843590166778162E-002   1.1947863388926054E-002   136.53214494918117     
  0.67000550660966185       0.41513471706392752        3.5843590166778162E-002   1.1947863388926054E-002   172.74581130076851     
  0.57716593480378131       0.15217602570382499        3.5843590166778162E-002   1.1947863388926054E-002   162.37559899940430     
  0.99836744150727785       0.15873024586347961        3.5843590166778162E-002   1.1947863388926054E-002   69.398429861462915     
  0.38587702183706230       0.38829212577556999        3.5843590166778162E-002   1.1947863388926054E-002   33.517414662279300     
  0.13222996673946194       0.93276834655017005        3.5843590166778162E-002   1.1947863388926054E-002   142.39309303318751     
  0.26161253301702564       0.55806540425748030        3.5843590166778162E-002   1.1947863388926054E-002   116.49683931923067     
  0.69474130723718375       0.17703607093086277        3.5843590166778162E-002   1.1947863388926054E-002   118.34565446287422     
  0.22756863344548234       0.58936336127992606        3.5843590166778162E-002   1.1947863388926054E-002   94.036608996620274     
  0.59414426410836374       0.82617114153651072        3.5843590166778162E-002   1.1947863388926054E-002   164.09039438082070     
  0.32428743623791301       0.33137866931838522        3.5843590166778162E-002   1.1947863388926054E-002   44.629296089285134     
  0.79958220813631242       0.84766757471052223        3.5843590166778162E-002   1.1947863388926054E-002   22.355317014596395     
  0.26125899451298557       0.60109176450880641        3.5843590166778162E-002   1.1947863388926054E-002   36.702367167082244     
  0.61571693684352069       0.80473162154495925        3.5843590166778162E-002   1.1947863388926054E-002   45.899938065556221     
  0.77109647432897055       0.83486556840075921        3.5843590166778162E-002   1.1947863388926054E-002   2.6688425279462780     
  0.23555154588727548       0.26281206630896742        3.5843590166778162E-002   1.1947863388926054E-002   179.10416501427724     
  0.90057461020780982        8.5935836944454558E-002   3.5843590166778162E-002   1.1947863388926054E-002   105.89633412970620     
  0.40426150548587098        5.9815167374427575E-002   3.5843590166778162E-002   1.1947863388926054E-002   9.1937175670014657     
  0.75747870027513897       0.36568419900313820        3.5843590166778162E-002   1.1947863388926054E-002   47.625409967806128     
  0.24584076097489024       0.61194533467960321        3.5843590166778162E-002   1.1947863388926054E-002   83.866557292946311     
  0.74630603080731561       0.53909267480152678        3.5843590166778162E-002   1.1947863388926054E-002   98.250085929528495     
  0.26058171162370486       0.35575970303002730        3.5843590166778162E-002   1.1947863388926054E-002   19.957061503245598     
  0.63461522354165578       0.98870218672816301        3.5843590166778162E-002   1.1947863388926054E-002   14.858963694428985     
  0.16549552365930059       0.81401381320203314        3.5843590166778162E-002   1.1947863388926054E-002   101.82505578670172     
   4.5250121607225531E-002  0.23681968801231582        3.5843590166778162E-002   1.1947863388926054E-002   105.12391207927489     
  0.66813367925413558       0.97111332652375071        3.5843590166778162E-002   1.1947863388926054E-002   135.69226227576954     
   1.7729270575614870E-002  0.86518853793643025        3.5843590166778162E-002   1.1947863388926054E-002   120.25081768157868     
  0.50086268995577876       0.60336679129180049        3.5843590166778162E-002   1.1947863388926054E-002   119.62459829081357     
  0.79629865025729185       0.51931871798452534        3.5843590166778162E-002   1.1947863388926054E-002   150.33772472883882     
  0.54613223802783428       0.66481156214420722        3.5843590166778162E-002   1.1947863388926054E-002   82.223857507821137     
  0.21140152048037139       0.32434464960231724        3.5843590166778162E-002   1.1947863388926054E-002   129.48782763838082     
  0.79940655710909780       0.34687800294655191        3.5843590166778162E-002   1.1947863388926054E-002   8.7476187837531771     
  0.56375576738232758       0.87988975772943523        3.5843590166778162E-002   1.1947863388926054E-002   130.54189827109749     
  0.14108836670878616       0.35899823191648161        3.5843590166778162E-002   1.1947863388926054E-002   79.753337760704426     
  0.62106182463013337       0.34127797516898134        3.5843590166778162E-002   1.1947863388926054E-002   50.017333948739513     
  0.98713544332725589       0.75311099232505285        3.5843590166778162E-002   1.1947863388926054E-002   38.597922996069983     
  0.84728621955991834       0.62014583177501836        3.5843590166778162E-002   1.1947863388926054E-002   63.943797949572478     
  0.96317457096692649       0.38700128231002151        3.5843590166778162E-002   1.1947863388926054E-002   107.94990990787853     
  0.54789009337312278       0.34424387146713659        3.5843590166778162E-002   1.1947863388926054E-002   135.16291888004542     
  0.69029323579179869       0.92324697526110866        3.5843590166778162E-002   1.1947863388926054E-002   31.057439366067921     
  0.67280456317363702       0.64620135588520555        3.5843590166778162E-002   1.1947863388926054E-002   48.750829208092981     
   1.5928192025471046E-002  0.78965757013787974        3.5843590166778162E-002   1.1947863388926054E-002   108.48272542680225     
  0.72472792582986778       0.66831224165809600        3.5843590166778162E-002   1.1947863388926054E-002   94.007614543031536     
  0.97828261887376322       0.81495320799380433        3.5843590166778162E-002   1.1947863388926054E-002   154.21850207660938     
  0.22421014316426593       0.75897626539101548        3.5843590166778162E-002   1.1947863388926054E-002   22.020879287167798     
  0.27091613010012322       0.79642853482839693        3.5843590166778162E-002   1.1947863388926054E-002   67.829228290815095     
  0.54204116020048898       0.40166979619456328        3.5843590166778162E-002   1.1947863388926054E-002   140.57885715235156     
  0.36745253025244401       0.10790197418477009        3.5843590166778162E-002   1.1947863388926054E-002   111.47032978640777     
  0.19974649008660839       0.61916679417221898        3.5843590166778162E-002   1.1947863388926054E-002   3.0506811904758120     
  0.60377306274806009       0.73513831581373779        3.5843590166778162E-002   1.1947863388926054E-002   149.93356769851096     
  0.91617610873765487       0.66198797677084642        3.5843590166778162E-002   1.1947863388926054E-002   133.74124207720419     
   4.0372143287762716E-002  0.71396986802315177        3.5843590166778162E-002   1.1947863388926054E-002   116.86145478287881     
   4.2026121901450844E-002  0.68831655730529306        3.5843590166778162E-002   1.1947863388926054E-002   166.09221236679613     
  0.79863186198177860       0.15968960647837280        3.5843590166778162E-002   1.1947863388926054E-002   58.986073834503195     
  0.78117207502928854        3.3545252352033231E-003   3.5843590166778162E-002   1.1947863388926054E-002   124.51505601582106     
  0.71604559703910520       0.69836626052256989        3.5843590166778162E-002   1.1947863388926054E-002   139.38336880299559     
  0.21031494945137327       0.85826658131837552        3.5843590166778162E-002   1.1947863388926054E-002   137.14639868468228     
  0.83928429631422419       0.17717441917462584        3.5843590166778162E-002   1.1947863388926054E-002   168.82113270452072     
  0.49341830132340414       0.12105274443786317        3.5843590166778162E-002   1.1947863388926054E-002   142.48406949529701     
  0.93479006857879932       0.84352170185493658        3.5843590166778162E-002   1.1947863388926054E-002   120.87248312060771     
  0.11168655081581944       0.53321752396301692        3.5843590166778162E-002   1.1947863388926054E-002   117.27620641443764     
  0.79256504301278230       0.45923858208456347        3.5843590166778162E-002   1.1947863388926054E-002   38.541497985612288     
  0.65283352066336631       0.89327701049616193        3.5843590166778162E-002   1.1947863388926054E-002   104.07928552792373     
  0.73908510688523288       0.20798821484318297        3.5843590166778162E-002   1.1947863388926054E-002   33.924732463714783     
  0.91232984066452172       0.20059404444660370        3.5843590166778162E-002   1.1947863388926054E-002   31.659985657361702     
  0.25640338261758783       0.49785085255204847        3.5843590166778162E-002   1.1947863388926054E-002   21.324486904815483     
  0.89156589984659385       0.47454598370379425        3.5843590166778162E-002   1.1947863388926054E-002   173.60537382748760     
  0.26865458364863759       0.63654797019110387        3.5843590166778162E-002   1.1947863388926054E-002   38.052999917420088     
  0.93382534960990526       0.22688105076359522        3.5843590166778162E-002   1.1947863388926054E-002   16.088442172630497     
  0.17190546058675468       0.99887345314406439        3.5843590166778162E-002   1.1947863388926054E-002   119.49526132880580     
  0.46970399039559485       0.14026681743005773        3.5843590166778162E-002   1.1947863388926054E-002   56.052099329618940     
  0.52169147491153178       0.15618572631757890        3.5843590166778162E-002   1.1947863388926054E-002   162.23557624291811     
  0.15138763369431202       0.78147263792754318        3.5843590166778162E-002   1.1947863388926054E-002   36.676071964887022     
  0.69858053974538870       0.84106753660716493        3.5843590166778162E-002   1.1947863388926054E-002   17.544012867957864     
  0.11758222811395282       0.39687078480517762        3.5843590166778162E-002   1.1947863388926054E-002   101.38644602468605     
  0.73469837636191493       0.30667473723597105        3.5843590166778162E-002   1.1947863388926054E-002   20.233483053672153     
  0.17354006613717374       0.85605864283542488        3.5843590166778162E-002   1.1947863388926054E-002   48.064022805049049     
  0.48918021396649752       0.76782507696324398        3.5843590166778162E-002   1.1947863388926054E-002   158.76032305677768     
  0.54187417021115858        5.4235454066733704E-002   3.5843590166778162E-002   1.1947863388926054E-002   91.491622822260439     
  0.30013345187626350       0.61786636669282580        3.5843590166778162E-002   1.1947863388926054E-002   107.69573229953518     
  0.48663833441495158       0.46355950704680943        3.5843590166778162E-002   1.1947863388926054E-002   159.09684364298903     
  0.30468534804639918       0.39804734994517604        3.5843590166778162E-002   1.1947863388926054E-002   169.47057970706339     
   7.4927031265947894E-002  0.41187994107749093        3.5843590166778162E-002   1.1947863388926054E-002   69.586585221513999     
  0.62696906711652467        5.8831957612498750E-002   3.5843590166778162E-002   1.1947863388926054E-002   160.97971601261565     
  0.64414105408579503       0.19043041000810751        3.5843590166778162E-002   1.1947863388926054E-002   123.46281084829890     
  0.20822333323183656       0.29403159192244349        3.5843590166778162E-002   1.1947863388926054E-002   58.817276971865702     
  0.24409716844011997       0.13860928375992732        3.5843590166778162E-002   1.1947863388926054E-002   179.05529015683553     
  0.88554237721589490       0.69993441780183852        3.5843590166778162E-002   1.1947863388926054E-002   151.73112070800050     
  0.76770659284428744       0.33944766419650274        3.5843590166778162E-002   1.1947863388926054E-002   39.043676129408396     
  0.41838337553785504       0.55241025854161441        3.5843590166778162E-002   1.1947863388926054E-002   48.475657059080355     
  0.38289967204745490       0.76931912367099731        3.5843590166778162E-002   1.1947863388926054E-002   178.00643784485163     
   7.3260339647865338E-002  0.77818581878487081        3.5843590166778162E-002   1.1947863388926054E-002   55.529465503294290     
  0.85193049923258257       0.71004004339658289        3.5843590166778162E-002   1.1947863388926054E-002   26.365204668390749     
  0.43520835414189385       0.52803306212355905        3.5843590166778162E-002   1.1947863388926054E-002   158.65174984810815     
  0.21926863181887460       0.15890570112103697        3.5843590166778162E-002   1.1947863388926054E-002   76.055588593345618     
  0.76121977703565491        4.0531748857153542E-002   3.5843590166778162E-002   1.1947863388926054E-002   89.872426813075464     
  0.65773020298296103       0.96041283856762649        3.5843590166778162E-002   1.1947863388926054E-002   162.16969130184677     
  0.34962596544912411       0.32460911276743676        3.5843590166778162E-002   1.1947863388926054E-002   130.95981721374415     
  0.84692932652676922       0.15282226662782822        3.5843590166778162E-002   1.1947863388926054E-002   40.372786934108881     
  0.52673865967259303       0.57455206685137628        3.5843590166778162E-002   1.1947863388926054E-002   95.590364239262854     
  0.79860214978623245       0.63001637060897486        3.5843590166778162E-002   1.1947863388926054E-002   177.12500028760408     
  0.59813956706378490       0.54129858464462455        3.5843590166778162E-002   1.1947863388926054E-002   134.31958674204762     
  0.84596134064688044       0.23019467920438341        3.5843590166778162E-002   1.1947863388926054E-002   58.100765766606251     
  0.52076316809526735       0.91306745903577058        3.5843590166778162E-002   1.1947863388926054E-002   156.71598570042232     
  0.94264064848098716       0.19462924282859909        3.5843590166778162E-002   1.1947863388926054E-002   114.14572904067437     
  0.27171503927158314       0.57541072194480036        3.5843590166778162E-002   1.1947863388926054E-002   169.33243782993276     
  0.91899562533699164       0.28788629600638560        3.5843590166778162E-002   1.1947863388926054E-002   75.400306784327157     
  0.28123028806032718       0.48908897183678396        3.5843590166778162E-002   1.1947863388926054E-002   102.52755407422879     
  0.48022605459600354        8.1267096706750280E-002   3.5843590166778162E-002   1.1947863388926054E-002   177.34041432753912     
   9.7275575368351491E-002  0.35102592619388584        3.5843590166778162E-002   1.1947863388926054E-002   111.49551253561793     
  0.26583244344713453       0.70567760501492105        3.5843590166778162E-002   1.1947863388926054E-002   27.930304942455106     
  0.34420829045479406       0.39449271803656527        3.5843590166778162E-002   1.1947863388926054E-002   117.05535132889862     
  0.71762652603837196       0.59151601149302935        3.5843590166778162E-002   1.1947863388926054E-002   130.98676473734668     
  0.69921152426089117        7.9706028965899636E-002   3.5843590166778162E-002   1.1947863388926054E-002   122.06792432897424     
  0.11133225997044693       0.30904044058536512        3.5843590166778162E-002   1.1947863388926054E-002   93.091295553958105     
  0.33325680436288130       0.18419565600203691        3.5843590166778162E-002   1.1947863388926054E-002   1.5899595001929234     
   2.4928871597607660E-002  0.41153482868708047        3.5843590166778162E-002   1.1947863388926054E-002   91.028169420265783     
  0.72365208797849867       0.37026782863810775        3.5843590166778162E-002   1.1947863388926054E-002   110.56880414152907     
  0.17989475599791030       0.53792250720074897        3.5843590166778162E-002   1.1947863388926054E-002   161.06106260101794     
  0.73365128047856953       0.45248721629424049        3.5843590166778162E-002   1.1947863388926054E-002   34.566561172789747     
  0.20291134533929961       0.17137181631631163        3.5843590166778162E-002   1.1947863388926054E-002   20.008387715654891     
  0.39540197097806878       0.37782946732320283        3.5843590166778162E-002   1.1947863388926054E-002   42.089739322489059     
  0.99776720759003079       0.47828165648709497        3.5843590166778162E-002   1.1947863388926054E-002   30.427815693600259     
  0.61105188152679191       0.59791591858848425        3.5843590166778162E-002   1.1947863388926054E-002   61.872820215155230     
  0.86251143390068152       0.75477185370992916        3.5843590166778162E-002   1.1947863388926054E-002   90.242872966753396     
