          50   1165.3136706565017     
         100   1119.6157469172060     
         150   1077.7481396406188     
         200   1032.2935763680834     
         250   981.06408252874508     
         300   932.45712109999056     
         350   885.53175693415346     
         400   843.75607087646813     
         450   806.30914311279048     
         500   770.23054287892580     
         550   737.50809783087504     
         600   702.24818611053786     
         650   665.30459035640536     
         700   630.95877488466647     
         750   596.70202878918678     
         800   561.64953418675043     
         850   526.53870459483312     
         900   492.91691543543396     
         950   461.77153818836490     
        1000   431.62656514311323     
        1050   401.24253608132489     
        1100   371.36592755783852     
        1150   339.73073897937684     
        1200   307.57274370513431     
        1250   275.98900241968170     
        1300   245.23283170423520     
        1350   214.71092397810017     
        1400   184.88478928872814     
        1450   156.11723564776139     
        1500   127.83979508858499     
        1550   100.40054049825864     
        1600   73.174926919660791     
        1650   44.966031324041232     
        1700   16.951920487362958     
        1750  -11.806200628772862     
        1800  -39.810473482075572     
        1850  -67.020457543520507     
        1900  -93.120599921401165     
        1950  -118.94162871627631     
        2000  -144.11451151146528     
        2050  -169.18286846477503     
        2100  -193.67011154230153     
        2150  -217.30837765350842     
        2200  -240.19491144772562     
        2250  -262.53637381501267     
        2300  -285.07774434918565     
        2350  -308.21574830864932     
        2400  -330.92518937640830     
        2450  -353.23680220661510     
        2500  -374.83331450746579     
        2550  -396.15218590921353     
        2600  -417.34051765151810     
        2650  -439.02331947555786     
        2700  -461.00288986276212     
        2750  -482.86840987349723     
        2800  -504.92626820015619     
        2850  -526.41512058420903     
        2900  -547.39242943168904     
        2950  -567.94896404335930     
        3000  -588.42101644856189     
        3050  -608.65073256512699     
        3100  -628.50178124453987     
        3150  -647.79562024370057     
        3200  -666.57869826783156     
        3250  -685.24814417891741     
        3300  -704.20742153566334     
        3350  -723.32906240738748     
        3400  -742.70108129495577     
        3450  -762.54309514435977     
        3500  -782.29195607841132     
        3550  -801.82730994807275     
        3600  -821.09500029108062     
        3650  -840.35331687815312     
        3700  -859.37923004015590     
        3750  -877.99891930608044     
        3800  -896.27455992689613     
        3850  -914.34100056442742     
        3900  -932.35456828282554     
        3950  -950.25929654868787     
        4000  -967.84680514270019     
        4050  -985.18008956310950     
        4100  -1002.1616789879588     
        4150  -1018.7883031680753     
        4200  -1035.2005963697188     
        4250  -1051.3217436166585     
        4300  -1067.3539066129324     
        4350  -1083.8265438366834     
        4400  -1100.2866406492101     
        4450  -1116.5276137763412     
        4500  -1132.5535783833020     
        4550  -1148.5107071078328     
        4600  -1164.5745577704968     
        4650  -1180.4616629197158     
        4700  -1196.2181011947123     
        4750  -1211.7682619253503     
        4800  -1227.4645651286748     
        4850  -1243.2977468183342     
        4900  -1259.2166938957844     
        4950  -1275.1671962660223     
        5000  -1290.8789376232746     
        5050  -1306.4590065488699     
        5100  -1322.0159583824197     
        5150  -1337.4990943156092     
        5200  -1352.7797503906600     
        5250  -1368.2852551434032     
        5300  -1383.7105373791026     
        5350  -1398.9417792998818     
        5400  -1414.0326523973492     
        5450  -1429.0846309787751     
        5500  -1444.0682147648270     
        5550  -1459.0116273301112     
        5600  -1473.7510042383537     
        5650  -1488.4715870605160     
        5700  -1503.3432263065820     
        5750  -1518.1315224318871     
        5800  -1532.7186841683802     
        5850  -1547.2293264277421     
        5900  -1561.9535132845876     
        5950  -1576.4457734635032     
        6000  -1590.9272615105410     
        6050  -1605.3436644118847     
        6100  -1619.8448549102673     
        6150  -1634.3056006218339     
        6200  -1648.6458917940852     
        6250  -1662.8070883743299     
        6300  -1676.9304356467683     
        6350  -1690.9414619390359     
        6400  -1704.9549013150788     
        6450  -1718.9559652227558     
        6500  -1733.0404790904784     
        6550  -1747.0196883018782     
        6600  -1760.9154284499432     
        6650  -1774.7110933774868     
        6700  -1788.4300199317688     
        6750  -1801.9999434863930     
        6800  -1815.4499630557689     
        6850  -1828.8643116398960     
        6900  -1842.2150699306899     
        6950  -1855.5253619110244     
        7000  -1868.8509440173791     
        7050  -1882.1093163867699     
        7100  -1895.3876458676809     
        7150  -1908.4971919761299     
        7200  -1921.4777203529077     
        7250  -1934.3385295445003     
        7300  -1947.1572363058920     
        7350  -1959.8238895889983     
        7400  -1972.3602770333175     
        7450  -1984.7773951220697     
        7500  -1997.1360386448946     
        7550  -2009.4754188840443     
        7600  -2021.8177150130318     
        7650  -2034.0294786847796     
        7700  -2046.1645839263053     
        7750  -2058.1867861676565     
        7800  -2070.1758913152653     
        7850  -2082.0904416344274     
        7900  -2093.9025430637489     
        7950  -2105.5992448202505     
        8000  -2117.1979695513833     
        8050  -2128.6622478303343     
        8100  -2140.0262953396209     
        8150  -2151.3807955698476     
        8200  -2162.8536582926076     
        8250  -2174.3359957411749     
        8300  -2185.9164103370576     
        8350  -2197.4211389003085     
        8400  -2208.8687197610934     
        8450  -2220.3716969618540     
        8500  -2231.9919729221397     
        8550  -2243.4929253215928     
        8600  -2254.9826431533716     
        8650  -2266.4681694865449     
        8700  -2277.8429113213383     
        8750  -2289.1112737303397     
        8800  -2300.3185193690456     
        8850  -2311.4195098036885     
        8900  -2322.4334831625615     
        8950  -2333.3727289479370     
        9000  -2344.2378649039979     
        9050  -2355.0597020364075     
        9100  -2365.8343199923261     
        9150  -2376.5593970005766     
        9200  -2387.2825128870859     
        9250  -2398.0091184285379     
        9300  -2408.7150454502776     
        9350  -2419.3528967114262     
        9400  -2429.9117070728607     
        9450  -2440.4591531720480     
        9500  -2450.9601635952736     
        9550  -2461.3931029727769     
        9600  -2471.7653860411456     
        9650  -2482.0952204172431     
        9700  -2492.3378492447728     
        9750  -2502.5682448280381     
        9800  -2512.7731085939113     
        9850  -2522.9718973685017     
        9900  -2533.1517224818381     
        9950  -2543.3336015460500     
       10000  -2553.4596821803484     
       10050  -2563.5635178653074     
       10100  -2573.6608193835586     
       10150  -2583.7157605639663     
       10200  -2593.7625944114038     
       10250  -2603.8045632091535     
       10300  -2613.7967128098758     
       10350  -2623.7527422521493     
       10400  -2633.6375087172323     
       10450  -2643.4447831554589     
       10500  -2653.1925850085258     
       10550  -2662.8924881198018     
       10600  -2672.5292018850455     
       10650  -2682.2206095406373     
       10700  -2691.8479394539868     
       10750  -2701.4065562656674     
       10800  -2710.8875920448327     
       10850  -2720.3371297180020     
       10900  -2729.7514584971464     
       10950  -2739.0825623422447     
       11000  -2748.3611529849122     
       11050  -2757.6026475981121     
       11100  -2766.7746836711085     
       11150  -2775.8787321023938     
       11200  -2784.9903035121902     
       11250  -2794.0658285235268     
       11300  -2803.0765655147998     
       11350  -2812.0199614670078     
       11400  -2820.9210892706210     
       11450  -2829.8233481865723     
       11500  -2838.6719564237987     
       11550  -2847.4881277562927     
       11600  -2856.2481175915900     
       11650  -2864.9467612891362     
       11700  -2873.6420288252953     
       11750  -2882.3219669694899     
       11800  -2891.0704281228827     
       11850  -2899.8246921068771     
       11900  -2908.5197069959145     
       11950  -2917.1686883616785     
       12000  -2925.7972568404980     
       12050  -2934.4437102320931     
       12100  -2943.0850821162126     
       12150  -2951.6968320815308     
       12200  -2960.3040625652602     
       12250  -2968.8547306950622     
       12300  -2977.3468706451245     
       12350  -2985.8036998164926     
       12400  -2994.2374242726714     
       12450  -3002.6395255410362     
       12500  -3011.0393172146128     
       12550  -3019.3887497616829     
       12600  -3027.7142719243898     
       12650  -3036.0655958016469     
       12700  -3044.3755222477294     
       12750  -3052.6243438132169     
       12800  -3060.8312178068086     
       12850  -3068.9897290030012     
       12900  -3077.1101488377426     
       12950  -3085.1937269420191     
       13000  -3093.2305511083227     
       13050  -3101.2102404191828     
       13100  -3109.1304108808768     
       13150  -3117.0107568645162     
       13200  -3124.8585837060341     
       13250  -3132.7053045979255     
       13300  -3140.5622975891456     
       13350  -3148.3661045770809     
       13400  -3156.1329372177111     
       13450  -3163.8983620205090     
       13500  -3171.6512969817236     
       13550  -3179.3655597457050     
       13600  -3187.0511558368721     
       13650  -3194.7628531543660     
       13700  -3202.4521342432558     
       13750  -3210.1158785979537     
       13800  -3217.7372326145328     
       13850  -3225.3566140027156     
       13900  -3232.9933222690988     
       13950  -3240.6473246293913     
       14000  -3248.2901884844432     
       14050  -3255.9639759389534     
       14100  -3263.6214359224582     
       14150  -3271.2341771216084     
       14200  -3278.7967135594754     
       14250  -3286.3459547522816     
       14300  -3293.8506846155001     
       14350  -3301.3423902862783     
       14400  -3308.8209315758227     
       14450  -3316.2761046030814     
       14500  -3323.6830856351653     
       14550  -3331.0506069353219     
       14600  -3338.3728685407300     
       14650  -3345.6958820301602     
       14700  -3352.9763485120225     
       14750  -3360.2466938370594     
       14800  -3367.4848642407237     
       14850  -3374.7511494282121     
       14900  -3382.0055452577044     
       14950  -3389.2586468703748     
       15000  -3396.4903617931113     
       15050  -3403.7009545105661     
       15100  -3410.8870979995727     
       15150  -3418.0387493291701     
       15200  -3425.1719490669107     
       15250  -3432.2807751778810     
       15300  -3439.4151385930309     
       15350  -3446.5249043721046     
       15400  -3453.6392673680130     
       15450  -3460.7505700991915     
       15500  -3467.8421307431431     
       15550  -3474.9227340997504     
       15600  -3482.0155132771565     
       15650  -3489.1166914210235     
       15700  -3496.1782708114006     
       15750  -3503.1951387771564     
       15800  -3510.1858680836331     
       15850  -3517.1880721890620     
       15900  -3524.1867157623851     
       15950  -3531.2019781407789     
       16000  -3538.2520528135879     
       16050  -3545.2665445876701     
       16100  -3552.2573961402882     
       16150  -3559.2332371832113     
       16200  -3566.2078839087503     
       16250  -3573.1884957749103     
       16300  -3580.1535034715671     
       16350  -3587.0912453626761     
       16400  -3594.0235601667223     
       16450  -3600.9146459322042     
       16500  -3607.7654952701937     
       16550  -3614.6015860417865     
       16600  -3621.3977750378185     
       16650  -3628.1643609995863     
       16700  -3634.9152908907208     
       16750  -3641.6434358354386     
       16800  -3648.3338518871710     
       16850  -3654.9975813747178     
       16900  -3661.6376302439326     
       16950  -3668.2391108379315     
       17000  -3674.8319220442149     
       17050  -3681.4221764139911     
       17100  -3687.9969990272061     
       17150  -3694.5615537457657     
       17200  -3701.1027412578765     
       17250  -3707.6273578397227     
       17300  -3714.1393670969774     
       17350  -3720.6483878809481     
       17400  -3727.1480875883763     
       17450  -3733.6780543462742     
       17500  -3740.1774805432292     
       17550  -3746.6986381987558     
       17600  -3753.2176659339675     
       17650  -3759.7059963862944     
       17700  -3766.1594202556380     
       17750  -3772.5908419967468     
       17800  -3779.0345760084524     
       17850  -3785.4506704723535     
       17900  -3791.8347683100301     
       17950  -3798.1855964348019     
       18000  -3804.5086821459745     
       18050  -3810.8044956510325     
       18100  -3817.1039441329458     
       18150  -3823.4103949974083     
       18200  -3829.6822257585027     
       18250  -3835.9498393807075     
       18300  -3842.2076470140300     
       18350  -3848.4597933565851     
       18400  -3854.6918804290422     
       18450  -3860.8967081603232     
       18500  -3867.0708806661628     
       18550  -3873.2310942442068     
       18600  -3879.4082639204685     
       18650  -3885.6154314839741     
       18700  -3891.8013412405394     
       18750  -3897.9587677975105     
       18800  -3904.1341106311429     
       18850  -3910.3112878577090     
       18900  -3916.4647962532022     
       18950  -3922.6309608200872     
       19000  -3928.8089061855148     
       19050  -3934.9689363814668     
       19100  -3941.1267990781944     
       19150  -3947.2651821054519     
       19200  -3953.3853936188016     
       19250  -3959.5615948205859     
       19300  -3965.7107747425184     
       19350  -3971.8418214715480     
       19400  -3977.9582416401054     
       19450  -3984.0722162554957     
       19500  -3990.2111892585581     
       19550  -3996.3211518568492     
       19600  -4002.4046428196502     
       19650  -4008.4886936116391     
       19700  -4014.5715924333708     
       19750  -4020.6569880322559     
       19800  -4026.7130700684966     
       19850  -4032.7396757916381     
       19900  -4038.7359970639095     
       19950  -4044.7022615879491     
       20000  -4050.6386947893684     
       20050  -4056.5727640958467     
       20100  -4062.5207306560442     
       20150  -4068.4394172185353     
       20200  -4074.3288033524991     
       20250  -4080.1898940237525     
       20300  -4086.0329544383421     
       20350  -4091.8543639722038     
       20400  -4097.6677617570149     
       20450  -4103.4668278071313     
       20500  -4109.2559233864040     
       20550  -4115.0168481842693     
       20600  -4120.7498476092806     
       20650  -4126.4554459809497     
       20700  -4132.1430915741475     
       20750  -4137.8087197063714     
       20800  -4143.4649212863942     
       20850  -4149.0960773585894     
       20900  -4154.7207963919245     
       20950  -4160.3308182088103     
       21000  -4165.9267573129082     
       21050  -4171.5221571104448     
       21100  -4177.1004346544232     
       21150  -4182.6797515808266     
       21200  -4188.2659001833345     
       21250  -4193.8285608176984     
       21300  -4199.3659415854227     
       21350  -4204.8801224587469     
       21400  -4210.3722358917230     
       21450  -4215.8516654459963     
       21500  -4221.3113884573977     
       21550  -4226.7462973099473     
       21600  -4232.1689995635388     
       21650  -4237.5706172599284     
       21700  -4242.9489366814651     
       21750  -4248.3071593411878     
       21800  -4253.6450429438601     
       21850  -4258.9605714488698     
       21900  -4264.2539026285876     
       21950  -4269.5412058675720     
       22000  -4274.8350273864253     
       22050  -4280.1052275447219     
       22100  -4285.3795289686814     
       22150  -4290.6326998998984     
       22200  -4295.8660742026123     
       22250  -4301.0765181181978     
       22300  -4306.2707459464837     
       22350  -4311.4597135210970     
       22400  -4316.6348433213780     
       22450  -4321.7992870667076     
       22500  -4326.9492747330250     
       22550  -4332.0885886305568     
       22600  -4337.2260371388265     
       22650  -4342.3420276343095     
       22700  -4347.4604372714375     
       22750  -4352.5882106456947     
       22800  -4357.7094521277804     
       22850  -4362.8229200370606     
       22900  -4367.9451667085541     
       22950  -4373.0499379218900     
       23000  -4378.1418833539492     
       23050  -4383.2141169403912     
       23100  -4388.2645994456216     
       23150  -4393.2991510793890     
       23200  -4398.3289039597776     
       23250  -4403.3445519001589     
       23300  -4408.3515053352457     
       23350  -4413.3416064512912     
       23400  -4418.3125338095060     
       23450  -4423.2693680510720     
       23500  -4428.2086028825961     
       23550  -4433.1284077436048     
       23600  -4438.0349255263336     
       23650  -4442.9470025153487     
       23700  -4447.8464092324393     
       23750  -4452.7467439905922     
       23800  -4457.6278311044689     
       23850  -4462.4908475546372     
       23900  -4467.3351036925496     
       23950  -4472.1599491489160     
       24000  -4476.9669842672884     
       24050  -4481.7590530554207     
       24100  -4486.5423374550137     
       24150  -4491.3250208538184     
       24200  -4496.0992243774617     
       24250  -4500.8608804865535     
       24300  -4505.6155523445541     
       24350  -4510.3524190370890     
       24400  -4515.0727024123607     
       24450  -4519.7808470111995     
       24500  -4524.4926797756552     
       24550  -4529.2232651086124     
       24600  -4533.9883553652226     
       24650  -4538.7519108738543     
       24700  -4543.4967709769380     
       24750  -4548.2224599280898     
       24800  -4552.9539339423127     
       24850  -4557.6772689877580     
       24900  -4562.3822866416358     
       24950  -4567.0724938761477     
       25000  -4571.8073886599523     
       25050  -4576.5756602424499     
       25100  -4581.3342191441270     
       25150  -4586.0892905624460     
       25200  -4590.8391122952089     
       25250  -4595.5832487613261     
       25300  -4600.3156660837376     
       25350  -4605.0294168967093     
       25400  -4609.7246378343625     
       25450  -4614.4085868117509     
       25500  -4619.0951005160368     
       25550  -4623.7642384131186     
       25600  -4628.4163654482063     
       25650  -4633.0507189046402     
       25700  -4637.6671305228292     
       25750  -4642.2658887040225     
       25800  -4646.8479176146166     
       25850  -4651.4348205250144     
       25900  -4656.0533056427648     
       25950  -4660.6595992402226     
       26000  -4665.2514188292689     
       26050  -4669.8256114717160     
       26100  -4674.3822784718550     
       26150  -4678.9242005119031     
       26200  -4683.5033684898235     
       26250  -4688.0714382586975     
       26300  -4692.6232070578408     
       26350  -4697.1834515528735     
       26400  -4701.7375439054586     
       26450  -4706.2863129586722     
       26500  -4710.8250161830756     
       26550  -4715.3485531301794     
       26600  -4719.8684802228836     
       26650  -4724.4004074855193     
       26700  -4728.9209533485127     
       26750  -4733.4269836625645     
       26800  -4737.9237935219762     
       26850  -4742.4060819936103     
       26900  -4746.8717076828216     
       26950  -4751.3303270893157     
       27000  -4755.8161917337411     
       27050  -4760.3017085840202     
       27100  -4764.7856152121194     
       27150  -4769.2572130386461     
       27200  -4773.7139902716390     
       27250  -4778.1630978498097     
       27300  -4782.6001027740676     
       27350  -4787.0208846455862     
       27400  -4791.4379324865686     
       27450  -4795.8440137073039     
       27500  -4800.2366697215066     
       27550  -4804.6233340748549     
       27600  -4809.0063570698612     
       27650  -4813.3792221847134     
       27700  -4817.7399866094938     
       27750  -4822.0869530569007     
       27800  -4826.4276794827820     
       27850  -4830.7815030486199     
       27900  -4835.1249436212520     
       27950  -4839.4533557920877     
       28000  -4843.7705539565168     
       28050  -4848.0774565630081     
       28100  -4852.3784760531044     
       28150  -4856.6679897032027     
       28200  -4860.9422923119891     
       28250  -4865.2024622501312     
       28300  -4869.4492033783190     
       28350  -4873.6884354200902     
       28400  -4877.9205342183332     
       28450  -4882.1509438642443     
       28500  -4886.3673679954090     
       28550  -4890.5693793229639     
       28600  -4894.7566983032184     
       28650  -4898.9357449280596     
       28700  -4903.1042882710153     
       28750  -4907.2593039785725     
       28800  -4911.4022094228358     
       28850  -4915.5326330317575     
       28900  -4919.6490744650755     
       28950  -4923.7512967570010     
       29000  -4927.8525859981901     
       29050  -4931.9619822989571     
       29100  -4936.0574430033721     
       29150  -4940.1532974113816     
       29200  -4944.2428090289613     
       29250  -4948.3192679940066     
       29300  -4952.3818141298188     
       29350  -4956.4305185411476     
       29400  -4960.4654518490379     
       29450  -4964.4890699777125     
       29500  -4968.5286023649487     
       29550  -4972.5556795814800     
       29600  -4976.5740574337042     
       29650  -4980.5823721426677     
       29700  -4984.5844838465619     
       29750  -4988.5762845525678     
       29800  -4992.5652814328032     
       29850  -4996.5518765838451     
       29900  -5000.5285949562813     
       29950  -5004.5010820749103     
       30001  -5008.5406537052513     
       30050  -5012.2913075361694     
       30100  -5016.0396636351470     
       30150  -5019.7287208215039     
       30200  -5023.3268010466290     
       30250  -5026.8971041308077     
       30300  -5030.4556240364909     
       30350  -5034.0024190001450     
       30400  -5037.5305677762963     
       30450  -5040.9785988737785     
       30500  -5044.4030801220506     
       30550  -5047.7455206978238     
       30600  -5051.0300026527411     
       30650  -5054.0960636475820     
       30700  -5057.0433906458975     
       30750  -5059.9844730458553     
       30800  -5062.9160064769812     
       30850  -5065.8145592390829     
       30900  -5068.4910688965247     
       30950  -5071.1388320092210     
       31000  -5073.7530127306909     
       31050  -5076.3263950018390     
       31100  -5078.8072387288939     
       31150  -5081.2740902084861     
       31200  -5083.7216998033682     
       31250  -5086.0727705245745     
       31300  -5088.4005767489234     
       31350  -5090.7084736010847     
       31400  -5092.9461426159523     
       31450  -5095.0999791746399     
       31500  -5097.1897031239369     
       31550  -5099.2391646375318     
       31600  -5101.1890020975088     
       31650  -5102.8911350202798     
       31700  -5104.5556878735570     
       31750  -5106.1742121380412     
       31800  -5107.7836668134960     
       31850  -5109.3672066344116     
       31900  -5110.9457823806533     
       31950  -5112.5194173577356     
       32000  -5114.0717237001818     
       32050  -5115.6104701219801     
       32100  -5117.0902177456628     
       32150  -5118.4939825204419     
       32200  -5119.8736780816180     
       32250  -5121.1924188661496     
       32300  -5122.4803641811213     
       32350  -5123.6998324940887     
       32400  -5124.8289604460360     
       32450  -5125.9031886619186     
       32500  -5126.9741115602128     
       32550  -5127.9622866584814     
       32600  -5128.8628162208815     
       32650  -5129.7260721431712     
       32700  -5130.4918569725451     
       32750  -5131.2325064170263     
       32800  -5131.9559245818655     
       32850  -5132.6282173427408     
       32900  -5133.2398599955168     
       32950  -5133.7060765075166     
       33000  -5134.1771615563321     
       33050  -5134.5960147502519     
       33100  -5135.0048828374784     
       33150  -5135.3816479741736     
       33200  -5135.7056834097120     
       33250  -5136.0287443025882     
       33300  -5136.3508350426318     
       33350  -5136.6719599933504     
       33400  -5136.9921234921212     
       33450  -5137.3113298503868     
       33500  -5137.6295833538516     
       33550  -5137.9311746213571     
       33600  -5138.2570840913413     
       33650  -5138.5571317708527     
       33700  -5138.6093392393041     
       33750  -5138.6130982600398     
       33800  -5138.5992674488125     
       33850  -5138.5610736390254     
       33900  -5138.3732676177606     
       33950  -5138.1563546297875     
       34000  -5137.9016071960268     
       34050  -5137.6627137414307     
       34100  -5137.4197889695270     
       34150  -5137.1786587226952     
       34200  -5136.9204651160708     
       34250  -5136.6332970350868     
       34300  -5136.2779373338453     
       34350  -5135.9209571416841     
       34400  -5135.5650146826383     
       34450  -5135.2101054382783     
       34500  -5134.8562249163660     
       34550  -5134.4989525882474     
       34600  -5134.1353435402361     
       34650  -5133.7526050881424     
       34700  -5133.2584938551836     
       34750  -5132.6192474675381     
       34800  -5132.0043622617559     
       34850  -5131.3912414324614     
       34900  -5130.7754686679327     
       34950  -5130.0983188439159     
       35000  -5129.3944984864174     
       35050  -5128.6468571375353     
       35100  -5127.8855711016859     
       35150  -5127.1225685275867     
       35200  -5126.3600720696904     
       35250  -5125.6077413918083     
       35300  -5124.8522904748961     
       35350  -5124.0589321548869     
       35400  -5123.2590371275537     
       35450  -5122.4072823796132     
       35500  -5121.4900573192062     
       35550  -5120.4084346070340     
       35600  -5119.2451224937977     
       35650  -5118.0074531188357     
       35700  -5116.7596785225605     
       35750  -5115.5254043103096     
       35800  -5114.2859467713906     
       35850  -5112.9980378150776     
       35900  -5111.7086970980254     
       35950  -5110.4300032708979     
       36000  -5109.1372849664895     
       36050  -5107.8392289321391     
       36100  -5106.5433485341282     
       36150  -5105.2359885465467     
       36200  -5103.9401743553699     
       36250  -5102.6548544281250     
       36300  -5101.3594930414447     
       36350  -5099.9688837030153     
       36400  -5098.5342757451826     
       36450  -5097.0934561914091     
       36500  -5095.6493254872121     
       36550  -5094.1883267498943     
       36600  -5092.7305879051364     
       36650  -5091.2047671412665     
       36700  -5089.6823268373564     
       36750  -5088.1328326475041     
       36800  -5086.5270732513573     
       36850  -5084.8662965967160     
       36900  -5083.1157022712059     
       36950  -5081.3662236734544     
       37000  -5079.6172944246537     
       37050  -5077.8764907956574     
       37100  -5076.1466978093513     
       37150  -5074.4251329139961     
       37200  -5072.7050728840522     
       37250  -5070.9917450494067     
       37300  -5069.2493439879581     
       37350  -5067.4910012454375     
       37400  -5065.7285709663092     
       37450  -5063.9752313109748     
       37500  -5062.2281013540232     
       37550  -5060.4492456138341     
       37600  -5058.5626019551828     
       37650  -5056.6808195958147     
       37700  -5054.7967028145049     
       37750  -5052.9091260709456     
       37800  -5051.0011124220928     
       37850  -5049.0993826698277     
       37900  -5047.2093397926119     
       37950  -5045.3102961720069     
       38000  -5043.3668150978601     
       38050  -5041.4323087636712     
       38100  -5039.5090200330314     
       38150  -5037.5907726883179     
       38200  -5035.6907148333767     
       38250  -5033.8389758464346     
       38300  -5031.9304768151287     
       38350  -5030.0012503533162     
       38400  -5028.0770479187477     
       38450  -5026.0979751669647     
       38500  -5024.1319910728507     
       38550  -5022.1809891360372     
       38600  -5020.2397536593917     
       38650  -5018.2113987578668     
       38700  -5016.1018688911499     
       38750  -5013.8777408692104     
       38800  -5011.6362449350263     
       38850  -5009.2290186846722     
       38900  -5006.8190099792482     
       38950  -5004.4090688545266     
       39000  -5002.0060414821883     
       39050  -4999.5804460763229     
       39100  -4997.1605444571032     
       39150  -4994.7605719762896     
       39200  -4992.3667218742530     
       39250  -4989.9654428137283     
       39300  -4987.5694114911130     
       39350  -4985.1794691934592     
       39400  -4982.7955927392013     
       39450  -4980.4185096383098     
       39500  -4978.0337932739558     
       39550  -4975.6406799117740     
       39600  -4973.2542022790149     
       39650  -4970.8543678886699     
       39700  -4968.4419136084389     
       39750  -4965.9829946117979     
       39800  -4963.5667941628690     
       39850  -4961.1566569522065     
       39900  -4958.6720695180475     
       39950  -4956.0737942753249     
       40000  -4953.4519976903193     
       40050  -4950.7988687434799     
       40100  -4948.1382234070616     
       40150  -4945.4636978355666     
       40200  -4942.7975035870004     
       40250  -4940.1391622918100     
       40300  -4937.4756524939803     
       40350  -4934.8260045562320     
       40400  -4932.1899015366753     
       40450  -4929.5597720575115     
       40500  -4926.9361367252095     
       40550  -4924.3189715170320     
       40600  -4921.7046015209662     
       40650  -4919.0564370108959     
       40700  -4916.4162330866557     
       40750  -4913.7523301021729     
       40800  -4911.0004364010938     
       40850  -4908.2074637637725     
       40900  -4905.3964836357991     
       40950  -4902.5971745755132     
       41000  -4899.7730470118313     
       41050  -4896.9030177189297     
       41100  -4894.0210163869051     
       41150  -4891.1122998586561     
       41200  -4888.2100699166713     
       41250  -4885.3166040919505     
       41300  -4882.3852282439002     
       41350  -4879.4581843365813     
       41400  -4876.5292721340193     
       41450  -4873.5889959506994     
       41500  -4870.6058577566246     
       41550  -4867.5768692810598     
       41600  -4864.5161003648773     
       41650  -4861.4335136335530     
       41700  -4858.2896614002084     
       41750  -4855.1143138486623     
       41800  -4851.9404387624527     
       41850  -4848.7587820022554     
       41900  -4845.5788258422863     
       41950  -4842.4085994697443     
       42000  -4839.2500206740742     
       42050  -4836.0989533618658     
       42100  -4832.9608476330141     
       42150  -4829.8257312039459     
       42200  -4826.6971907422867     
       42250  -4823.5742441666034     
       42300  -4820.4360085224444     
       42350  -4817.2935707472679     
       42400  -4814.1502061396004     
       42450  -4811.0224290954311     
       42500  -4807.8671781941512     
       42550  -4804.7027145421725     
       42600  -4801.5461719695095     
       42650  -4798.3914253483063     
       42700  -4795.2335279731387     
       42750  -4792.0830174924167     
       42800  -4788.9265440135759     
       42850  -4785.7679736964237     
       42900  -4782.6002486133229     
       42950  -4779.4334930961331     
       43000  -4776.2929642068848     
       43050  -4773.1657918951296     
       43100  -4770.0503636564727     
       43150  -4766.9389970426237     
       43200  -4763.8299249196443     
       43250  -4760.7139876872898     
       43300  -4757.5705786031749     
       43350  -4754.4585884354410     
       43400  -4751.3782056749587     
       43450  -4748.2981208638084     
       43500  -4745.1992371162305     
       43550  -4742.0739429923387     
       43600  -4738.9488997040498     
       43650  -4735.7725324344356     
       43700  -4732.5856636051540     
       43750  -4729.4052444138824     
       43800  -4726.2319848670304     
       43850  -4723.0507706949256     
       43900  -4719.8811760694089     
       43950  -4716.7424010029172     
       44000  -4713.6235149109107     
       44050  -4710.4882472128102     
       44100  -4707.3533355423533     
       44150  -4704.2255244645812     
       44200  -4701.0915973857163     
       44250  -4697.9289758924260     
       44300  -4694.7650081396923     
       44350  -4691.6081744743387     
       44400  -4688.4704722271335     
       44450  -4685.3389689426513     
       44500  -4682.2310802290640     
       44550  -4679.1385955337073     
       44600  -4676.0530446605371     
       44650  -4672.9684398039390     
       44700  -4669.8912466766278     
       44750  -4666.8243619762461     
       44800  -4663.7640831568478     
       44850  -4660.7156631624348     
       44900  -4657.6523903021689     
       44950  -4654.5747166332094     
       45000  -4651.5120306519066     
       45050  -4648.4608200947778     
       45100  -4645.4164703146025     
       45150  -4642.3788632803416     
       45200  -4639.3351462946457     
       45250  -4636.2732773584839     
       45300  -4633.2226436930832     
       45350  -4630.1489986441820     
       45400  -4627.0706124870831     
       45450  -4623.9720813266213     
       45500  -4620.8704014990071     
       45550  -4617.7681692374599     
       45600  -4614.6598012151471     
       45650  -4611.5586161537522     
       45700  -4608.4490171026346     
       45750  -4605.2954374501069     
       45800  -4602.1350696512336     
       45850  -4598.9895397334176     
       45900  -4595.8624918024898     
       45950  -4592.7455790039085     
       46000  -4589.6542577090568     
       46050  -4586.5702317839205     
       46100  -4583.4762304466622     
       46150  -4580.3381723018738     
       46200  -4577.1618375213320     
       46250  -4573.9903991724805     
       46300  -4570.8287072130761     
       46350  -4567.6976271616950     
       46400  -4564.5666668153053     
       46450  -4561.4388389805035     
       46500  -4558.3238073337307     
       46550  -4555.2284502295015     
       46600  -4552.1092705857973     
       46650  -4548.9652797436574     
       46700  -4545.8044328787701     
       46750  -4542.6520062140235     
       46800  -4539.5108959678691     
       46850  -4536.3764903326983     
       46900  -4533.2487678651942     
       46950  -4530.1348755206072     
       47000  -4527.0326482078835     
       47050  -4523.9528497680994     
       47100  -4520.8795901785070     
       47150  -4517.8209170620294     
       47200  -4514.7886468670595     
       47250  -4511.7631774473120     
       47300  -4508.7295768812273     
       47350  -4505.7063453940127     
       47400  -4502.6877574369355     
       47450  -4499.6701010680908     
       47500  -4496.6587976600222     
       47550  -4493.6538271718446     
       47600  -4490.6558640504154     
       47650  -4487.6526603196517     
       47700  -4484.5838498233898     
       47750  -4481.5075459057634     
       47800  -4478.4277453627801     
       47850  -4475.3438621362384     
       47900  -4472.2490311883894     
       47950  -4469.1628302796671     
       48000  -4466.0706944767253     
       48050  -4463.0070083820219     
       48100  -4459.9384829971204     
       48150  -4456.8695202384324     
       48200  -4453.7901375180718     
       48250  -4450.7171960291471     
       48300  -4447.6443902827968     
       48350  -4444.5937845977978     
       48400  -4441.5443933187380     
       48450  -4438.4793163286786     
       48500  -4435.4169235434374     
       48550  -4432.3688201572886     
       48600  -4429.3289819583906     
       48650  -4426.2953921422250     
       48700  -4423.2680314632589     
       48750  -4420.1491506764360     
       48800  -4417.0015591924221     
       48850  -4413.8616856716681     
       48900  -4410.7381763431504     
       48950  -4407.6260486328310     
       49000  -4404.5205425007789     
       49050  -4401.4255173979873     
       49100  -4398.3392096828775     
       49150  -4395.2591813323970     
       49200  -4392.1970361963577     
       49250  -4389.1724956114558     
       49300  -4386.1594124380954     
       49350  -4383.1566124838400     
       49400  -4380.1598910720013     
       49450  -4377.1692297641303     
       49500  -4374.1124427771538     
       49550  -4371.0445616049647     
       49600  -4368.0024351408592     
       49650  -4364.9571237896726     
       49700  -4361.9056324385838     
       49750  -4358.8605486377601     
       49800  -4355.8297290573219     
       49850  -4352.8000888314382     
       49900  -4349.7547945470005     
       49950  -4346.6660513160441     
       50000  -4343.5709296542018     
       50050  -4340.4716851282674     
       50100  -4337.3786456714752     
       50150  -4334.2742812022025     
       50200  -4331.1874803411811     
       50250  -4328.1255774635601     
       50300  -4325.0693158344684     
       50350  -4322.0144786158644     
       50400  -4318.9800597295571     
       50450  -4315.9111871387977     
       50500  -4312.8076688744459     
       50550  -4309.7038615609263     
       50600  -4306.6042013933165     
       50650  -4303.4938598980079     
       50700  -4300.3896531985474     
       50750  -4297.2901481992167     
       50800  -4294.1914016027195     
       50850  -4291.0972204920772     
       50900  -4288.0091183227132     
       50950  -4284.9376084174419     
       51000  -4281.8808964761974     
       51050  -4278.8314933605225     
       51100  -4275.7874706866432     
       51150  -4272.7493766962862     
       51200  -4269.7172164832537     
       51250  -4266.6909726803933     
       51300  -4263.6436546915411     
       51350  -4260.5928667593089     
       51400  -4257.5115466284087     
       51450  -4254.4372421517892     
       51500  -4251.3453782862916     
       51550  -4248.2568744652572     
       51600  -4245.1589726971224     
       51650  -4242.0601037966908     
       51700  -4238.9665946109362     
       51750  -4235.8480160242116     
       51800  -4232.7400222359274     
       51850  -4229.6649191154311     
       51900  -4226.6041880802404     
       51950  -4223.5809036055107     
       52000  -4220.5585680327258     
       52050  -4217.5267162782202     
       52100  -4214.5287709453632     
       52150  -4211.5341492225762     
       52200  -4208.5167740558982     
       52250  -4205.4995568691666     
       52300  -4202.4887673569701     
       52350  -4199.4837291141384     
       52400  -4196.4844256771130     
       52450  -4193.4880847038521     
       52500  -4190.4856434824451     
       52550  -4187.4970855018464     
       52600  -4184.5292250428129     
       52650  -4181.5269435155851     
       52700  -4178.4996678529333     
       52750  -4175.4775868668712     
       52800  -4172.4600741156464     
       52850  -4169.4482709438944     
       52900  -4166.4421616449372     
       52950  -4163.4320400164070     
       53000  -4160.3876596351147     
       53050  -4157.2966426491857     
       53100  -4154.2117812623401     
       53150  -4151.1377953915435     
       53200  -4148.0526880887537     
       53250  -4144.9689999528464     
       53300  -4141.8936238897668     
       53350  -4138.8384965933947     
       53400  -4135.7981364069356     
       53450  -4132.7670819844543     
       53500  -4129.7416930842592     
       53550  -4126.7208658443424     
       53600  -4123.6994652702815     
       53650  -4120.6819161874209     
       53700  -4117.6699863765944     
       53750  -4114.6343700464004     
       53800  -4111.5723328190325     
       53850  -4108.5178040910223     
       53900  -4105.4527656136916     
       53950  -4102.3780439950824     
       54000  -4099.3128657032776     
       54050  -4096.2553438125169     
       54100  -4093.2034735333841     
       54150  -4090.1491493341700     
       54200  -4087.0939534381018     
       54250  -4084.0034126321502     
       54300  -4080.8858062085287     
       54350  -4077.8004096373934     
       54400  -4074.7079800345859     
       54450  -4071.5931205214602     
       54500  -4068.4654461993232     
       54550  -4065.3376340000800     
       54600  -4062.2078590939423     
       54650  -4059.0893990043996     
       54700  -4055.9654408517426     
       54750  -4052.8435818443040     
       54800  -4049.7274196598719     
       54850  -4046.6169387191667     
       54900  -4043.5121234996650     
       54950  -4040.4086094646605     
       55000  -4037.3157618418841     
       55050  -4034.2333900764042     
       55100  -4031.1565246848436     
       55150  -4028.0852383783085     
       55200  -4025.0195159962418     
       55250  -4021.9510289270515     
       55300  -4018.8733244560808     
       55350  -4015.7986516963883     
       55400  -4012.7434038975825     
       55450  -4009.7124910827674     
       55500  -4006.6870393721233     
       55550  -4003.6670340191940     
       55600  -4000.6536227268107     
       55650  -3997.6567799990544     
       55700  -3994.6797279072293     
       55750  -3991.7103151263173     
       55800  -3988.7462238736866     
       55850  -3985.7884728047384     
       55900  -3982.8368741148070     
       55950  -3979.8958651000657     
       56000  -3976.9503517764897     
       56050  -3973.9705598648206     
       56100  -3970.9967466150629     
       56150  -3968.0030075829773     
       56200  -3965.0071902955538     
       56250  -3962.0247445300620     
       56300  -3959.0505108324833     
       56350  -3956.0815552781128     
       56400  -3953.1078703514499     
       56450  -3950.1207671792849     
       56500  -3947.1378556214700     
       56550  -3944.1228171629400     
       56600  -3941.1087208303366     
       56650  -3938.0928908097408     
       56700  -3935.0863787610565     
       56750  -3932.0287066173355     
       56800  -3928.9588988742166     
       56850  -3925.8979107843693     
       56900  -3922.8552381375484     
       56950  -3919.8238053691480     
       57000  -3916.7842334285069     
       57050  -3913.7186810656831     
       57100  -3910.6362814500485     
       57150  -3907.5481089905929     
       57200  -3904.4599507609400     
       57250  -3901.3702941085203     
       57300  -3898.2765411728778     
       57350  -3895.1951613926472     
       57400  -3892.1208099064138     
       57450  -3889.0427259981466     
       57500  -3885.9625952573979     
       57550  -3882.8878166117674     
       57600  -3879.8183761235077     
       57650  -3876.7537938310275     
       57700  -3873.6918915328997     
       57750  -3870.6261615511016     
       57800  -3867.5657356004135     
       57850  -3864.5024375374705     
       57900  -3861.4297641779267     
       57950  -3858.3612248376567     
       58000  -3855.2857980100653     
       58050  -3852.2011926354539     
       58100  -3849.1275090892286     
       58150  -3846.0443790903460     
       58200  -3842.9444547570542     
       58250  -3839.8498521822753     
       58300  -3836.7617756500863     
       58350  -3833.6833060310119     
       58400  -3830.6101077640242     
       58450  -3827.5421673212745     
       58500  -3824.4854274803888     
       58550  -3821.4422639770723     
       58600  -3818.4028719497664     
       58650  -3815.3792707974576     
       58700  -3812.3620397666523     
       58750  -3809.3397307407745     
       58800  -3806.2899412217812     
       58850  -3803.2434170162942     
       58900  -3800.2036356796107     
       58950  -3797.1694489701786     
       59000  -3794.1398254655141     
       59050  -3791.1121022480729     
       59100  -3788.0754318276727     
       59150  -3785.0357109851238     
       59200  -3781.9990210771243     
       59250  -3778.9564211270394     
       59300  -3775.8997211592750     
       59350  -3772.8457152659826     
       59400  -3769.7975286169326     
       59450  -3766.7504221775584     
       59500  -3763.7070534833497     
       59550  -3760.6687953998785     
       59600  -3757.6356197594669     
       59650  -3754.5888020627303     
       59700  -3751.5441637660192     
       59750  -3748.5046210982568     
       59800  -3745.4558735908977     
       59850  -3742.4041864646451     
       59900  -3739.3575800264489     
       59950  -3736.3202452888459     
       60000  -3733.2862372358622     
       60050  -3730.2570133172867     
       60100  -3727.2106631232746     
       60150  -3724.1635762148271     
       60200  -3721.1215509125400     
       60250  -3718.0819920129766     
       60300  -3715.0461445131536     
       60350  -3712.0155790813747     
       60400  -3708.9933945829625     
       60450  -3705.9763273838976     
       60500  -3702.9635523055445     
       60550  -3699.9506321552735     
       60600  -3696.9404967638757     
       60650  -3693.9353244976078     
       60700  -3690.9303773569695     
       60750  -3687.9388357201769     
       60800  -3684.9742250455406     
       60850  -3682.0091133508467     
       60900  -3679.0355360147155     
       60950  -3676.0665751576025     
       61000  -3673.1033414366575     
       61050  -3670.1494727325785     
       61100  -3667.2014866905884     
       61150  -3664.2653547124746     
       61200  -3661.3302211926116     
       61250  -3658.4029973325873     
       61300  -3655.4815288696864     
       61350  -3652.5684867079235     
       61400  -3649.6601889145027     
       61450  -3646.7566239083776     
       61500  -3643.8577801461647     
       61550  -3640.9631602814206     
       61600  -3638.0723332634930     
       61650  -3635.1858758318990     
       61700  -3632.3146764291287     
       61750  -3629.4707788617548     
       61800  -3626.6494871468067     
       61850  -3623.8327569382691     
       61900  -3621.0175867215839     
       61950  -3618.1960232738365     
       62000  -3615.3875474079059     
       62050  -3612.5816113319656     
       62100  -3609.7805289009511     
       62150  -3606.9839534408634     
       62200  -3604.1918740828019     
       62250  -3601.4042799927852     
       62300  -3598.6218217188371     
       62350  -3595.8527487394008     
       62400  -3593.1109727788107     
       62450  -3590.3735871720410     
       62500  -3587.6405813822421     
       62550  -3584.9069727843612     
       62600  -3582.1657146473631     
       62650  -3579.4248705875425     
       62700  -3576.6909329163468     
       62750  -3573.9627494943156     
       62800  -3571.2281882322573     
       62850  -3568.4579118764113     
       62900  -3565.6905197291762     
       62950  -3562.9214484009863     
       63000  -3560.1567724241108     
       63050  -3557.3964813417269     
       63100  -3554.6516667689712     
       63150  -3551.9094016588115     
       63200  -3549.1362669332480     
       63250  -3546.3758461418488     
       63300  -3543.6430354990248     
       63350  -3540.8986673959639     
       63400  -3538.1537643991596     
       63450  -3535.4143986361537     
       63500  -3532.6793468349797     
       63550  -3529.9482856059840     
       63600  -3527.2305864790110     
       63650  -3524.5197248562258     
       63700  -3521.8116396073096     
       63750  -3519.0859628434177     
       63800  -3516.3345821688085     
       63850  -3513.5684243657547     
       63900  -3510.8042651638621     
       63950  -3508.0444283375778     
       64000  -3505.2889037563350     
       64050  -3502.5508889082821     
       64100  -3499.8194400403681     
       64150  -3497.0851448055500     
       64200  -3494.3511378712565     
       64250  -3491.6197482818175     
       64300  -3488.9049773640309     
       64350  -3486.2145934377972     
       64400  -3483.5298584652314     
       64450  -3480.8521430142573     
       64500  -3478.1785790601066     
       64550  -3475.5091569556134     
       64600  -3472.8468853774552     
       64650  -3470.1768806350365     
       64700  -3467.5063976545648     
       64750  -3464.8408963481365     
       64800  -3462.1812534400151     
       64850  -3459.5255242609933     
       64900  -3456.8691714866186     
       64950  -3454.2108137191312     
       65000  -3451.5602359269619     
       65050  -3448.9157798898536     
       65100  -3446.2753859971958     
       65150  -3443.6348945706723     
       65200  -3441.0038818097728     
       65250  -3438.3642379432363     
       65300  -3435.7251448384231     
       65350  -3433.0900901316286     
       65400  -3430.4671103561268     
       65450  -3427.8564136737396     
       65500  -3425.2606803147855     
       65550  -3422.6841656917481     
       65600  -3420.1123467083507     
       65650  -3417.5483964390564     
       65700  -3414.9882627132110     
       65750  -3412.4331375330958     
       65800  -3409.8776589516133     
       65850  -3407.3050848181565     
       65900  -3404.7295608056493     
       65950  -3402.1651165394751     
       66000  -3399.6149543838965     
       66050  -3397.0899654723785     
       66100  -3394.5687965138281     
       66150  -3392.0802827931007     
       66200  -3389.6021483665477     
       66250  -3387.1288219665885     
       66300  -3384.6848254655774     
       66350  -3382.2445124559022     
       66400  -3379.8199159728238     
       66450  -3377.4046593392150     
       66500  -3374.9828406084112     
       66550  -3372.5544837142625     
       66600  -3370.1503624237530     
       66650  -3367.7734650474954     
       66700  -3365.3912339392550     
       66750  -3363.0301065893300     
       66800  -3360.6626499171475     
       66850  -3358.2940634644187     
       66900  -3355.9102481855689     
       66950  -3353.5434766937251     
       67000  -3351.1410764116522     
       67050  -3348.7341627305550     
       67100  -3346.3308361041245     
       67150  -3343.9506462011059     
       67200  -3341.5746054404849     
       67250  -3339.2021341702743     
       67300  -3336.8321611733668     
       67350  -3334.4553652349641     
       67400  -3332.0730237081771     
       67450  -3329.7014081749712     
       67500  -3327.3391162261796     
       67550  -3324.9692646740032     
       67600  -3322.5996143095881     
       67650  -3320.2248640773137     
       67700  -3317.8475212077042     
       67750  -3315.4690282963907     
       67800  -3313.0951072001508     
       67850  -3310.7280508258559     
       67900  -3308.3753209415172     
       67950  -3306.0336486132169     
       68000  -3303.6922414622868     
       68050  -3301.3522218603625     
       68100  -3298.9953116354095     
       68150  -3296.6397626202556     
       68200  -3294.2736569234075     
       68250  -3291.8958452891634     
       68300  -3289.5062562409416     
       68350  -3287.1204595212484     
       68400  -3284.7496748908443     
       68450  -3282.3887881429564     
       68500  -3280.0313479450651     
       68550  -3277.6932669070306     
       68600  -3275.3817357255039     
       68650  -3273.0423968150189     
       68700  -3270.7107556055976     
       68750  -3268.3826224913528     
       68800  -3266.0578732915187     
       68850  -3263.7362195442943     
       68900  -3261.4172131192390     
       68950  -3259.1015700102466     
       69000  -3256.7880766464359     
       69050  -3254.4724683864420     
       69100  -3252.1581317626378     
       69150  -3249.8325702074139     
       69200  -3247.5170537767108     
       69250  -3245.2074922597672     
       69300  -3242.9016811543424     
       69350  -3240.6220635314953     
       69400  -3238.3464158297102     
       69450  -3236.0615655138727     
       69500  -3233.7800027524459     
       69550  -3231.4805411386938     
       69600  -3229.1804867411033     
       69650  -3226.8753328754456     
       69700  -3224.5568351090724     
       69750  -3222.2448353953064     
       69800  -3219.9290064873749     
       69850  -3217.6164930109508     
       69900  -3215.3113499711958     
       69950  -3213.0038940800141     
       70000  -3210.6922827916292     
       70050  -3208.3845403336909     
       70100  -3206.0840068859197     
       70150  -3203.8147118846905     
       70200  -3201.5173663910155     
       70250  -3199.1765933131069     
       70300  -3196.8394377366835     
       70350  -3194.4879829685501     
       70400  -3192.1368489327729     
       70450  -3189.7879494206222     
       70500  -3187.4343003252279     
       70550  -3185.0693194264959     
       70600  -3182.7091624569616     
       70650  -3180.3446448089089     
       70700  -3177.9553301492410     
       70750  -3175.5764429893720     
       70800  -3173.1924638158544     
       70850  -3170.8091964076366     
       70900  -3168.4314601961755     
       70950  -3166.0466827473947     
       71000  -3163.6578729264270     
       71050  -3161.2724252586204     
       71100  -3158.8903326508248     
       71150  -3156.5115880298290     
       71200  -3154.1361843422892     
       71250  -3151.7624994420826     
       71300  -3149.3587947869160     
       71350  -3146.9675425299074     
       71400  -3144.5922703887909     
       71450  -3142.2179566039795     
       71500  -3139.8353684187823     
       71550  -3137.4425902005933     
       71600  -3135.0561847679132     
       71650  -3132.6744004446496     
       71700  -3130.2975514223917     
       71750  -3127.9204980603254     
       71800  -3125.5396750946220     
       71850  -3123.1775888750144     
       71900  -3120.8183496610186     
       71950  -3118.4609127854997     
       72000  -3116.1106940268319     
       72050  -3113.7507224421497     
       72100  -3111.4192412167340     
       72150  -3109.0866449763262     
       72200  -3106.7413918660704     
       72250  -3104.4002124366175     
       72300  -3102.0626653485401     
       72350  -3099.7304104159280     
       72400  -3097.4029141669384     
       72450  -3095.0792323331539     
       72500  -3092.7443009402150     
       72550  -3090.4058687064762     
       72600  -3088.0660918100880     
       72650  -3085.7295355288356     
       72700  -3083.3974548378451     
       72750  -3081.0709032642608     
       72800  -3078.7684651641216     
       72850  -3076.4724760117651     
       72900  -3074.1807354433486     
       72950  -3071.8910155838876     
       73000  -3069.6006422590981     
       73050  -3067.3049134078237     
       73100  -3065.0192475693689     
       73150  -3062.7248279159817     
       73200  -3060.4194187489165     
       73250  -3058.1229718880827     
       73300  -3055.8433471541052     
       73350  -3053.5695923001726     
       73400  -3051.3079297805916     
       73450  -3049.0506799714567     
       73500  -3046.7991672751309     
       73550  -3044.5515623740412     
       73600  -3042.3155169384713     
       73650  -3040.0952875841990     
       73700  -3037.8743573352594     
       73750  -3035.6564385171655     
       73800  -3033.4382762429018     
       73850  -3031.2116721957682     
       73900  -3028.9535504171240     
       73950  -3026.7056378442858     
       74000  -3024.4581128292730     
       74050  -3022.1987732739713     
       74100  -3019.9213782221514     
       74150  -3017.6357409841130     
       74200  -3015.3525747827857     
       74250  -3013.0759921872723     
       74300  -3010.8033430140858     
       74350  -3008.5337444128045     
       74400  -3006.2718238648445     
       74450  -3004.0242782133842     
       74500  -3001.7815464566652     
       74550  -2999.5514508435222     
       74600  -2997.3293010781722     
       74650  -2995.1097450383277     
       74700  -2992.8710105287555     
       74750  -2990.6178117262834     
       74800  -2988.3724130360492     
       74850  -2986.1385201946428     
       74900  -2983.9120784047032     
       74950  -2981.7018142367865     
       75000  -2979.4919761204956     
       75050  -2977.2750470947221     
       75100  -2975.0539357351599     
       75150  -2972.8178254901190     
       75200  -2970.5784232982419     
       75250  -2968.3413115998146     
       75300  -2966.1071708332574     
       75350  -2963.8342972770242     
       75400  -2961.5781421187767     
       75450  -2959.3312213437284     
       75500  -2957.0629162492655     
       75550  -2954.7867308939071     
       75600  -2952.5084732625869     
       75650  -2950.2330681124672     
       75700  -2947.9615370765700     
       75750  -2945.6940304175305     
       75800  -2943.4114021055361     
       75850  -2941.1261296626535     
       75900  -2938.8411818718155     
       75950  -2936.5451141322374     
       76000  -2934.2520675344217     
       76050  -2931.9620361195093     
       76100  -2929.6703829396420     
       76150  -2927.3582332439546     
       76200  -2925.0319337258834     
       76250  -2922.7001211975235     
       76300  -2920.3730424776477     
       76350  -2918.0491697611055     
       76400  -2915.7273649888175     
       76450  -2913.4085972404300     
       76500  -2911.0928605609952     
       76550  -2908.7819574465207     
       76600  -2906.4725368472114     
       76650  -2904.1696484497725     
       76700  -2901.8722196172907     
       76750  -2899.5786794159076     
       76800  -2897.2832770128002     
       76850  -2894.9741385948046     
       76900  -2892.6709542450162     
       76950  -2890.3812095629223     
       77000  -2888.0907374064832     
       77050  -2885.8020667392761     
       77100  -2883.5163645165139     
       77150  -2881.2343720348226     
       77200  -2878.9560820861557     
       77250  -2876.6808586780458     
       77300  -2874.4121262542976     
       77350  -2872.1402613153527     
       77400  -2869.8616888504289     
       77450  -2867.5653362397843     
       77500  -2865.2731794598731     
       77550  -2862.9841234022479     
       77600  -2860.6973608786147     
       77650  -2858.4208307012836     
       77700  -2856.1252356122054     
       77750  -2853.8232533456198     
       77800  -2851.5191272365041     
       77850  -2849.2180513342623     
       77900  -2846.9304592461781     
       77950  -2844.6533326153431     
       78000  -2842.3741229138750     
       78050  -2840.0947081676622     
       78100  -2837.8057109139168     
       78150  -2835.5169145997847     
       78200  -2833.2310451351591     
       78250  -2830.9480969094661     
       78300  -2828.6693168047059     
       78350  -2826.3949984816909     
       78400  -2824.1379325187040     
       78450  -2821.8991738132108     
       78500  -2819.6522531400706     
       78550  -2817.4098515098322     
       78600  -2815.1675780695382     
       78650  -2812.9251370588795     
       78700  -2810.6816928516619     
       78750  -2808.4423604413819     
       78800  -2806.2390984070034     
       78850  -2804.0313251761290     
       78900  -2801.8528545724216     
       78950  -2799.6887121886416     
       79000  -2797.5271366673569     
       79050  -2795.3727647782907     
       79100  -2793.2211164946466     
       79150  -2791.0795929617998     
       79200  -2788.9458688184068     
       79250  -2786.8158301545304     
       79300  -2784.6705738963669     
       79350  -2782.5220380456326     
       79400  -2780.3427712153139     
       79450  -2778.1651834752597     
       79500  -2775.9903348392809     
       79550  -2773.8182201425047     
       79600  -2771.6488342330363     
       79650  -2769.4827937528462     
       79700  -2767.3182269959120     
       79750  -2765.1529054800781     
       79800  -2762.9897012520864     
       79850  -2760.8547674390943     
       79900  -2758.7406208497000     
       79950  -2756.6356422634763     
       80000  -2754.5363110546582     
