  0.45566401972059600       0.69560073935655531        1.3411443391602332E-002   4.4704811305341105E-003   59.037108051197123     
  0.29805719509616924       0.87430129466859252        1.3411443391602332E-002   4.4704811305341105E-003   164.87219198520125     
  0.37769630335152060       0.99711333037689476        1.3411443391602332E-002   4.4704811305341105E-003   171.23084605258026     
  0.59364701744876747       0.25877606633838768        1.3411443391602332E-002   4.4704811305341105E-003   159.20350532340677     
  0.28270431229347104       0.88295662983620082        1.3411443391602332E-002   4.4704811305341105E-003   106.76349689923089     
   4.4354889890921775E-002  0.83340655463742330        1.3411443391602332E-002   4.4704811305341105E-003   41.221436412689322     
  0.64218269423251595       0.70145302372948481        1.3411443391602332E-002   4.4704811305341105E-003   170.69798708140340     
  0.33783982726533096       0.71967499790322298        1.3411443391602332E-002   4.4704811305341105E-003   33.816408530294268     
  0.37008451687617738       0.61946233621415780        1.3411443391602332E-002   4.4704811305341105E-003   101.08563795000290     
   6.5657645340625015E-002  0.34461907206104531        1.3411443391602332E-002   4.4704811305341105E-003   29.335207543798070     
  0.35106900247677109       0.63632916670889705        1.3411443391602332E-002   4.4704811305341105E-003   46.580948821679094     
   5.4402000795724048E-002  0.45869266185172192        1.3411443391602332E-002   4.4704811305341105E-003   64.810155927838352     
  0.59854211510247968       0.23247484756729878        1.3411443391602332E-002   4.4704811305341105E-003   60.709731183399732     
   2.3641166161809186E-002   7.9597760238223042E-002   1.3411443391602332E-002   4.4704811305341105E-003   54.194736542437624     
  0.53006808089324586       0.72454185038307339        1.3411443391602332E-002   4.4704811305341105E-003   111.78530551248735     
  0.16339416029363307       0.98221867038628308        1.3411443391602332E-002   4.4704811305341105E-003   109.71695163307757     
  0.47852683966544468       0.72343908122747447        1.3411443391602332E-002   4.4704811305341105E-003   170.65281941997355     
  0.96314774419982119        2.1102292569804448E-002   1.3411443391602332E-002   4.4704811305341105E-003   116.31434855317663     
  0.31231208080347789       0.56105316917254910        1.3411443391602332E-002   4.4704811305341105E-003   119.88521065481149     
  0.37957156102746903       0.64188853600154039        1.3411443391602332E-002   4.4704811305341105E-003   158.56408244694885     
  0.90169575866033980       0.90946793059173359        1.3411443391602332E-002   4.4704811305341105E-003   82.940327560262787     
   8.8396369536747871E-002  0.30747835575909443        1.3411443391602332E-002   4.4704811305341105E-003   18.365682314188682     
  0.64611025874898320       0.72704086064660145        1.3411443391602332E-002   4.4704811305341105E-003   109.79574348364855     
  0.56098591631560935       0.19241626477885707        1.3411443391602332E-002   4.4704811305341105E-003   85.077028712978191     
  0.42884882622055631       0.59555541714651672        1.3411443391602332E-002   4.4704811305341105E-003   92.714587051533130     
  0.64442353074218028       0.24852294321646048        1.3411443391602332E-002   4.4704811305341105E-003   104.84698533755463     
  0.57004317320919251       0.22829843238543471        1.3411443391602332E-002   4.4704811305341105E-003   158.04243934043052     
  0.95917011322489443        1.7304592478600153E-002   1.3411443391602332E-002   4.4704811305341105E-003   127.87265767537792     
  0.34027815366283265       0.63684460376629792        1.3411443391602332E-002   4.4704811305341105E-003   151.79703451471764     
  0.54041390251426613       0.79000821169321722        1.3411443391602332E-002   4.4704811305341105E-003   151.87306415881508     
  0.56877565882882897       0.22341843458077590        1.3411443391602332E-002   4.4704811305341105E-003   178.32702228231156     
  0.58326165971017574       0.20625357848212308        1.3411443391602332E-002   4.4704811305341105E-003   125.96366553400239     
  0.59042980963357328       0.24200084556780099        1.3411443391602332E-002   4.4704811305341105E-003   39.269150709676147     
  0.56854489324974500       0.18244692717837477        1.3411443391602332E-002   4.4704811305341105E-003   53.070526200111196     
  0.31149486223325246       0.57310904811367103        1.3411443391602332E-002   4.4704811305341105E-003   87.189042521207114     
  0.63122029313818506       0.19963635958741019        1.3411443391602332E-002   4.4704811305341105E-003   144.04187834917516     
   6.4095782698849052E-002  0.34928623769682754        1.3411443391602332E-002   4.4704811305341105E-003   11.804715127172319     
  0.33300375993649672       0.85268465275897531        1.3411443391602332E-002   4.4704811305341105E-003   153.58924333429223     
   7.2813799088905645E-002  0.30572338553964817        1.3411443391602332E-002   4.4704811305341105E-003   21.492024704265468     
  0.55550791586677362       0.79928725614356688        1.3411443391602332E-002   4.4704811305341105E-003   120.28645209285824     
  0.16999188308063778        1.1436927563159390E-002   1.3411443391602332E-002   4.4704811305341105E-003   76.766058393342007     
  0.99207651626008286       0.19413781342268885        1.3411443391602332E-002   4.4704811305341105E-003   2.2844370387854234     
  0.33648533979886203       0.62837616115089223        1.3411443391602332E-002   4.4704811305341105E-003   151.86099139120645     
   1.7482156293412730E-002  0.11907372108341929        1.3411443391602332E-002   4.4704811305341105E-003   1.9617266535042401     
  0.63259491527628720       0.26486809579256315        1.3411443391602332E-002   4.4704811305341105E-003   157.22758043363851     
  0.96963244617094224        2.1966301153208422E-002   1.3411443391602332E-002   4.4704811305341105E-003   74.625918938174394     
  0.39160485437489928       0.58519668842261285        1.3411443391602332E-002   4.4704811305341105E-003   159.00078172076795     
  0.97575509058797971        5.5954046304173027E-002   1.3411443391602332E-002   4.4704811305341105E-003   87.538120588865283     
  0.38264742798047052       0.66202684518767818        1.3411443391602332E-002   4.4704811305341105E-003   175.35469531228236     
  0.21712491000186557       0.48252044209836908        1.3411443391602332E-002   4.4704811305341105E-003   49.048156683842336     
  0.98827534161108799       0.74181076914575017        1.3411443391602332E-002   4.4704811305341105E-003   90.222072523728087     
  0.65316757378139911       0.69241059970546004        1.3411443391602332E-002   4.4704811305341105E-003   37.299167817192732     
  0.35401657133291675       0.62638538282879352        1.3411443391602332E-002   4.4704811305341105E-003   7.2151833017310318     
  0.56941699828962244       0.21840287038243064        1.3411443391602332E-002   4.4704811305341105E-003   18.849036184916066     
  0.54893529464736202       0.76580850091731212        1.3411443391602332E-002   4.4704811305341105E-003   112.48084769648099     
   4.3347320122891164E-002   2.1699920002793992E-002   1.3411443391602332E-002   4.4704811305341105E-003   97.785101222914449     
  0.53281058945925275       0.78020562744197852        1.3411443391602332E-002   4.4704811305341105E-003   118.61224492105674     
  0.94646833813903253        5.7725005979252265E-002   1.3411443391602332E-002   4.4704811305341105E-003   50.133002200771763     
  0.55185876416252455       0.77936192745299948        1.3411443391602332E-002   4.4704811305341105E-003   87.179094966371650     
  0.23282863677467930       0.46413665501600093        1.3411443391602332E-002   4.4704811305341105E-003   22.149926498645790     
  0.60806846835290562       0.74024827100406698        1.3411443391602332E-002   4.4704811305341105E-003   4.6850883698707939     
  0.33323438631275781       0.72801540067435078        1.3411443391602332E-002   4.4704811305341105E-003   18.020564129924466     
  0.51476707046002390        9.1949136040221369E-003   1.3411443391602332E-002   4.4704811305341105E-003   73.047434942811478     
  0.37389869393150088       0.71512320984511180        1.3411443391602332E-002   4.4704811305341105E-003   33.785046338676096     
  0.35615054762991860       0.65450293780591107        1.3411443391602332E-002   4.4704811305341105E-003   147.87375138526241     
  0.36796621606263297       0.65144185756642226        1.3411443391602332E-002   4.4704811305341105E-003   156.33398988535080     
   1.6836916842739358E-002  0.10462948137258440        1.3411443391602332E-002   4.4704811305341105E-003   104.02761568797168     
  0.49442182154311681       0.68990613368074483        1.3411443391602332E-002   4.4704811305341105E-003   70.109584927705299     
  0.40469662563933717       0.88650337360265408        1.3411443391602332E-002   4.4704811305341105E-003   166.77635208749675     
  0.57709541667484177       0.96801249558901603        1.3411443391602332E-002   4.4704811305341105E-003   158.58268785431420     
  0.59106989433197044       0.73926443428519395        1.3411443391602332E-002   4.4704811305341105E-003   16.504443066836338     
  0.61268598739513047       0.78587050165599592        1.3411443391602332E-002   4.4704811305341105E-003   36.931105725301329     
  0.47197039769028354       0.74741783969374609        1.3411443391602332E-002   4.4704811305341105E-003   173.59644374423561     
   8.2429368259741675E-002  0.32204227947180947        1.3411443391602332E-002   4.4704811305341105E-003   176.54630794233478     
  0.83940551743380698       0.90236358131688055        1.3411443391602332E-002   4.4704811305341105E-003   123.97994743184914     
  0.47226446431588931       0.68098362982013316        1.3411443391602332E-002   4.4704811305341105E-003   46.849382697230674     
  0.60567292136436723       0.79243304716458329        1.3411443391602332E-002   4.4704811305341105E-003   59.433133544081855     
  0.57139544742409931       0.19722299372690663        1.3411443391602332E-002   4.4704811305341105E-003   118.19844040012343     
  0.57771587305619998       0.75952932275818585        1.3411443391602332E-002   4.4704811305341105E-003   19.522883766770956     
  0.49908397558616829       0.68628627455530966        1.3411443391602332E-002   4.4704811305341105E-003   36.683712990309779     
  0.45120781195029147       0.72058113245922639        1.3411443391602332E-002   4.4704811305341105E-003   168.14816671008899     
  0.60648906084216747       0.73099902863398181        1.3411443391602332E-002   4.4704811305341105E-003   156.61917131237178     
  0.34515372943479172       0.96084963375204213        1.3411443391602332E-002   4.4704811305341105E-003   79.580184694060875     
  0.64283757967679989       0.21909079356191227        1.3411443391602332E-002   4.4704811305341105E-003   126.22712364108546     
  0.98746004662881859       0.18968772192007091        1.3411443391602332E-002   4.4704811305341105E-003   157.21722183817246     
   8.9329832278966487E-002  0.30281832234490019        1.3411443391602332E-002   4.4704811305341105E-003   6.8362229445851410     
  0.21237988539530661       0.58114707446287117        1.3411443391602332E-002   4.4704811305341105E-003   2.7206863708599935     
  0.14986357067109035       0.73981497256798956        1.3411443391602332E-002   4.4704811305341105E-003   101.30568083072211     
  0.39464729834976969       0.59418616224323972        1.3411443391602332E-002   4.4704811305341105E-003   170.23003901636858     
  0.39233925126248237       0.56904751861841130        1.3411443391602332E-002   4.4704811305341105E-003   43.934404507244160     
  0.43423503663227270       0.71124919682411925        1.3411443391602332E-002   4.4704811305341105E-003   99.081868812422556     
  0.93681173121106298       0.24835420514982728        1.3411443391602332E-002   4.4704811305341105E-003   51.304586391844758     
  0.31383394908827322       0.85238258200097605        1.3411443391602332E-002   4.4704811305341105E-003   36.788730563149791     
  0.57955949151758801       0.20367164823685874        1.3411443391602332E-002   4.4704811305341105E-003   128.28626389444437     
  0.41872534869000022       0.59512447418079528        1.3411443391602332E-002   4.4704811305341105E-003   74.965600550442730     
  0.38594384503170315       0.70302577542656652        1.3411443391602332E-002   4.4704811305341105E-003   45.871274417293328     
  0.33864264607966788       0.86620267611748825        1.3411443391602332E-002   4.4704811305341105E-003   148.60757960059888     
  0.63198648094260501       0.26006731231379626        1.3411443391602332E-002   4.4704811305341105E-003   172.66501419270656     
  0.30915887131297437       0.88386866535917241        1.3411443391602332E-002   4.4704811305341105E-003   11.195739748951890     
  0.64170610383835525       0.27067704311396662        1.3411443391602332E-002   4.4704811305341105E-003   103.27081401274508     
  0.43130173747163802       0.74688248047483863        1.3411443391602332E-002   4.4704811305341105E-003   70.312955098040703     
  0.48845728928263538       0.73966128366763950        1.3411443391602332E-002   4.4704811305341105E-003   168.34132704930980     
  0.87227894643471005       0.16487644698981496        1.3411443391602332E-002   4.4704811305341105E-003   34.653818339609799     
  0.49996589249339313       0.75152843579060646        1.3411443391602332E-002   4.4704811305341105E-003   117.74745519740182     
  0.60910642135504545       0.75947868115627515        1.3411443391602332E-002   4.4704811305341105E-003   70.729434630834191     
  0.40927038121394482       0.57374108631794873        1.3411443391602332E-002   4.4704811305341105E-003   119.82749359511627     
  0.58601312998284449       0.76661853114007217        1.3411443391602332E-002   4.4704811305341105E-003   31.787379192387107     
  0.96606302339388139        5.0815482470011025E-002   1.3411443391602332E-002   4.4704811305341105E-003   148.37200694839484     
  0.58206997904481672       0.25715980980980679        1.3411443391602332E-002   4.4704811305341105E-003   154.99413581844459     
  0.47804486507682725       0.70964422711023012        1.3411443391602332E-002   4.4704811305341105E-003   61.242279762212981     
  0.37634355139120518       0.71111156291731403        1.3411443391602332E-002   4.4704811305341105E-003   21.122310588320985     
  0.94070125556917106        3.2389177180245428E-002   1.3411443391602332E-002   4.4704811305341105E-003   120.73395975883426     
  0.20084690950502260       0.47008423859075615        1.3411443391602332E-002   4.4704811305341105E-003   101.57659848011590     
  0.48630583426828117       0.70412611145497106        1.3411443391602332E-002   4.4704811305341105E-003   63.396254468793693     
  0.39261040050028057       0.99850837279810856        1.3411443391602332E-002   4.4704811305341105E-003  0.28461187714331437     
  0.46674594108884859       0.71420745319884960        1.3411443391602332E-002   4.4704811305341105E-003   112.69326275769964     
  0.20540588497303108       0.47137806686376804        1.3411443391602332E-002   4.4704811305341105E-003   108.97971048963956     
  0.22412828367936072       0.57426959437449998        1.3411443391602332E-002   4.4704811305341105E-003   89.150040226640940     
  0.64620057825221688       0.27145709676210711        1.3411443391602332E-002   4.4704811305341105E-003   95.251406698892524     
  0.45942789972048809       0.69289959982433513        1.3411443391602332E-002   4.4704811305341105E-003   55.960915141355926     
  0.56746229321732145       0.19454397407080742        1.3411443391602332E-002   4.4704811305341105E-003   132.25257115623370     
  0.59439286845086448       0.28558661137374325        1.3411443391602332E-002   4.4704811305341105E-003   38.681067384495712     
  0.46201196003075451       0.71264536265430478        1.3411443391602332E-002   4.4704811305341105E-003   95.973079307336150     
  0.34230806509492856       0.60670356394498104        1.3411443391602332E-002   4.4704811305341105E-003   168.16818213453294     
  0.98026250198945164       0.73604477560071191        1.3411443391602332E-002   4.4704811305341105E-003   166.67075910513009     
  0.36708667058106104       0.71825216600423514        1.3411443391602332E-002   4.4704811305341105E-003   90.551202064776930     
  0.65242192684938582       0.30300572744880366        1.3411443391602332E-002   4.4704811305341105E-003   25.463422063686895     
  0.99042443376859735       0.17585932652574462        1.3411443391602332E-002   4.4704811305341105E-003   15.971480584971523     
  0.86303273131114644       0.90121175165979439        1.3411443391602332E-002   4.4704811305341105E-003   83.576868073332164     
  0.29231001864132050       0.88836400034703789        1.3411443391602332E-002   4.4704811305341105E-003   166.79224106219618     
  0.28473495091935364       0.86952416913400876        1.3411443391602332E-002   4.4704811305341105E-003   90.371967095936057     
  0.55711364732721569       0.77759766077576309        1.3411443391602332E-002   4.4704811305341105E-003   58.707545150137008     
  0.59816324115567931       0.28253975198204218        1.3411443391602332E-002   4.4704811305341105E-003   51.318279726688722     
  0.50978063583985878       0.75307363317838283        1.3411443391602332E-002   4.4704811305341105E-003   79.153329354260308     
  0.89172268969012414       0.90194644060065510        1.3411443391602332E-002   4.4704811305341105E-003   169.17593561180615     
  0.53729791564226181       0.73154064534338614        1.3411443391602332E-002   4.4704811305341105E-003   154.32718408518039     
  0.55687214558222753       0.81192285404029729        1.3411443391602332E-002   4.4704811305341105E-003   38.922572914705860     
   3.8154584672560561E-002   2.1466342752278079E-002   1.3411443391602332E-002   4.4704811305341105E-003   74.473673142847730     
  0.13670221107880720       0.99891899176586008        1.3411443391602332E-002   4.4704811305341105E-003   177.76531254176592     
  0.32617715944054870       0.86660351171548167        1.3411443391602332E-002   4.4704811305341105E-003   86.128780443661796     
  0.59234490743211332       0.78214515324993727        1.3411443391602332E-002   4.4704811305341105E-003   126.89325999860945     
  0.65157871571685722       0.24054784635791535        1.3411443391602332E-002   4.4704811305341105E-003  0.76536962322711388     
  0.31150727840520515       0.85705654119275121        1.3411443391602332E-002   4.4704811305341105E-003   15.348210549959148     
   6.7510943407360885E-002  0.99179997915847207        1.3411443391602332E-002   4.4704811305341105E-003   142.24297995057574     
  0.60595837167408795       0.26565490177432372        1.3411443391602332E-002   4.4704811305341105E-003   74.375634324470880     
  0.92456025431132749        4.6963219993824315E-002   1.3411443391602332E-002   4.4704811305341105E-003   49.388022403690037     
  0.57735491511006898       0.17900080872851229        1.3411443391602332E-002   4.4704811305341105E-003   77.228936353446855     
  0.46061055802030648       0.74726676258544844        1.3411443391602332E-002   4.4704811305341105E-003   108.08526165212848     
  0.38040958499899397       0.64740826483893077        1.3411443391602332E-002   4.4704811305341105E-003   8.6539732332284380     
  0.51926064963696617       0.72954501279681772        1.3411443391602332E-002   4.4704811305341105E-003   10.781184284435934     
  0.97921401351689197       0.73107421479692480        1.3411443391602332E-002   4.4704811305341105E-003   6.7847696089677827     
  0.96802144252993905       0.98388793532705088        1.3411443391602332E-002   4.4704811305341105E-003   126.49084946407098     
  0.54780914873419839       0.73180143618588922        1.3411443391602332E-002   4.4704811305341105E-003   56.234461756622750     
  0.43959591050436914       0.71089008745835736        1.3411443391602332E-002   4.4704811305341105E-003   73.102926210848949     
  0.58011798216799992       0.30717915862615852        1.3411443391602332E-002   4.4704811305341105E-003   58.670338907502192     
  0.41331961238063081       0.70440778899354017        1.3411443391602332E-002   4.4704811305341105E-003   125.52318682659872     
  0.93487140548797676        4.2320199275974926E-002   1.3411443391602332E-002   4.4704811305341105E-003   60.208923457776443     
  0.60229966477291008       0.29574346646123895        1.3411443391602332E-002   4.4704811305341105E-003   54.217705451187094     
  0.61824384434501267       0.70768780817906518        1.3411443391602332E-002   4.4704811305341105E-003   159.31933086232416     
  0.97220621575965627       0.98837961435091226        1.3411443391602332E-002   4.4704811305341105E-003   161.67319024923307     
  0.93034256400945625        4.4334521349986437E-002   1.3411443391602332E-002   4.4704811305341105E-003   78.718522971996379     
  0.59451661226612684       0.18284899496792695        1.3411443391602332E-002   4.4704811305341105E-003   31.506000937898627     
  0.59652257187577507       0.78494753861919275        1.3411443391602332E-002   4.4704811305341105E-003   118.79621988333651     
  0.39004202220574286       0.68068970582735167        1.3411443391602332E-002   4.4704811305341105E-003   90.597119195505655     
  0.61046951754595613       0.26460941293495349        1.3411443391602332E-002   4.4704811305341105E-003   85.027282786703964     
  0.58880641500818109       0.30322301953490038        1.3411443391602332E-002   4.4704811305341105E-003   61.177181504461991     
  0.34926068566821761       0.71538241716566997        1.3411443391602332E-002   4.4704811305341105E-003   3.4208072788400825     
  0.60969977162315958       0.79019137639543291        1.3411443391602332E-002   4.4704811305341105E-003   57.257115409408954     
  0.39522227824860273       0.69880963397072593        1.3411443391602332E-002   4.4704811305341105E-003   88.694074761353789     
  0.98297651878477388       0.95133149371425429        1.3411443391602332E-002   4.4704811305341105E-003   140.10370505359728     
  0.40187471655652524       0.99196111607098958        1.3411443391602332E-002   4.4704811305341105E-003   139.45943067481338     
  0.52906289285203778       0.77768260226936203        1.3411443391602332E-002   4.4704811305341105E-003   123.52580536631545     
  0.41314663145987984       0.57740363184407173        1.3411443391602332E-002   4.4704811305341105E-003   141.87120313525739     
  0.34750085992231555       0.61562661272433394        1.3411443391602332E-002   4.4704811305341105E-003   119.13305596695736     
  0.59179476535737519       0.80387602420037096        1.3411443391602332E-002   4.4704811305341105E-003   154.04650499203834     
  0.45046623332820296       0.71607998560490915        1.3411443391602332E-002   4.4704811305341105E-003   175.49339057013310     
   3.3404317623344892E-002   2.3699083975599122E-002   1.3411443391602332E-002   4.4704811305341105E-003   59.224752058556263     
  0.41265767540900483       0.60498391514876781        1.3411443391602332E-002   4.4704811305341105E-003   96.084503699179294     
  0.38961242916860661       0.99252277912560427        1.3411443391602332E-002   4.4704811305341105E-003   136.84373870967741     
  0.35838150993475515       0.73018710184837976        1.3411443391602332E-002   4.4704811305341105E-003   1.1717593651727203     
  0.38422959527170203       0.66713563777759788        1.3411443391602332E-002   4.4704811305341105E-003   153.16355231027174     
  0.99908247726450461       0.57168458832281754        1.3411443391602332E-002   4.4704811305341105E-003   165.31345842831973     
  0.21407517675807847       0.48704003836324533        1.3411443391602332E-002   4.4704811305341105E-003   22.170506859660627     
  0.55148469579877146       0.79714838266332433        1.3411443391602332E-002   4.4704811305341105E-003   120.85066275429264     
  0.54552266068487421       0.84495164501134823        1.3411443391602332E-002   4.4704811305341105E-003   36.494471917175709     
  0.47763803333354382       0.71901953990303491        1.3411443391602332E-002   4.4704811305341105E-003   170.70033397317334     
   1.4359809003462646E-002   7.6355604383743572E-002   1.3411443391602332E-002   4.4704811305341105E-003   143.19581860683135     
  0.57286016371784831       0.18043871655692112        1.3411443391602332E-002   4.4704811305341105E-003   66.598767125697336     
  0.40392289248599333       0.55197820009953702        1.3411443391602332E-002   4.4704811305341105E-003   70.564281268959832     
  0.47283030424577199       0.73741105866388168        1.3411443391602332E-002   4.4704811305341105E-003   30.864864459034685     
  0.52430440036801917        5.5636490859078958E-003   1.3411443391602332E-002   4.4704811305341105E-003   84.303613234686949     
  0.23146768444031096       0.46854416698248175        1.3411443391602332E-002   4.4704811305341105E-003   14.116318535007100     
  0.57607734459270576       0.80910809424193220        1.3411443391602332E-002   4.4704811305341105E-003   107.56128310282185     
  0.31313079760042489       0.87450809887925496        1.3411443391602332E-002   4.4704811305341105E-003   28.931699558018952     
  0.47678168670755677       0.69195373663762472        1.3411443391602332E-002   4.4704811305341105E-003   167.09342579238168     
  0.33511791771003374       0.96061052510312894        1.3411443391602332E-002   4.4704811305341105E-003   109.62476831516487     
   4.4268551918005022E-002  0.46910334178534613        1.3411443391602332E-002   4.4704811305341105E-003   20.266953460262599     
  0.41833868850187600       0.56754443312832537        1.3411443391602332E-002   4.4704811305341105E-003   62.409686027943756     
  0.42238777053663557       0.56517916791818157        1.3411443391602332E-002   4.4704811305341105E-003   54.960794329255599     
  0.63448568343694334       0.20545930259851633        1.3411443391602332E-002   4.4704811305341105E-003   154.92189019911933     
  0.39982838620267669       0.67332940324559187        1.3411443391602332E-002   4.4704811305341105E-003   92.752953155898155     
  0.20093661577519834       0.50357839272439953        1.3411443391602332E-002   4.4704811305341105E-003   131.57261586709549     
  0.30667066575458779       0.55903360841410599        1.3411443391602332E-002   4.4704811305341105E-003   87.294306723641341     
  0.35829206765749227       0.72399284315613821        1.3411443391602332E-002   4.4704811305341105E-003   159.44898746216850     
  0.50586710468057350       0.73152511483711902        1.3411443391602332E-002   4.4704811305341105E-003   134.45627610561587     
  0.62149065246439739       0.28660486756740178        1.3411443391602332E-002   4.4704811305341105E-003   89.020175073395947     
  0.61690524769877519       0.25558520284111469        1.3411443391602332E-002   4.4704811305341105E-003   163.39202593794138     
  0.34530289288316823       0.58164923903794774        1.3411443391602332E-002   4.4704811305341105E-003   103.07271697776440     
  0.52119504895680080       0.77257869071399310        1.3411443391602332E-002   4.4704811305341105E-003   173.31500619336717     
  0.58647481843456495       0.29124832965469222        1.3411443391602332E-002   4.4704811305341105E-003   69.563285443177122     
   8.5751123659047301E-002  0.31211925062940316        1.3411443391602332E-002   4.4704811305341105E-003   44.530141518247362     
  0.56167998647748685       0.80837078755992753        1.3411443391602332E-002   4.4704811305341105E-003   75.012995251968960     
  0.86605219287893975       0.68522989595772721        1.3411443391602332E-002   4.4704811305341105E-003   60.551218505414695     
  0.65297924513626238       0.23552656678346379        1.3411443391602332E-002   4.4704811305341105E-003   19.712458346764954     
  0.38159203824110893       0.65706159334258463        1.3411443391602332E-002   4.4704811305341105E-003   158.71218641616187     
  0.47575472310540246       0.73363812980106158        1.3411443391602332E-002   4.4704811305341105E-003   45.205142038146271     
  0.58221361063548893       0.75130707602744462        1.3411443391602332E-002   4.4704811305341105E-003   34.879587416893045     
  0.38984298826091873       0.70032417813840597        1.3411443391602332E-002   4.4704811305341105E-003   58.323816252418112     
  0.63949454623132440       0.21497250144996827        1.3411443391602332E-002   4.4704811305341105E-003   148.59320153827835     
  0.57374877395202695       0.23266637702535667        1.3411443391602332E-002   4.4704811305341105E-003   130.48684667324713     
  0.32939087618401686       0.96078533228817709        1.3411443391602332E-002   4.4704811305341105E-003   76.953912989274841     
  0.31077205523020640       0.87851231623788539        1.3411443391602332E-002   4.4704811305341105E-003   37.858463325290650     
  0.59863047581896822       0.71873077609511249        1.3411443391602332E-002   4.4704811305341105E-003   79.288393891422601     
  0.59507793756365257       0.26338200150554492        1.3411443391602332E-002   4.4704811305341105E-003   170.58459278344597     
  0.86759857283222397       0.90104208012271947        1.3411443391602332E-002   4.4704811305341105E-003   89.258392445260498     
  0.61051944362514243       0.29026325211323439        1.3411443391602332E-002   4.4704811305341105E-003   44.062578977467147     
   5.6520394087436490E-002  0.82472042463161255        1.3411443391602332E-002   4.4704811305341105E-003   88.668252696190677     
  0.50936303334577249       0.73468174272648012        1.3411443391602332E-002   4.4704811305341105E-003   143.55983870317505     
  0.33522534823579825       0.72355808411627587        1.3411443391602332E-002   4.4704811305341105E-003   31.733351637998126     
  0.12334817218916812        1.7926329177506695E-003   1.3411443391602332E-002   4.4704811305341105E-003   168.37133950184293     
  0.47155461665074000       0.74284515579643740        1.3411443391602332E-002   4.4704811305341105E-003   2.6902188764275516     
  0.55005923855085792       0.84059849480080207        1.3411443391602332E-002   4.4704811305341105E-003   62.666603043517661     
  0.50723172006440420       0.67449167827126866        1.3411443391602332E-002   4.4704811305341105E-003   4.9777222085306789     
  0.43894349655732218       0.74764732634700415        1.3411443391602332E-002   4.4704811305341105E-003   117.73773507015173     
   7.0735655327174449E-002  0.99503389613397042        1.3411443391602332E-002   4.4704811305341105E-003   136.74857601296566     
  0.55378302083973552       0.81912647776050185        1.3411443391602332E-002   4.4704811305341105E-003   166.77346658648210     
   6.0109344879110661E-002  0.33313846141759307        1.3411443391602332E-002   4.4704811305341105E-003   31.858608370405456     
  0.42390285160234614       0.70208430984116910        1.3411443391602332E-002   4.4704811305341105E-003   24.492927831084859     
  0.63639808406623877       0.20997595137815309        1.3411443391602332E-002   4.4704811305341105E-003   170.21309071202401     
  0.39522117217745795       0.56515122298631371        1.3411443391602332E-002   4.4704811305341105E-003   29.061609185876527     
  0.16770504709688933       0.98464728586712613        1.3411443391602332E-002   4.4704811305341105E-003   124.44944172012737     
  0.19314892217256324       0.47457856165025136        1.3411443391602332E-002   4.4704811305341105E-003   26.494678148789198     
  0.61783919416462141       0.70236659690867198        1.3411443391602332E-002   4.4704811305341105E-003   3.8244954038327519     
  0.41745965451137890       0.68492475932840458        1.3411443391602332E-002   4.4704811305341105E-003   99.396612378401699     
  0.28437076938356459       0.90536816349744631        1.3411443391602332E-002   4.4704811305341105E-003   138.72036660892451     
  0.40506941295319038       0.57179949767321780        1.3411443391602332E-002   4.4704811305341105E-003   109.97217628668764     
  0.57900726203541963       0.23521892612109133        1.3411443391602332E-002   4.4704811305341105E-003   96.055814617659948     
  0.56126005991244365       0.76691622092172251        1.3411443391602332E-002   4.4704811305341105E-003   109.51157776102610     
  0.85744475249180263       0.90020731708970170        1.3411443391602332E-002   4.4704811305341105E-003   112.01941049362064     
  0.48254461807394516       0.68145169956850338        1.3411443391602332E-002   4.4704811305341105E-003   134.29527207678109     
  0.60035394911929219       0.76390018064793486        1.3411443391602332E-002   4.4704811305341105E-003   69.620727279345402     
  0.58670140135554982       0.78108349636884300        1.3411443391602332E-002   4.4704811305341105E-003   95.044773984842521     
  0.20613115871441201       0.49144693817785057        1.3411443391602332E-002   4.4704811305341105E-003   97.461283604711610     
  0.80531282754650024        1.7977079626214927E-002   1.3411443391602332E-002   4.4704811305341105E-003   76.764945725686928     
  0.21164317138712824       0.68238670102995636        1.3411443391602332E-002   4.4704811305341105E-003   169.70683139892321     
  0.44884660875155041       0.75271451672540046        1.3411443391602332E-002   4.4704811305341105E-003   82.720945729073208     
  0.65172132996653276       0.70715735488175147        1.3411443391602332E-002   4.4704811305341105E-003   77.824031023794163     
  0.30197975123442133       0.55847688315171962        1.3411443391602332E-002   4.4704811305341105E-003   100.08433156747770     
  0.29693208469380000       0.85433826584241657        1.3411443391602332E-002   4.4704811305341105E-003   177.72467760280605     
   8.0409955071790051E-002  0.73632303153396106        1.3411443391602332E-002   4.4704811305341105E-003   81.116650938482579     
  0.49006341095560185       0.69251536139515646        1.3411443391602332E-002   4.4704811305341105E-003   49.080296030652114     
  0.36709944228260882       0.64633041939850078        1.3411443391602332E-002   4.4704811305341105E-003   176.26512765071166     
   2.8902755648263747E-002  0.26949615011456385        1.3411443391602332E-002   4.4704811305341105E-003   115.61172433686286     
  0.32141013302146432       0.55132106634300326        1.3411443391602332E-002   4.4704811305341105E-003   91.669401370407542     
  0.99445289674317727       0.94101595507386426        1.3411443391602332E-002   4.4704811305341105E-003   112.40897518967398     
  0.33851034065849001       0.63259478811702308        1.3411443391602332E-002   4.4704811305341105E-003   161.49233797418347     
  0.36399260153771190       0.63955968841803479        1.3411443391602332E-002   4.4704811305341105E-003   123.94900805999764     
  0.12925499693011142       0.73395093696614488        1.3411443391602332E-002   4.4704811305341105E-003   97.319691574747509     
  0.28946484897060853       0.86867765443207223        1.3411443391602332E-002   4.4704811305341105E-003   74.829263754648693     
   6.4167550120781652E-002  0.35498097383631771        1.3411443391602332E-002   4.4704811305341105E-003   160.31698023129408     
  0.42416739400057785       0.59525581497632074        1.3411443391602332E-002   4.4704811305341105E-003   102.30974058216816     
  0.61429183408098631       0.75544103853220312        1.3411443391602332E-002   4.4704811305341105E-003   28.084579875082220     
  0.98535117537703398        5.2435024587478729E-002   1.3411443391602332E-002   4.4704811305341105E-003   45.563548472664145     
  0.38752327977519896       0.61369595930892817        1.3411443391602332E-002   4.4704811305341105E-003   54.232483927514956     
  0.21957968686001880       0.57456366662882374        1.3411443391602332E-002   4.4704811305341105E-003   81.988798551516638     
  0.88344755774570050       0.92866133120954464        1.3411443391602332E-002   4.4704811305341105E-003   6.0213579131827757     
   1.0789921224598350E-002  0.70116976107205342        1.3411443391602332E-002   4.4704811305341105E-003   83.522961717309215     
  0.65028105649539092       0.22428870761150890        1.3411443391602332E-002   4.4704811305341105E-003   115.80315255735425     
  0.40714168621976682       0.60570476349608149        1.3411443391602332E-002   4.4704811305341105E-003   66.012638249469049     
  0.56683614247624314       0.80771413881010179        1.3411443391602332E-002   4.4704811305341105E-003   98.370641183343054     
  0.95438329447558257       0.29222269755825303        1.3411443391602332E-002   4.4704811305341105E-003   72.179243041777795     
  0.56561495594894251       0.76810130388296627        1.3411443391602332E-002   4.4704811305341105E-003   107.85686687931099     
   1.1147178897916330E-002  0.10107254392136435        1.3411443391602332E-002   4.4704811305341105E-003   142.40130667533299     
  0.59057470872571538       0.79727893773040026        1.3411443391602332E-002   4.4704811305341105E-003   175.87285898914223     
  0.13502033676717953       0.73670157298963257        1.3411443391602332E-002   4.4704811305341105E-003   133.29274163110315     
   9.0596691580281274E-002  0.29843900399367257        1.3411443391602332E-002   4.4704811305341105E-003   10.325600258389251     
  0.59108113474330570       0.28886694991192274        1.3411443391602332E-002   4.4704811305341105E-003   46.533300232063333     
   7.1621695540200037E-002  0.31059280155827967        1.3411443391602332E-002   4.4704811305341105E-003   6.2722756211382666     
  0.38043583429339778       0.65239812037183631        1.3411443391602332E-002   4.4704811305341105E-003   172.09225740858432     
  0.99598216533334305       0.16795882233294257        1.3411443391602332E-002   4.4704811305341105E-003   44.691200255068004     
  0.96808290789866613       0.91373943782696188        1.3411443391602332E-002   4.4704811305341105E-003   152.47402102490523     
  0.59276773288747497       0.72903532338136012        1.3411443391602332E-002   4.4704811305341105E-003   27.146573071581770     
  0.39681991934404615       0.56078041839014992        1.3411443391602332E-002   4.4704811305341105E-003   23.059895454249816     
  0.77114036717976886        2.3031568890912416E-002   1.3411443391602332E-002   4.4704811305341105E-003   13.211728871332884     
   6.3559686550974048E-002  0.32923434286330899        1.3411443391602332E-002   4.4704811305341105E-003   54.758938305317322     
  0.44274820227221140       0.75021727457391862        1.3411443391602332E-002   4.4704811305341105E-003   125.72654320171826     
  0.98817100689633008        4.7294828373057853E-002   1.3411443391602332E-002   4.4704811305341105E-003   35.710364566129094     
  0.29519392745337247       0.89789818617528827        1.3411443391602332E-002   4.4704811305341105E-003   143.26539336706429     
   6.8963945728413412E-002  0.31575034839442118        1.3411443391602332E-002   4.4704811305341105E-003   39.698363645635887     
  0.55452575118298819       0.83808057270358349        1.3411443391602332E-002   4.4704811305341105E-003   53.948441388838624     
  0.32938726224849324       0.58766599881969472        1.3411443391602332E-002   4.4704811305341105E-003   150.33436559043844     
  0.58316689392396970       0.17931860135508518        1.3411443391602332E-002   4.4704811305341105E-003   111.35059179100217     
  0.45472617811409161       0.51375137344812005        1.3411443391602332E-002   4.4704811305341105E-003   56.835357368460642     
  0.59316195770001789       0.30104752219880671        1.3411443391602332E-002   4.4704811305341105E-003   64.359475777510355     
  0.55532159919819224       0.82384238308734636        1.3411443391602332E-002   4.4704811305341105E-003   156.10920014874156     
  0.60635888286726569       0.29329218049285960        1.3411443391602332E-002   4.4704811305341105E-003   67.038182191897889     
  0.62780141592060468       0.27327082322547008        1.3411443391602332E-002   4.4704811305341105E-003   176.87163594206280     
  0.97535583391684000       0.91763672456198342        1.3411443391602332E-002   4.4704811305341105E-003   86.864390507327883     
   5.9734637599225104E-003   3.7886831839076138E-002   1.3411443391602332E-002   4.4704811305341105E-003   95.253828292980543     
  0.55528128831709134       0.76639411393610657        1.3411443391602332E-002   4.4704811305341105E-003   74.891743641485363     
  0.38375016291603514       0.61739026564472455        1.3411443391602332E-002   4.4704811305341105E-003   31.525128533894033     
  0.51947789365117458       0.76798914613234504        1.3411443391602332E-002   4.4704811305341105E-003   155.92900092385909     
  0.34749039249485497       0.72876894127359082        1.3411443391602332E-002   4.4704811305341105E-003   44.379750189501230     
  0.65576836689664086       0.73061105229350609        1.3411443391602332E-002   4.4704811305341105E-003   102.30389940614427     
   6.7440852336721563E-002  0.34014984890411565        1.3411443391602332E-002   4.4704811305341105E-003   16.153245019971301     
  0.63631226165547183       0.72390997693179093        1.3411443391602332E-002   4.4704811305341105E-003   85.329136384872697     
  0.65055230117081131       0.30788512102766719        1.3411443391602332E-002   4.4704811305341105E-003   18.156038509804688     
  0.33598155553058756       0.59663716645588449        1.3411443391602332E-002   4.4704811305341105E-003   117.41246170134261     
  0.65043146124997409       0.72917899634350336        1.3411443391602332E-002   4.4704811305341105E-003   114.88581605292504     
  0.63900836118453819       0.24796252738590227        1.3411443391602332E-002   4.4704811305341105E-003   82.532993881639342     
  0.33871822388659906       0.57865003286416361        1.3411443391602332E-002   4.4704811305341105E-003   147.28951540454656     
  0.40863962711996077       0.55120471040004859        1.3411443391602332E-002   4.4704811305341105E-003   84.570846142490183     
  0.53083939779131672        8.8153813253242230E-003   1.3411443391602332E-002   4.4704811305341105E-003   136.23125757167844     
   6.5743660086896638E-002  0.35928960296351270        1.3411443391602332E-002   4.4704811305341105E-003   155.20725522312190     
  0.48230738806407675       0.70668355846196751        1.3411443391602332E-002   4.4704811305341105E-003   51.978244307055370     
  0.72667898698621347       0.37048875488994143        1.3411443391602332E-002   4.4704811305341105E-003   176.56843302809457     
  0.89620533466788854       0.90908447967123307        1.3411443391602332E-002   4.4704811305341105E-003   110.10571530646912     
  0.63409473688856122       0.24991093137740500        1.3411443391602332E-002   4.4704811305341105E-003   60.526572304431916     
   7.5442895774774837E-002  0.99833793099680113        1.3411443391602332E-002   4.4704811305341105E-003   104.85400682715267     
  0.94467565397742592        3.4762429814823990E-002   1.3411443391602332E-002   4.4704811305341105E-003   119.58587844404371     
   5.0852380184591546E-002  0.82678284393319212        1.3411443391602332E-002   4.4704811305341105E-003   51.467958353588664     
  0.35130872235177579       0.61810779214726086        1.3411443391602332E-002   4.4704811305341105E-003   125.88073157931767     
  0.62601580573615034       0.28651618438153703        1.3411443391602332E-002   4.4704811305341105E-003   84.977638440252846     
  0.59653223512133147       0.17837973954311709        1.3411443391602332E-002   4.4704811305341105E-003   24.539023266787027     
  0.64324643907554246       0.68391628639121538        1.3411443391602332E-002   4.4704811305341105E-003   61.668200479493017     
  0.44370158367372692       0.10067522403379540        1.3411443391602332E-002   4.4704811305341105E-003   166.45272188446549     
  0.60580305810553481       0.24985411739541963        1.3411443391602332E-002   4.4704811305341105E-003   68.054979820117822     
  0.99373977736037689        4.3843440660898826E-002   1.3411443391602332E-002   4.4704811305341105E-003   71.173835341947168     
  0.51056721796220284       0.73940879096724688        1.3411443391602332E-002   4.4704811305341105E-003   146.49353875520191     
  0.62760682640049115       0.25140929896035874        1.3411443391602332E-002   4.4704811305341105E-003   104.08113847318874     
  0.29726591393136087       0.55715047200487477        1.3411443391602332E-002   4.4704811305341105E-003   115.89022377304212     
  0.59512412754272104       0.76464851746117068        1.3411443391602332E-002   4.4704811305341105E-003   93.366432352060031     
  0.60797011006211410       0.73552076667832311        1.3411443391602332E-002   4.4704811305341105E-003   170.97219311848104     
  0.40767353968860154       0.68586891177826226        1.3411443391602332E-002   4.4704811305341105E-003   75.167882276824713     
  0.78418352169809502        2.3970755867025663E-002   1.3411443391602332E-002   4.4704811305341105E-003   9.5376464895437518     
   6.6555459208920781E-002  0.32067934531022979        1.3411443391602332E-002   4.4704811305341105E-003   10.846033254597913     
   4.1936385761986307E-002  0.47321798020908834        1.3411443391602332E-002   4.4704811305341105E-003   33.031993443947016     
  0.57155952675350652       0.80791158193560153        1.3411443391602332E-002   4.4704811305341105E-003   104.38286062029329     
   1.5271710092394595E-002  0.70081023209372983        1.3411443391602332E-002   4.4704811305341105E-003   80.447649256815254     
  0.34090854773313628       0.56353217356125884        1.3411443391602332E-002   4.4704811305341105E-003   7.3223918426793384     
  0.20018942041722812       0.58292718003475485        1.3411443391602332E-002   4.4704811305341105E-003   146.27097310476597     
  0.20955864672370461       0.47312139645196533        1.3411443391602332E-002   4.4704811305341105E-003   112.50428113614377     
  0.54582482848475311       0.78262538572688267        1.3411443391602332E-002   4.4704811305341105E-003   43.110874487983004     
  0.87681426995773948       0.89911699762081376        1.3411443391602332E-002   4.4704811305341105E-003   75.387878411435466     
  0.38144209741278834       0.62133681334521629        1.3411443391602332E-002   4.4704811305341105E-003   25.158262694232281     
   1.8303344619983722E-003  0.89039507609833235        1.3411443391602332E-002   4.4704811305341105E-003   109.80249533067087     
  0.59764383956515965       0.19797414087004336        1.3411443391602332E-002   4.4704811305341105E-003   34.162179993365264     
  0.59415334005677278       0.20151210712954873        1.3411443391602332E-002   4.4704811305341105E-003   52.971215923108694     
   1.8043592884247547E-002  0.12361537058890414        1.3411443391602332E-002   4.4704811305341105E-003   175.73866508378944     
  0.51925261432702630        7.4087573193999390E-003   1.3411443391602332E-002   4.4704811305341105E-003   62.818767644974876     
  0.99430431856460311       0.56299547995891330        1.3411443391602332E-002   4.4704811305341105E-003   144.05407148347976     
  0.18494739561531254        9.5775126187550817E-003   1.3411443391602332E-002   4.4704811305341105E-003   38.819627200564540     
  0.33492668745250059       0.85676072459092845        1.3411443391602332E-002   4.4704811305341105E-003   158.51600968621716     
  0.62924677806688445       0.69163359426541238        1.3411443391602332E-002   4.4704811305341105E-003   85.891319958847902     
  0.98137013156255204       0.75594370615416773        1.3411443391602332E-002   4.4704811305341105E-003   54.352903850142212     
  0.87539383951689786       0.93657676717721683        1.3411443391602332E-002   4.4704811305341105E-003   98.412036293662695     
  0.33078319315974491       0.73366751308386058        1.3411443391602332E-002   4.4704811305341105E-003   44.036498489837179     
  0.87230052497950084       0.89990179442741414        1.3411443391602332E-002   4.4704811305341105E-003   73.762598622274126     
  0.57984710096829561       0.75517049782728030        1.3411443391602332E-002   4.4704811305341105E-003   32.909353565096190     
  0.33146787757392310       0.59197134493368342        1.3411443391602332E-002   4.4704811305341105E-003   156.87169221886131     
  0.22118192785331975       0.47956129929598845        1.3411443391602332E-002   4.4704811305341105E-003   65.927168187130718     
  0.36504690019450153       0.61931770035528011        1.3411443391602332E-002   4.4704811305341105E-003   83.825790665900200     
  0.97077070444762792        5.6072987217654031E-002   1.3411443391602332E-002   4.4704811305341105E-003   103.26288999772885     
   3.7780821599012845E-002  0.82312152492425195        1.3411443391602332E-002   4.4704811305341105E-003   46.718943984531940     
  0.19758025292870129       0.50029013983312443        1.3411443391602332E-002   4.4704811305341105E-003   139.82559676988816     
  0.34147996096451361       0.60160542396560879        1.3411443391602332E-002   4.4704811305341105E-003   158.92023227211061     
  0.79503698689075153        1.8004900450388370E-002   1.3411443391602332E-002   4.4704811305341105E-003   116.04739148147765     
  0.55152071897914290       0.72646728235460001        1.3411443391602332E-002   4.4704811305341105E-003   13.001028734067269     
  0.34796249710143273       0.55295495906941150        1.3411443391602332E-002   4.4704811305341105E-003   60.063129195881032     
  0.59326866987082205       0.23768542802356751        1.3411443391602332E-002   4.4704811305341105E-003   16.127209063066410     
  0.31663065764175924       0.58405429021583477        1.3411443391602332E-002   4.4704811305341105E-003   88.837484703951446     
   2.9848461241722513E-002   9.0614974325958914E-002   1.3411443391602332E-002   4.4704811305341105E-003   23.197544440995568     
  0.41205913173693126       0.68478178639828613        1.3411443391602332E-002   4.4704811305341105E-003   72.136492169276579     
  0.39011549230680792       0.58012386793004822        1.3411443391602332E-002   4.4704811305341105E-003   1.6860703911240060     
  0.98032661191090975        5.5301879938943969E-002   1.3411443391602332E-002   4.4704811305341105E-003   78.404137262772664     
  0.84910188676523757       0.90152273881920297        1.3411443391602332E-002   4.4704811305341105E-003   46.739684438739545     
  0.42975170496344006       0.71000314645933971        1.3411443391602332E-002   4.4704811305341105E-003   110.77791011083053     
  0.32660797410966463       0.55266117119926861        1.3411443391602332E-002   4.4704811305341105E-003   114.61435488272454     
  0.36003670773557372       0.63729984763989667        1.3411443391602332E-002   4.4704811305341105E-003   117.29489655260289     
  0.45615679561007344       0.74460488585803730        1.3411443391602332E-002   4.4704811305341105E-003   129.59525841735140     
  0.62456474118041272       0.69161391578162934        1.3411443391602332E-002   4.4704811305341105E-003   95.944147275412746     
  0.17611832658835702        1.2327459437927048E-002   1.3411443391602332E-002   4.4704811305341105E-003   115.90510228785392     
  0.27703197300061855       0.87953208146827588        1.3411443391602332E-002   4.4704811305341105E-003   150.35019302822954     
  0.91797033697496289        4.9332056140876178E-002   1.3411443391602332E-002   4.4704811305341105E-003   91.682911510135710     
  0.56307409151848808       0.83385894344481892        1.3411443391602332E-002   4.4704811305341105E-003   58.535514169847133     
  0.32170779778831404       0.86719548588437256        1.3411443391602332E-002   4.4704811305341105E-003   87.385582198283615     
  0.62294350586340030       0.71598094531763112        1.3411443391602332E-002   4.4704811305341105E-003   137.96969617899609     
  0.58078774989238058       0.76956578228993300        1.3411443391602332E-002   4.4704811305341105E-003   67.431735708935705     
  0.35099081916934116       0.71033858192064991        1.3411443391602332E-002   4.4704811305341105E-003   29.115221164791791     
  0.49065097293720689       0.74390332305173246        1.3411443391602332E-002   4.4704811305341105E-003   157.67340266901951     
  0.39531980513224052       0.67279385177884288        1.3411443391602332E-002   4.4704811305341105E-003   95.780366627886707     
  0.38641129669083435       0.98898801117791879        1.3411443391602332E-002   4.4704811305341105E-003   142.84274934890342     
  0.22541318895061296       0.47646937965001163        1.3411443391602332E-002   4.4704811305341105E-003   51.296905070187911     
  0.61397960241864324       0.25072441205293833        1.3411443391602332E-002   4.4704811305341105E-003   131.44589459961296     
  0.34274706332359561       0.55845325706395754        1.3411443391602332E-002   4.4704811305341105E-003   28.467723817218250     
   8.6261021688434358E-002  0.73699003500944926        1.3411443391602332E-002   4.4704811305341105E-003   115.47419683696084     
  0.39322094075066605       0.58946209879042633        1.3411443391602332E-002   4.4704811305341105E-003   153.47947985760655     
  0.19706459953018549        1.2987783032128442E-002   1.3411443391602332E-002   4.4704811305341105E-003   174.74982420924820     
  0.46925610695615466       0.68617112984100948        1.3411443391602332E-002   4.4704811305341105E-003   12.431797644683442     
  0.59726335601615743       0.81385971795950729        1.3411443391602332E-002   4.4704811305341105E-003   157.36094304741346     
  0.59233399022978561       0.18677957263918482        1.3411443391602332E-002   4.4704811305341105E-003   28.235746096371848     
   8.2976202353786888E-002  0.31709074778965063        1.3411443391602332E-002   4.4704811305341105E-003   14.342346484353513     
  0.55882202096465372       0.83604043976415798        1.3411443391602332E-002   4.4704811305341105E-003   67.522667568142779     
  0.17668407152927287       0.98330139319576138        1.3411443391602332E-002   4.4704811305341105E-003   46.975567558046052     
  0.64660067425077106       0.22163218430157947        1.3411443391602332E-002   4.4704811305341105E-003   119.45173372928855     
  0.31782600581063092       0.84875806611625160        1.3411443391602332E-002   4.4704811305341105E-003   62.873198020375263     
  0.89191764495410319       0.92185390315619142        1.3411443391602332E-002   4.4704811305341105E-003   114.60696479333207     
  0.39871871943270537       0.68786264028154409        1.3411443391602332E-002   4.4704811305341105E-003   85.812549620897641     
  0.99262842920944716       0.17110702687675272        1.3411443391602332E-002   4.4704811305341105E-003   38.277085637930902     
  0.64728375311880526       0.68149904244065718        1.3411443391602332E-002   4.4704811305341105E-003   68.946916170412578     
  0.22871794378573718       0.47323541728871438        1.3411443391602332E-002   4.4704811305341105E-003   42.023147993705891     
  0.91228415635302185        4.6013471636483887E-002   1.3411443391602332E-002   4.4704811305341105E-003   135.28777888066173     
  0.42536650087129518       0.69711562258718329        1.3411443391602332E-002   4.4704811305341105E-003   1.4419277520214715     
   2.7098863977558590E-002   7.5586541152179818E-002   1.3411443391602332E-002   4.4704811305341105E-003   29.037860936586565     
  0.47739420662368665       0.69649653805788581        1.3411443391602332E-002   4.4704811305341105E-003   173.08504189142434     
  0.42591694538819408       0.69257461109537188        1.3411443391602332E-002   4.4704811305341105E-003   9.0522957620885016     
  0.20822073974997357       0.56056283818828667        1.3411443391602332E-002   4.4704811305341105E-003   133.90337439243993     
  0.51467265291346198       0.74207090477684712        1.3411443391602332E-002   4.4704811305341105E-003   135.30224714530203     
  0.93663298759138103        5.6933876420949298E-002   1.3411443391602332E-002   4.4704811305341105E-003   131.21857977475918     
  0.56997592495592153       0.76924526385495895        1.3411443391602332E-002   4.4704811305341105E-003   102.70268431945132     
  0.59160150883361307       0.73439544168173143        1.3411443391602332E-002   4.4704811305341105E-003  0.73479877643190328     
  0.45294601108471927       0.74109025533270312        1.3411443391602332E-002   4.4704811305341105E-003   137.55037635019124     
  0.27518943203397028       0.87510583135974873        1.3411443391602332E-002   4.4704811305341105E-003   165.44515325028368     
  0.48641261534827890       0.73457711931641112        1.3411443391602332E-002   4.4704811305341105E-003   139.65459739446635     
  0.61777036084172754       0.26989279933355587        1.3411443391602332E-002   4.4704811305341105E-003   159.80002679280088     
  0.58497672826757363       0.25129564580927471        1.3411443391602332E-002   4.4704811305341105E-003   5.8125897287713810     
  0.30697990249637341       0.57328944427063167        1.3411443391602332E-002   4.4704811305341105E-003   88.771549822567778     
   2.8782316458022254E-002   9.5517237345131553E-002   1.3411443391602332E-002   4.4704811305341105E-003   3.4071254844803085     
   9.6644371577244814E-002  0.74749390255884574        1.3411443391602332E-002   4.4704811305341105E-003   158.87920551292240     
  0.32838414051353082       0.84835194859372220        1.3411443391602332E-002   4.4704811305341105E-003   114.58643922738121     
  0.64044513916233681       0.69668521120428273        1.3411443391602332E-002   4.4704811305341105E-003   149.59004396067647     
  0.95877173212231448       0.29081712742544324        1.3411443391602332E-002   4.4704811305341105E-003   78.809502243207646     
   2.1054271602983916E-002  0.58157242603239778        1.3411443391602332E-002   4.4704811305341105E-003   67.981952529850332     
  0.58732253179723204       0.24625422925568483        1.3411443391602332E-002   4.4704811305341105E-003   28.653608195044107     
  0.34048215036690249       0.96128558941045672        1.3411443391602332E-002   4.4704811305341105E-003   91.220559103296765     
  0.39374183654159467       0.68677778540116152        1.3411443391602332E-002   4.4704811305341105E-003   105.30946959010546     
  0.60318027399829788       0.71816506191678253        1.3411443391602332E-002   4.4704811305341105E-003   86.918444718498534     
  0.22576627915755426       0.49175152988178150        1.3411443391602332E-002   4.4704811305341105E-003   59.244064002179215     
  0.29287040448221874       0.89291057697537146        1.3411443391602332E-002   4.4704811305341105E-003   171.61679823227587     
  0.57618598749475980       0.20058757484167741        1.3411443391602332E-002   4.4704811305341105E-003   132.65126172213664     
  0.14497697239172569       0.73955552991884965        1.3411443391602332E-002   4.4704811305341105E-003   84.339325404187008     
  0.88957170706070454       0.89702407637985526        1.3411443391602332E-002   4.4704811305341105E-003   7.3844869596331000     
  0.59450112578374403       0.80809091362112351        1.3411443391602332E-002   4.4704811305341105E-003   138.33316893005710     
  0.86919306218552406       0.93315121680457447        1.3411443391602332E-002   4.4704811305341105E-003   149.64685884652789     
  0.57445795840083680       0.77011345732370273        1.3411443391602332E-002   4.4704811305341105E-003   95.537944047117890     
  0.99756505243150839       0.88806558512090328        1.3411443391602332E-002   4.4704811305341105E-003   126.84416698583114     
  0.60107975682919257       0.79420407893052203        1.3411443391602332E-002   4.4704811305341105E-003   73.460353127275539     
  0.58594967684006360       0.74781487786738232        1.3411443391602332E-002   4.4704811305341105E-003   55.878062875538596     
   6.3781348645860464E-002  0.98875566967876372        1.3411443391602332E-002   4.4704811305341105E-003   131.59868070594396     
  0.35245487073084292       0.63078613683770646        1.3411443391602332E-002   4.4704811305341105E-003   18.343904419444485     
  0.57155157033378268       0.21404759625678388        1.3411443391602332E-002   4.4704811305341105E-003   31.725744110619338     
  0.80089631383456161        1.8992823076649755E-002   1.3411443391602332E-002   4.4704811305341105E-003   80.565541684427856     
  0.39903915178033184       0.98839910644602991        1.3411443391602332E-002   4.4704811305341105E-003   141.15972624769287     
  0.97918175610536773       0.72563348780826764        1.3411443391602332E-002   4.4704811305341105E-003   162.00342322364000     
  0.98905547298446739       0.75491020524322527        1.3411443391602332E-002   4.4704811305341105E-003   114.30271227738375     
  0.36056882374874993       0.62025299484380725        1.3411443391602332E-002   4.4704811305341105E-003   79.224503392624882     
  0.38537485709240904       0.68002576022535477        1.3411443391602332E-002   4.4704811305341105E-003   101.18542363623217     
  0.62712531619070078       0.71972186211806422        1.3411443391602332E-002   4.4704811305341105E-003   119.26914160902402     
   4.6584942911897124E-002  0.45785872305653752        1.3411443391602332E-002   4.4704811305341105E-003   124.84643485906861     
  0.39671328290848235       0.60604665000466340        1.3411443391602332E-002   4.4704811305341105E-003   90.814983657688600     
  0.33582313830189714       0.57485958127204717        1.3411443391602332E-002   4.4704811305341105E-003   132.74193365781747     
  0.13947577501064193       0.73919678991932236        1.3411443391602332E-002   4.4704811305341105E-003   112.18012935217052     
  0.32120869257812568       0.58381219596715894        1.3411443391602332E-002   4.4704811305341105E-003   79.960667147141237     
  0.40339478676281720       0.68725682071477745        1.3411443391602332E-002   4.4704811305341105E-003   73.086244895509793     
  0.93258431001424691       0.25128020845150545        1.3411443391602332E-002   4.4704811305341105E-003   70.175221534163654     
  0.29729889610236371       0.85900528936769904        1.3411443391602332E-002   4.4704811305341105E-003   7.2761290510983470     
  0.32299085543334144       0.84753664826155817        1.3411443391602332E-002   4.4704811305341105E-003   86.859193915748435     
  0.50469651305817198       0.75304547682177903        1.3411443391602332E-002   4.4704811305341105E-003   98.639460846248170     
  0.98105530142551922       0.91522789799086590        1.3411443391602332E-002   4.4704811305341105E-003   47.789902145341784     
  0.60874331281363847       0.71610889999074123        1.3411443391602332E-002   4.4704811305341105E-003   51.391559059630289     
  0.64182930874768263       0.72515046470058941        1.3411443391602332E-002   4.4704811305341105E-003   114.67398187764334     
  0.33639014943076728       0.86136817586540326        1.3411443391602332E-002   4.4704811305341105E-003   168.60185831047500     
  0.21285234262554437       0.68675475494033800        1.3411443391602332E-002   4.4704811305341105E-003   164.20554945616595     
   4.0455459277899966E-002   9.0420848288471120E-002   1.3411443391602332E-002   4.4704811305341105E-003   131.10436792130176     
  0.40435655728841863       0.89151846230642873        1.3411443391602332E-002   4.4704811305341105E-003   5.7263355407578000     
  0.50227397462333034       0.68275971831054572        1.3411443391602332E-002   4.4704811305341105E-003   48.090945852794611     
  0.53658764193627384       0.78493157910097366        1.3411443391602332E-002   4.4704811305341105E-003   125.29025729474178     
  0.21058941069165563       0.56640725206903941        1.3411443391602332E-002   4.4704811305341105E-003   173.74612630061844     
  0.58451893322258253       0.30521354148123747        1.3411443391602332E-002   4.4704811305341105E-003   67.590531058467477     
  0.93345121887659899        5.3629247169973276E-002   1.3411443391602332E-002   4.4704811305341105E-003   138.36844027150292     
   2.4045735357160244E-002  0.28016101927694309        1.3411443391602332E-002   4.4704811305341105E-003   137.09436943220038     
   2.7151784042467413E-002  0.10023974822765418        1.3411443391602332E-002   4.4704811305341105E-003   22.648087898775671     
  0.40129253428148254       0.60654280344881373        1.3411443391602332E-002   4.4704811305341105E-003   100.26898062059809     
  0.51796757016243866       0.76287371191646036        1.3411443391602332E-002   4.4704811305341105E-003   168.79959591499764     
   4.7350775852163969E-002  0.82984857931700162        1.3411443391602332E-002   4.4704811305341105E-003   47.768264574372530     
  0.99682077646445177       0.56684449550795812        1.3411443391602332E-002   4.4704811305341105E-003   139.51401632427749     
  0.53422966621852941       0.72737742830025309        1.3411443391602332E-002   4.4704811305341105E-003   131.26201358287165     
  0.94729839520581083        2.1357068849355915E-002   1.3411443391602332E-002   4.4704811305341105E-003   15.095876923133369     
  0.62015230883138739       0.71232142571379642        1.3411443391602332E-002   4.4704811305341105E-003   147.43399201025701     
  0.60487340894732600       0.76170408935679790        1.3411443391602332E-002   4.4704811305341105E-003   56.082595352558535     
