  0.26807163366400116       0.84047390544023792        3.5843590166778162E-002   1.1947863388926054E-002   78.250257601622451     
  0.34282949654607797        1.5889156968606408E-002   3.5843590166778162E-002   1.1947863388926054E-002   133.80123459156832     
  0.12349603488766379       0.35851731541620607        3.5843590166778162E-002   1.1947863388926054E-002   107.02676041669895     
  0.24891534524489503       0.54810127411837639        3.5843590166778162E-002   1.1947863388926054E-002   129.98930832445214     
  0.50897479209250640        4.5664197296425117E-002   3.5843590166778162E-002   1.1947863388926054E-002   92.909372661866556     
   7.6701378226101929E-002  0.99660156643668607        3.5843590166778162E-002   1.1947863388926054E-002   52.036814877357919     
  0.88432770471422606       0.38823491758989553        3.5843590166778162E-002   1.1947863388926054E-002   151.14503244465575     
  0.48069784801289434       0.60437967494419920        3.5843590166778162E-002   1.1947863388926054E-002   69.090129029080728     
  0.58241504037819447       0.63448401321699288        3.5843590166778162E-002   1.1947863388926054E-002   101.99164488901840     
   8.2799316959322675E-003  0.44777021831297592        3.5843590166778162E-002   1.1947863388926054E-002   39.794795349499957     
  0.50625873617082739       0.67553917238114758        3.5843590166778162E-002   1.1947863388926054E-002   41.694986871245263     
   3.3916694505304261E-002  0.58593670768116246        3.5843590166778162E-002   1.1947863388926054E-002   17.271442165864904     
  0.23954237735323539       0.17839159827979889        3.5843590166778162E-002   1.1947863388926054E-002   158.84475547671514     
   6.2154607885177633E-002  0.95097743933401391        3.5843590166778162E-002   1.1947863388926054E-002   42.059355862226923     
  0.49640006470175041       0.78036511472420100        3.5843590166778162E-002   1.1947863388926054E-002   135.95519583192262     
  0.17149584340951224       0.77712706062658088        3.5843590166778162E-002   1.1947863388926054E-002   84.013167076101155     
  0.90084817939069828       0.73885756498767119        3.5843590166778162E-002   1.1947863388926054E-002   12.686914269992949     
  0.93837300956328673       0.89884064329848790        3.5843590166778162E-002   1.1947863388926054E-002   139.23634719806236     
  0.42421095728214964       0.62416365918305439        3.5843590166778162E-002   1.1947863388926054E-002   82.461709335793415     
  0.56707757283835192        9.0210745510437881E-002   3.5843590166778162E-002   1.1947863388926054E-002   136.26654518798756     
  0.97317901978210486       0.98912480112944323        3.5843590166778162E-002   1.1947863388926054E-002   47.892137339958765     
  0.21394221586412207       0.41938195040468412        3.5843590166778162E-002   1.1947863388926054E-002   27.151306563923626     
  0.17813573184930162       0.64774031281051003        3.5843590166778162E-002   1.1947863388926054E-002   61.516140752179517     
  0.18016673778843725       0.40753879218488248        3.5843590166778162E-002   1.1947863388926054E-002   168.36635589187046     
  0.63118088741338596       0.60173562574357153        3.5843590166778162E-002   1.1947863388926054E-002   120.19446630800591     
  0.52380721314098089        5.1277690015468162E-002   3.5843590166778162E-002   1.1947863388926054E-002   122.92926627653075     
  0.18600336118630131       0.49308137532146956        3.5843590166778162E-002   1.1947863388926054E-002   107.41093474879371     
  0.95664868246373636       0.95684325034480788        3.5843590166778162E-002   1.1947863388926054E-002   75.975665606759293     
  0.15732477485851659       0.16917428288584158        3.5843590166778162E-002   1.1947863388926054E-002   137.91268143876357     
  0.17239302939428366       0.49191497619744934        3.5843590166778162E-002   1.1947863388926054E-002   122.76679688840068     
  0.36648159220352150       0.23147937237288765        3.5843590166778162E-002   1.1947863388926054E-002   97.916536464777593     
  0.31087839326351396       0.21332276293812030        3.5843590166778162E-002   1.1947863388926054E-002   158.47385549371958     
  0.24775701548589044       0.42691732333318844        3.5843590166778162E-002   1.1947863388926054E-002   146.49736500195044     
  0.35957745713064326       0.45391551603727848        3.5843590166778162E-002   1.1947863388926054E-002   16.781336818083016     
  0.76416801457108219       0.23299627629819628        3.5843590166778162E-002   1.1947863388926054E-002   18.197508350847386     
  0.99658404567993930       0.33957208381534915        3.5843590166778162E-002   1.1947863388926054E-002   156.51870647030418     
  0.35374544994938395       0.94265396340963581        3.5843590166778162E-002   1.1947863388926054E-002   128.29409643448804     
  0.22628410282343217       0.46215359188779731        3.5843590166778162E-002   1.1947863388926054E-002   67.763171653901026     
  0.48137701214402406       0.86420702310124697        3.5843590166778162E-002   1.1947863388926054E-002   179.36765582428814     
   6.7310803666207106E-002   4.7856436761752729E-003   3.5843590166778162E-002   1.1947863388926054E-002   50.134955471368144     
  0.10154809725525238        9.6857178852739548E-002   3.5843590166778162E-002   1.1947863388926054E-002   132.74208993538173     
  0.65920047259214820       0.24975743630552275        3.5843590166778162E-002   1.1947863388926054E-002   98.214642607953692     
  0.10103801524656814       0.81819106856205415        3.5843590166778162E-002   1.1947863388926054E-002   71.775506355761564     
  0.15540360298934006       0.23454359570064282        3.5843590166778162E-002   1.1947863388926054E-002   61.620908315888244     
  0.30256361701150092        7.6427146449726188E-002   3.5843590166778162E-002   1.1947863388926054E-002   100.95710629869907     
  0.65006454398742830       0.93322134592450257        3.5843590166778162E-002   1.1947863388926054E-002   140.48116614012937     
  0.97814582350017154       0.28395550595793773        3.5843590166778162E-002   1.1947863388926054E-002   118.67866035186971     
  0.65831792684627599       0.20614335743894383        3.5843590166778162E-002   1.1947863388926054E-002   157.20216634691886     
   6.1604916093556603E-002  0.61733109128628483        3.5843590166778162E-002   1.1947863388926054E-002   35.705091745328531     
  0.58645503290008205       0.44351467363713476        3.5843590166778162E-002   1.1947863388926054E-002   111.64515430821952     
   5.3789117174257974E-002  0.90988380290018112        3.5843590166778162E-002   1.1947863388926054E-002   45.371191108855996     
  0.53538118904241216       0.71102541728807589        3.5843590166778162E-002   1.1947863388926054E-002  0.96405874888645826     
   9.5676479735934239E-002  0.49501030073817404        3.5843590166778162E-002   1.1947863388926054E-002   167.24261182459165     
  0.33258041193212151       0.66422784052219430        3.5843590166778162E-002   1.1947863388926054E-002   100.12569754881984     
   4.1904630755888378E-002  0.13774327526091842        3.5843590166778162E-002   1.1947863388926054E-002   151.80405150486359     
  0.32914025945217307       0.69904178607894907        3.5843590166778162E-002   1.1947863388926054E-002   102.33520809933201     
  0.93789545245376627       0.39105598155120153        3.5843590166778162E-002   1.1947863388926054E-002   31.499574621656837     
  0.32876307138034061       0.75437595111930389        3.5843590166778162E-002   1.1947863388926054E-002   77.895510970902833     
  0.17584958615725418       0.58031604420773830        3.5843590166778162E-002   1.1947863388926054E-002   24.844146460412276     
   1.2371553957881355E-002  0.67362450778958327        3.5843590166778162E-002   1.1947863388926054E-002   69.370955369449774     
  0.45597589106417830       0.98363329041070247        3.5843590166778162E-002   1.1947863388926054E-002   30.572306833297979     
   3.7116663946868945E-002  0.34006297998801543        3.5843590166778162E-002   1.1947863388926054E-002   11.655378954581549     
  0.28749748758845334       0.79129878389907959        3.5843590166778162E-002   1.1947863388926054E-002   92.120013102051388     
  0.77284824441000077       0.58034166926020125        3.5843590166778162E-002   1.1947863388926054E-002   133.93895734884373     
  0.73575703545443150       0.70467691423481682        3.5843590166778162E-002   1.1947863388926054E-002   95.268108033476949     
  0.13035610079086357        2.6598912201695551E-002   3.5843590166778162E-002   1.1947863388926054E-002   96.411866578510342     
  0.63251866479368724       0.42041740203425937        3.5843590166778162E-002   1.1947863388926054E-002   157.53286485876583     
  0.46136613182999719        2.9240939108882608E-002   3.5843590166778162E-002   1.1947863388926054E-002   156.14778746713972     
  0.70862080412238160       0.99044477576593593        3.5843590166778162E-002   1.1947863388926054E-002   62.569439173164930     
  0.96519251187146771       0.73119862224917553        3.5843590166778162E-002   1.1947863388926054E-002   21.507590275558258     
  0.43631141500890441       0.15662579536236074        3.5843590166778162E-002   1.1947863388926054E-002   50.875738549715734     
  0.87716312959950782       0.84588407908943586        3.5843590166778162E-002   1.1947863388926054E-002   173.86427309897877     
  0.18090770796573366       0.42219333455961316        3.5843590166778162E-002   1.1947863388926054E-002   178.49226905817301     
  0.42622265290747657       0.25802600214732430        3.5843590166778162E-002   1.1947863388926054E-002   158.98706083414154     
  0.57471750564424573       0.26452951061228636        3.5843590166778162E-002   1.1947863388926054E-002   161.34139663075035     
  0.25896777692852263       0.22329117904980453        3.5843590166778162E-002   1.1947863388926054E-002   46.981242035704469     
  0.63810598147206021       0.86722600212273204        3.5843590166778162E-002   1.1947863388926054E-002   167.40007966920118     
  0.49808626300134484       0.40795736733053600        3.5843590166778162E-002   1.1947863388926054E-002   142.69923300828540     
  0.69337042255121217       0.86680485434180476        3.5843590166778162E-002   1.1947863388926054E-002   163.77933756902056     
  0.98687902795681981       0.87002054893428560        3.5843590166778162E-002   1.1947863388926054E-002   23.842355313990357     
  0.27008588848723630       0.11855344696734246        3.5843590166778162E-002   1.1947863388926054E-002   61.891438650792601     
  0.38047618516873394       0.92178211647418262        3.5843590166778162E-002   1.1947863388926054E-002   51.269072092776717     
   8.8338185338650718E-002   8.9474649894694086E-002   3.5843590166778162E-002   1.1947863388926054E-002   112.03905449403432     
  0.10525740735445062       0.52074750367566003        3.5843590166778162E-002   1.1947863388926054E-002   147.08808120246366     
  0.14214169318118608       0.94330184949375384        3.5843590166778162E-002   1.1947863388926054E-002   139.69426150760250     
  0.62185252027690696       0.12439407658977365        3.5843590166778162E-002   1.1947863388926054E-002   140.80466461619199     
  0.53836823208994478       0.12467856560287974        3.5843590166778162E-002   1.1947863388926054E-002   40.352648917574044     
  0.96792489139836901       0.54279857865864523        3.5843590166778162E-002   1.1947863388926054E-002   88.719750227024207     
   6.9590180680225308E-002  0.14221967500305455        3.5843590166778162E-002   1.1947863388926054E-002   69.636469952575837     
  0.24306844872271485       0.98745821837032155        3.5843590166778162E-002   1.1947863388926054E-002   160.11359950045866     
  0.64009334953690700       0.47480791561473773        3.5843590166778162E-002   1.1947863388926054E-002   70.016581408404463     
  0.65984972337597347        4.3155180053644916E-002   3.5843590166778162E-002   1.1947863388926054E-002   123.67191506182438     
  0.37323403061975591       0.98935036034652757        3.5843590166778162E-002   1.1947863388926054E-002   130.51120090249557     
  0.31226241939636284       0.34578837347800490        3.5843590166778162E-002   1.1947863388926054E-002   52.982904967408118     
  0.45683321026887869       0.40599343744988659        3.5843590166778162E-002   1.1947863388926054E-002   80.153157442351045     
  0.88738814668677035       0.75710309325594061        3.5843590166778162E-002   1.1947863388926054E-002   70.428859361192679     
   2.6321204226818530E-002  0.12386714501084470        3.5843590166778162E-002   1.1947863388926054E-002   97.688187564488487     
  0.47318844786892555       0.84828378692753004        3.5843590166778162E-002   1.1947863388926054E-002   138.01985011048953     
  0.61583570593317738       0.95791176230075481        3.5843590166778162E-002   1.1947863388926054E-002   132.78166258076266     
  0.39885075117580193       0.84621308123948280        3.5843590166778162E-002   1.1947863388926054E-002   111.23023183437516     
  0.45669241590940762       0.34185467947316550        3.5843590166778162E-002   1.1947863388926054E-002   159.33816177292903     
  0.61730809915449880        3.6956129930982087E-002   3.5843590166778162E-002   1.1947863388926054E-002   126.80953960973343     
  0.82690123000315885       0.30733159589821496        3.5843590166778162E-002   1.1947863388926054E-002   130.25852816760303     
  0.14292964323140547       0.41556644525177461        3.5843590166778162E-002   1.1947863388926054E-002   153.45728273986327     
  0.82572204533385996       0.65618200132726845        3.5843590166778162E-002   1.1947863388926054E-002   42.228593533826270     
  0.11196470564963090       0.35423974923792029        3.5843590166778162E-002   1.1947863388926054E-002   115.51443729327394     
  0.77336391799645865       0.50908152460169498        3.5843590166778162E-002   1.1947863388926054E-002   104.47893980504473     
   7.3085081862393750E-002  0.68068661334075731        3.5843590166778162E-002   1.1947863388926054E-002   127.65434575761640     
   8.1811193641935800E-002  0.57047412182092594        3.5843590166778162E-002   1.1947863388926054E-002   39.589885294968383     
  0.47364352394289472       0.39997401552772777        3.5843590166778162E-002   1.1947863388926054E-002   70.365980321359032     
  0.55325344089355821       0.41285565768171828        3.5843590166778162E-002   1.1947863388926054E-002   160.45997332390294     
  0.24850063171356623       0.23289545870429151        3.5843590166778162E-002   1.1947863388926054E-002   64.771413042009868     
  0.43319165521670072       0.49582962862351393        3.5843590166778162E-002   1.1947863388926054E-002   144.70401980254874     
  0.44071857321119939       0.43534235613964900        3.5843590166778162E-002   1.1947863388926054E-002   150.23546895269064     
  0.90548953598673010       0.50535833360093818        3.5843590166778162E-002   1.1947863388926054E-002   160.75870071746854     
  0.28518078946262637       0.82275965863026101        3.5843590166778162E-002   1.1947863388926054E-002   10.535954186951791     
  0.61344748773449354       0.67571754949364116        3.5843590166778162E-002   1.1947863388926054E-002   104.13360167171628     
  0.94723676495027032       0.99449212180749835        3.5843590166778162E-002   1.1947863388926054E-002   100.15965582503506     
  0.26828538491880599        4.2069093555334447E-002   3.5843590166778162E-002   1.1947863388926054E-002   47.645344959271291     
  0.42187427092123897       0.48225582506198711        3.5843590166778162E-002   1.1947863388926054E-002   171.37519992999361     
  0.97329011220934780       0.76339276017425051        3.5843590166778162E-002   1.1947863388926054E-002   76.309171191546852     
  0.11955991961011207       0.91893312717652287        3.5843590166778162E-002   1.1947863388926054E-002   134.35058445823364     
  0.71283686698259685       0.94831049657953614        3.5843590166778162E-002   1.1947863388926054E-002   36.767912007762362     
  0.57940728815278553       0.84749781295824289        3.5843590166778162E-002   1.1947863388926054E-002   38.517363908223786     
  0.98231545329217906        9.7882512484653642E-002   3.5843590166778162E-002   1.1947863388926054E-002   91.266807724339259     
  0.11875009975472918       0.78685107261817899        3.5843590166778162E-002   1.1947863388926054E-002   11.911416233969099     
  0.38951516364440486       0.94818355862181691        3.5843590166778162E-002   1.1947863388926054E-002   57.133826429897567     
  0.40945184129186668       0.79851261483352354        3.5843590166778162E-002   1.1947863388926054E-002   133.79346377632785     
  0.30952381765904652       0.97505438333440198        3.5843590166778162E-002   1.1947863388926054E-002   145.88966815644960     
   7.9334171363425215E-002  0.18654475885604480        3.5843590166778162E-002   1.1947863388926054E-002   107.32863624879815     
  0.31906279125802905       0.58875972439320512        3.5843590166778162E-002   1.1947863388926054E-002   39.798878731860171     
  0.80948898417096593       0.33163249386474908        3.5843590166778162E-002   1.1947863388926054E-002   48.916033844399671     
  0.22396291328447296       0.33699877806762102        3.5843590166778162E-002   1.1947863388926054E-002   164.26454216357604     
  0.72463488218045757       0.60593342744326972        3.5843590166778162E-002   1.1947863388926054E-002   160.95286679174458     
  0.65877205757880775       0.43670277012120112        3.5843590166778162E-002   1.1947863388926054E-002   11.147261524115331     
  0.10444290958386843       0.85607842240865473        3.5843590166778162E-002   1.1947863388926054E-002   88.449651135001488     
  0.55567876970512420       0.47538145259962561        3.5843590166778162E-002   1.1947863388926054E-002   147.54083913516780     
  0.68297852254807090       0.80742351170129933        3.5843590166778162E-002   1.1947863388926054E-002   71.320409000494877     
  0.38760699701802559       0.56157414384154236        3.5843590166778162E-002   1.1947863388926054E-002   167.70278339029130     
  0.40997496936988875       0.86874763259697396        3.5843590166778162E-002   1.1947863388926054E-002   177.46399239191754     
  0.96271806977450969       0.24441096904627629        3.5843590166778162E-002   1.1947863388926054E-002   28.449127752415766     
  0.79570160098256726        7.0794302096741063E-002   3.5843590166778162E-002   1.1947863388926054E-002   169.14035347030966     
  0.89812958869329118       0.24906782984045769        3.5843590166778162E-002   1.1947863388926054E-002   83.027777362550182     
  0.48668886582934368       0.92445927387843607        3.5843590166778162E-002   1.1947863388926054E-002   159.93540003337387     
  0.86168816277410620       0.90690309198691865        3.5843590166778162E-002   1.1947863388926054E-002   125.31433270555839     
  0.51597568141193928       0.44507185950471151        3.5843590166778162E-002   1.1947863388926054E-002   121.94963588482656     
  0.32654532948108689       0.53750736889266693        3.5843590166778162E-002   1.1947863388926054E-002   28.816002770727607     
  0.47427931572320103       0.54578664384704623        3.5843590166778162E-002   1.1947863388926054E-002   1.3321300864829939     
  0.18501937982004474       0.69507541481553770        3.5843590166778162E-002   1.1947863388926054E-002   72.759763712333481     
  0.79844198934389921       0.70189836097393699        3.5843590166778162E-002   1.1947863388926054E-002   78.966116069173367     
  0.44354805871650738       0.86354515464138681        3.5843590166778162E-002   1.1947863388926054E-002  0.20387527618063928     
  0.15986800823373973       0.98731439728493686        3.5843590166778162E-002   1.1947863388926054E-002   156.90955683859639     
  0.39979005964707459       0.24935485260292456        3.5843590166778162E-002   1.1947863388926054E-002   66.886842741110186     
  0.79722674858312281       0.22946087834886766        3.5843590166778162E-002   1.1947863388926054E-002   145.60116108860760     
  0.56998559014930672       0.52358630434609077        3.5843590166778162E-002   1.1947863388926054E-002   103.59890106013350     
  0.62453303909176416       0.78976011354953490        3.5843590166778162E-002   1.1947863388926054E-002   6.1792004505321563     
   6.3229534733044851E-002   9.3242776606984726E-002   3.5843590166778162E-002   1.1947863388926054E-002   54.754097132756499     
  0.12751208843594766       0.31121635809543213        3.5843590166778162E-002   1.1947863388926054E-002   78.800184818923327     
  0.88809418134612961       0.44260143266332530        3.5843590166778162E-002   1.1947863388926054E-002   24.878906505278799     
  0.49997560749665210       0.85287421113859463        3.5843590166778162E-002   1.1947863388926054E-002   8.7920905590652012     
  0.38670559036570062       0.10453057603869269        3.5843590166778162E-002   1.1947863388926054E-002   65.951267678690016     
  0.69895933497322671       0.56757906754254972        3.5843590166778162E-002   1.1947863388926054E-002   140.00859812588004     
  0.62828210899791648       0.97353561634022434        3.5843590166778162E-002   1.1947863388926054E-002   173.66100953947091     
  0.22837679014169945       0.39309383395786363        3.5843590166778162E-002   1.1947863388926054E-002   152.11906156042602     
  0.98149376582613068       0.16354650032013190        3.5843590166778162E-002   1.1947863388926054E-002   89.843341086843978     
  0.88656747926065071       0.79818876901521485        3.5843590166778162E-002   1.1947863388926054E-002   39.004931553927804     
   9.2230787025839506E-002  0.22635026490605797        3.5843590166778162E-002   1.1947863388926054E-002   55.218058886721259     
  0.37271254514691482       0.89106436078155593        3.5843590166778162E-002   1.1947863388926054E-002   75.466545207498754     
  0.25272083971269577        1.2677404678872193E-002   3.5843590166778162E-002   1.1947863388926054E-002   175.82329572340478     
  0.63355264314471615       0.37325577889475342        3.5843590166778162E-002   1.1947863388926054E-002   69.220068841104336     
  0.97426169356901382       0.49688534921871608        3.5843590166778162E-002   1.1947863388926054E-002   167.22107723997513     
  0.58840168113288260       0.16800628316445265        3.5843590166778162E-002   1.1947863388926054E-002   117.76930982055670     
  0.85324577104446275        3.0236726966792797E-002   3.5843590166778162E-002   1.1947863388926054E-002   18.137787518423021     
   7.7646274585340194E-003  0.59836980829605380        3.5843590166778162E-002   1.1947863388926054E-002   111.01745877926423     
  0.40472238808935646       0.63483833022272995        3.5843590166778162E-002   1.1947863388926054E-002   61.512994826121513     
  0.21006910452458019       0.77750175625908802        3.5843590166778162E-002   1.1947863388926054E-002   50.563310586326473     
  0.81989303203856012       0.70814483706415110        3.5843590166778162E-002   1.1947863388926054E-002   132.50768393611216     
  0.29001752724144314       0.52959098216701161        3.5843590166778162E-002   1.1947863388926054E-002   21.754336136448462     
  0.58739573614776963       0.22888414094493997        3.5843590166778162E-002   1.1947863388926054E-002   47.661644139205912     
  0.32977387027122340       0.87809803231360128        3.5843590166778162E-002   1.1947863388926054E-002   12.593305438724796     
  0.54875450408402082       0.87030026567526975        3.5843590166778162E-002   1.1947863388926054E-002   86.471924004197831     
  0.77247293557431496       0.73632639393598309        3.5843590166778162E-002   1.1947863388926054E-002   80.546064414510255     
  0.37295577429215515       0.75185382805978229        3.5843590166778162E-002   1.1947863388926054E-002   121.92166311705549     
  0.89904823298374581       0.79035347685366586        3.5843590166778162E-002   1.1947863388926054E-002   62.831223023195733     
  0.64158626312218880       0.85005797343834633        3.5843590166778162E-002   1.1947863388926054E-002   23.097315904112460     
  0.47923697489502420       0.90867340129246166        3.5843590166778162E-002   1.1947863388926054E-002   141.71367405222836     
  0.29242365648128199       0.36617583412861310        3.5843590166778162E-002   1.1947863388926054E-002   40.120245448882173     
  0.16700636761178178        5.1891135863193404E-002   3.5843590166778162E-002   1.1947863388926054E-002   63.706763744854804     
  0.24844984250061056       0.95041537494638373        3.5843590166778162E-002   1.1947863388926054E-002   4.7309822878490637     
   2.8903530768596156E-002  0.87747232648364537        3.5843590166778162E-002   1.1947863388926054E-002   148.89597642755041     
  0.97067689481242425        1.7561960834477308E-002   3.5843590166778162E-002   1.1947863388926054E-002   100.86156364960267     
  0.14502745021979541       0.89044934221931527        3.5843590166778162E-002   1.1947863388926054E-002   54.826387499805051     
  0.87441947734683256       0.68999107079188238        3.5843590166778162E-002   1.1947863388926054E-002   121.90547096145573     
  0.45227742368311014       0.66685123693276460        3.5843590166778162E-002   1.1947863388926054E-002   68.193724730036507     
  0.15436003224678235       0.75633237024204458        3.5843590166778162E-002   1.1947863388926054E-002   177.32867950873347     
  0.86873367630907350       0.82420744734179840        3.5843590166778162E-002   1.1947863388926054E-002   31.937864279476209     
  0.72067977709967690       0.90345706037473517        3.5843590166778162E-002   1.1947863388926054E-002   136.14436365793034     
   4.0270422316615422E-002   1.4981542427661018E-002   3.5843590166778162E-002   1.1947863388926054E-002   120.45495642287251     
  0.50615470641291227       0.13319597427469626        3.5843590166778162E-002   1.1947863388926054E-002   123.82432476969790     
   4.5282881298819980E-002  0.39552119846699973        3.5843590166778162E-002   1.1947863388926054E-002   15.389467200778757     
  0.88248615615900117       0.60402034970558871        3.5843590166778162E-002   1.1947863388926054E-002   176.57698923351433     
  0.18606958148481112       0.78164946186254192        3.5843590166778162E-002   1.1947863388926054E-002   115.84335030228121     
  0.19844668168632237       0.90361938240020501        3.5843590166778162E-002   1.1947863388926054E-002   26.632842303389495     
  0.83258114404926986       0.52713719678667414        3.5843590166778162E-002   1.1947863388926054E-002   95.032512328477367     
  0.25365531889754445       0.47361379658871416        3.5843590166778162E-002   1.1947863388926054E-002   170.19716838689490     
  0.36177496909188051       0.61520778895600192        3.5843590166778162E-002   1.1947863388926054E-002   56.100257543391500     
  0.38194180806992278       0.20221245698622375        3.5843590166778162E-002   1.1947863388926054E-002   107.68839569739701     
  0.43879749541395735       0.92891229691883848        3.5843590166778162E-002   1.1947863388926054E-002   144.04728279659480     
  0.93250907487432533       0.59947482688967990        3.5843590166778162E-002   1.1947863388926054E-002   132.76736742920531     
  0.49619746580230611       0.94312164397761111        3.5843590166778162E-002   1.1947863388926054E-002   132.03317256822234     
  0.27176835946260458       0.69314070382959747        3.5843590166778162E-002   1.1947863388926054E-002   8.0680163478392117     
  0.80864749466519048       0.74139650623435527        3.5843590166778162E-002   1.1947863388926054E-002   89.553605455232997     
  0.86212207607330660       0.41755761674978686        3.5843590166778162E-002   1.1947863388926054E-002   65.496961909691692     
  0.39041313267474670       0.64174954107544746        3.5843590166778162E-002   1.1947863388926054E-002   66.514061588419253     
  0.23546235753940348       0.97310172978950427        3.5843590166778162E-002   1.1947863388926054E-002   127.99589735369723     
  0.95035144227799462       0.60332200434243888        3.5843590166778162E-002   1.1947863388926054E-002   86.802214818395797     
  0.80153254445893152       0.64530724688233621        3.5843590166778162E-002   1.1947863388926054E-002   145.54881630705177     
   9.0594534781432590E-002  0.29125096542208800        3.5843590166778162E-002   1.1947863388926054E-002   114.98574184011112     
  0.81690380482635905       0.94094019308589849        3.5843590166778162E-002   1.1947863388926054E-002   54.448293741841319     
  0.50356632081847863       0.64186743341916808        3.5843590166778162E-002   1.1947863388926054E-002   157.31594046408077     
  0.96769913949744157       0.48225622932346457        3.5843590166778162E-002   1.1947863388926054E-002   130.76396758432372     
  0.64834324477982330       0.63019658641298426        3.5843590166778162E-002   1.1947863388926054E-002   15.927907222123871     
  0.93492714527103826       0.47856901620966324        3.5843590166778162E-002   1.1947863388926054E-002   54.301094393754845     
  0.65266761456480338       0.50737586924291389        3.5843590166778162E-002   1.1947863388926054E-002   36.938766977654396     
   8.9130323095670580E-002  0.55632926276420047        3.5843590166778162E-002   1.1947863388926054E-002   32.918266701070905     
  0.75653114394764565       0.10720563543741919        3.5843590166778162E-002   1.1947863388926054E-002   27.641775201098476     
  0.83828442749520382       0.47564647906647978        3.5843590166778162E-002   1.1947863388926054E-002   53.182316653894681     
  0.34151885194196480       0.75208376232012886        3.5843590166778162E-002   1.1947863388926054E-002   70.692726964541606     
  0.66426452237083777       0.13467984278355891        3.5843590166778162E-002   1.1947863388926054E-002   19.906060919871170     
   1.4696599073780545E-002  0.23304043487475015        3.5843590166778162E-002   1.1947863388926054E-002   83.395510845872764     
  0.35094153774904896       0.71101025663941819        3.5843590166778162E-002   1.1947863388926054E-002   101.25878317793669     
  0.63271431661244337       0.75712295103587746        3.5843590166778162E-002   1.1947863388926054E-002   45.758498166442081     
   8.2899747397714107E-002  0.76043188213282209        3.5843590166778162E-002   1.1947863388926054E-002   9.7860526779268291     
  0.18168896675750976       0.55154932753369179        3.5843590166778162E-002   1.1947863388926054E-002   3.7174205467946577     
  0.42591698470641243       0.51591353576240673        3.5843590166778162E-002   1.1947863388926054E-002  0.14832718768519726     
  0.21035115794284440       0.48581186666312487        3.5843590166778162E-002   1.1947863388926054E-002   30.174694942938661     
  0.70013539910442246       0.66302822315775667        3.5843590166778162E-002   1.1947863388926054E-002   104.71723998871884     
   8.2044048684049228E-002  0.94162111315441133        3.5843590166778162E-002   1.1947863388926054E-002   89.247823405808305     
  0.86511259485150682        9.6787761003398656E-002   3.5843590166778162E-002   1.1947863388926054E-002   14.057044136965995     
  0.86743582471021019       0.99525636395450345        3.5843590166778162E-002   1.1947863388926054E-002   1.6877208556776275     
  0.93698029990055454       0.32179913293177215        3.5843590166778162E-002   1.1947863388926054E-002   36.833008160724162     
  0.77094675510070598       0.79139909342957926        3.5843590166778162E-002   1.1947863388926054E-002   148.46917458920731     
  0.40322030020311966       0.70722982118844069        3.5843590166778162E-002   1.1947863388926054E-002   34.116821144441978     
  0.33397933428123283       0.13229200099874591        3.5843590166778162E-002   1.1947863388926054E-002   137.57916159402987     
  0.93156949462502270       0.42980283248131962        3.5843590166778162E-002   1.1947863388926054E-002   62.344898411685769     
  0.58308592896132416       0.76214476954470789        3.5843590166778162E-002   1.1947863388926054E-002   111.03146980734306     
  0.73910412786322399       0.90871351564832192        3.5843590166778162E-002   1.1947863388926054E-002   93.158598751519278     
  0.39550835257812589       0.57693655452189463        3.5843590166778162E-002   1.1947863388926054E-002   16.409127522854060     
  0.47707724262109436       0.52441944905950932        3.5843590166778162E-002   1.1947863388926054E-002   179.38856156660603     
  0.52162540707831373       0.98458799915147921        3.5843590166778162E-002   1.1947863388926054E-002   42.449799599700128     
  0.50501114584185525       0.49684888173757402        3.5843590166778162E-002   1.1947863388926054E-002   33.803487028366135     
  0.40989808218615920       0.46547282455020011        3.5843590166778162E-002   1.1947863388926054E-002   116.56020295229612     
  0.80426441010202976       0.95296050356103468        3.5843590166778162E-002   1.1947863388926054E-002   39.149373205237424     
   4.9896083967943913E-002  0.19394969664375841        3.5843590166778162E-002   1.1947863388926054E-002   53.278727274943051     
  0.61977594386916879       0.51141064526214408        3.5843590166778162E-002   1.1947863388926054E-002   166.93365715786854     
  0.14997111624548834       0.70331600588842114        3.5843590166778162E-002   1.1947863388926054E-002   96.401392145370281     
  0.98514910664752908       0.42293331677781509        3.5843590166778162E-002   1.1947863388926054E-002   26.917618734295292     
  0.36006743707724703       0.51464445792949132        3.5843590166778162E-002   1.1947863388926054E-002   94.016906433709451     
  0.56937685213280176       0.80889801975164954        3.5843590166778162E-002   1.1947863388926054E-002   77.998869921501694     
  0.92584730053944830       0.97986091653809271        3.5843590166778162E-002   1.1947863388926054E-002   141.92551045616545     
  0.30583904483241264       0.93264211279215181        3.5843590166778162E-002   1.1947863388926054E-002   13.561021267756264     
  0.54098672670283343       0.23822940051207600        3.5843590166778162E-002   1.1947863388926054E-002   100.19783705953328     
   4.2409579981071449E-002  0.92050134872763401        3.5843590166778162E-002   1.1947863388926054E-002   75.515192223149995     
  0.19707223870965557       0.24643995862786022        3.5843590166778162E-002   1.1947863388926054E-002   94.814772358516080     
  0.73069272241968730       0.86749653508268043        3.5843590166778162E-002   1.1947863388926054E-002   77.468350559850123     
   2.7362701391982956E-002  0.96584751515407619        3.5843590166778162E-002   1.1947863388926054E-002   73.074603839703528     
  0.91391404851642510       0.36791855344497082        3.5843590166778162E-002   1.1947863388926054E-002   139.55356634550409     
  0.53015081913341755       0.53946977500133830        3.5843590166778162E-002   1.1947863388926054E-002   132.43182497876936     
  0.14749841836158445       0.32252179348449900        3.5843590166778162E-002   1.1947863388926054E-002   130.50864088965321     
  0.59618278057120211       0.30650060235056997        3.5843590166778162E-002   1.1947863388926054E-002   119.79250542370741     
  0.45746185855387306       0.89969658492841686        3.5843590166778162E-002   1.1947863388926054E-002   122.86428557800329     
  0.35535323210294578       0.28574701300577054        3.5843590166778162E-002   1.1947863388926054E-002   43.501957057819858     
  0.71699330394362604       0.76557013127760665        3.5843590166778162E-002   1.1947863388926054E-002   161.52986735572981     
  0.33614067638954970       0.25950732275835009        3.5843590166778162E-002   1.1947863388926054E-002   33.574623957901750     
  0.43897490399733130       0.62363048082693251        3.5843590166778162E-002   1.1947863388926054E-002   86.944109763833382     
  0.73964823595481055       0.42862744991800011        3.5843590166778162E-002   1.1947863388926054E-002  0.60806931796758024     
  0.70868861912201941        9.4502357731390929E-002   3.5843590166778162E-002   1.1947863388926054E-002   163.79247139480898     
  0.96280634427199951       0.51072719267465094        3.5843590166778162E-002   1.1947863388926054E-002   13.018613964823162     
  0.85632662532919435       0.46266686210150715        3.5843590166778162E-002   1.1947863388926054E-002   41.323669063864216     
  0.54336318478696477       0.33254260527473622        3.5843590166778162E-002   1.1947863388926054E-002   162.63148301591914     
   4.8459461670257359E-002  0.47370737661829387        3.5843590166778162E-002   1.1947863388926054E-002   129.02978801705501     
  0.76063950017763182       0.14201249880944661        3.5843590166778162E-002   1.1947863388926054E-002   67.727974018490769     
  0.92879871143762471       0.88636297296807254        3.5843590166778162E-002   1.1947863388926054E-002   130.08303117824607     
  0.48796896297966669       0.24049392556426369        3.5843590166778162E-002   1.1947863388926054E-002   164.75039248787019     
   2.8212680609636109E-003   8.9780475368428630E-004   3.5843590166778162E-002   1.1947863388926054E-002   166.36888098127903     
  0.26393849777991146       0.92852595841136554        3.5843590166778162E-002   1.1947863388926054E-002   106.71457498392039     
  0.58634061273564786       0.29315788598016368        3.5843590166778162E-002   1.1947863388926054E-002   142.35831736259021     
  0.24542147195482183       0.88170597650801308        3.5843590166778162E-002   1.1947863388926054E-002   77.179335032004616     
  0.88164582376494005       0.14771208819280221        3.5843590166778162E-002   1.1947863388926054E-002   119.45716019713255     
  0.74626824600947217        3.6994902304028562E-002   3.5843590166778162E-002   1.1947863388926054E-002   112.53744941399582     
  0.56181842387959691       0.90891681308010996        3.5843590166778162E-002   1.1947863388926054E-002   3.7949927905920831     
  0.55133164062313245       0.81022934210581288        3.5843590166778162E-002   1.1947863388926054E-002   123.28666911430977     
  0.14305066618457485       0.60247175110033357        3.5843590166778162E-002   1.1947863388926054E-002   74.725233363986405     
  0.87869296648687889       0.23828042337884509        3.5843590166778162E-002   1.1947863388926054E-002   149.39087518617717     
  0.16350791150522287       0.86549317595746889        3.5843590166778162E-002   1.1947863388926054E-002   35.682716039489428     
  0.56799535990755423       0.75495437168895951        3.5843590166778162E-002   1.1947863388926054E-002   119.95455895091290     
  0.59041654548960742       0.49727558135455158        3.5843590166778162E-002   1.1947863388926054E-002   76.261686130540127     
  0.53127032246346462       0.20675685364843496        3.5843590166778162E-002   1.1947863388926054E-002   69.236388078468380     
  0.32311963916996927       0.15857984072858147        3.5843590166778162E-002   1.1947863388926054E-002   122.01917828602258     
  0.54186527247473049       0.74513011298044773        3.5843590166778162E-002   1.1947863388926054E-002   59.711724098537374     
  0.11054305147627666        3.7259177399322392E-002   3.5843590166778162E-002   1.1947863388926054E-002   38.448998001946521     
  0.69521976962628929       0.38785584623076813        3.5843590166778162E-002   1.1947863388926054E-002   11.798301767257810     
  0.54645251549582818       0.92911998852769018        3.5843590166778162E-002   1.1947863388926054E-002   32.598822342883750     
  0.99013237398820042       0.29268744693447024        3.5843590166778162E-002   1.1947863388926054E-002   108.82175487785095     
  0.45341664087565992       0.27226828621739446        3.5843590166778162E-002   1.1947863388926054E-002   68.841979531370214     
  0.43275434059717244       0.31334661960833871        3.5843590166778162E-002   1.1947863388926054E-002   110.93787373845430     
  0.58811714987751251       0.59770022872282347        3.5843590166778162E-002   1.1947863388926054E-002   103.11207346572832     
  0.84949621723436308       0.89630936006492179        3.5843590166778162E-002   1.1947863388926054E-002   141.43283356087790     
  0.22844138898281169       0.83024413451313628        3.5843590166778162E-002   1.1947863388926054E-002   7.7205482096162612     
  0.33792192801989795       0.97445626414710840        3.5843590166778162E-002   1.1947863388926054E-002   51.816114077516694     
  0.75972397875081965       0.93839450107290634        3.5843590166778162E-002   1.1947863388926054E-002   160.49402146064295     
  0.20311826760960089       0.69520441555073698        3.5843590166778162E-002   1.1947863388926054E-002   90.124133832776636     
  0.93412664977903570       0.72414116055243694        3.5843590166778162E-002   1.1947863388926054E-002   159.78323519070398     
  0.46580478366501460       0.35453202169051984        3.5843590166778162E-002   1.1947863388926054E-002   129.78851059988301     
   7.7715183890327166E-002  0.31906111460798436        3.5843590166778162E-002   1.1947863388926054E-002   81.580656335854798     
  0.18810765369998472       0.37138537119905479        3.5843590166778162E-002   1.1947863388926054E-002   83.814057695537301     
  0.51781424228763695       0.22149765747459763        3.5843590166778162E-002   1.1947863388926054E-002   40.415825096585387     
   5.2907283985920039E-002  0.72784661225729697        3.5843590166778162E-002   1.1947863388926054E-002   130.30655724394944     
  0.57777612458298833        5.9241703847390699E-002   3.5843590166778162E-002   1.1947863388926054E-002   116.04437766842176     
  0.73582778169845853       0.37368764403963223        3.5843590166778162E-002   1.1947863388926054E-002   111.74248974333128     
  0.43828828497459682        5.3939816693260610E-002   3.5843590166778162E-002   1.1947863388926054E-002   145.91993036665679     
  0.23496079089106381        2.6897764047160596E-002   3.5843590166778162E-002   1.1947863388926054E-002   13.633163127265343     
  0.76776761340920219       0.64212273508557161        3.5843590166778162E-002   1.1947863388926054E-002   46.321547086039324     
  0.19760550987919182        8.9337136547710208E-002   3.5843590166778162E-002   1.1947863388926054E-002   6.0901660775598696     
  0.69471741238116025       0.30008164341040339        3.5843590166778162E-002   1.1947863388926054E-002   115.19860888080753     
  0.16289032512571214       0.59370278680794941        3.5843590166778162E-002   1.1947863388926054E-002   42.089491618381246     
  0.70599880503575319       0.19599063543478282        3.5843590166778162E-002   1.1947863388926054E-002   171.75503406193008     
  0.89517827547603257       0.54825706097829430        3.5843590166778162E-002   1.1947863388926054E-002   145.12713547018660     
  0.22234219234391861       0.96164992024937068        3.5843590166778162E-002   1.1947863388926054E-002   102.53693576256723     
  0.34814377484259151       0.66307305256374727        3.5843590166778162E-002   1.1947863388926054E-002   88.168220343905844     
  0.75124220559918142       0.72777944766998282        3.5843590166778162E-002   1.1947863388926054E-002   148.09475187983080     
  0.91934682388080158       0.80783438696772314        3.5843590166778162E-002   1.1947863388926054E-002   146.07202493870727     
  0.17893326807817278       0.56500239918441086        3.5843590166778162E-002   1.1947863388926054E-002   8.0364869821823159     
  0.23728161914935506       0.53981813306361326        3.5843590166778162E-002   1.1947863388926054E-002   148.60431924456131     
   7.0398994867782519E-002   6.5413482125812883E-002   3.5843590166778162E-002   1.1947863388926054E-002   168.33205844402545     
  0.11880627439688769       0.80082973740887065        3.5843590166778162E-002   1.1947863388926054E-002   8.7300888663425820     
  0.87471791929284370       0.34488828066320160        3.5843590166778162E-002   1.1947863388926054E-002   115.81852381516923     
   6.2980466450025252E-002  0.23546128390336868        3.5843590166778162E-002   1.1947863388926054E-002   59.803975873551309     
  0.65467086091964655       0.30632837266235841        3.5843590166778162E-002   1.1947863388926054E-002   56.671406951299680     
  0.26341615356056625       0.15558606207716760        3.5843590166778162E-002   1.1947863388926054E-002   101.84413310920415     
   4.6121936403848169E-003  0.82060489408428960        3.5843590166778162E-002   1.1947863388926054E-002   64.523313002652316     
  0.18934430153824500       0.10497502076281437        3.5843590166778162E-002   1.1947863388926054E-002   47.628099878499505     
  0.57974979122762960       0.35458527539830997        3.5843590166778162E-002   1.1947863388926054E-002   52.880031356728942     
  0.78494710938925438       0.20307932541445248        3.5843590166778162E-002   1.1947863388926054E-002   174.66990199915210     
  0.51348806109581380       0.60901240173826088        3.5843590166778162E-002   1.1947863388926054E-002   105.48685523047237     
  0.73861427037571292       0.78954301691478257        3.5843590166778162E-002   1.1947863388926054E-002   46.842217606766376     
  0.12262091361775457       0.46544548151900728        3.5843590166778162E-002   1.1947863388926054E-002   161.58260624623929     
  0.75431542294190790       0.28617175321350979        3.5843590166778162E-002   1.1947863388926054E-002   178.90694730709797     
  0.86972471064417423       0.45184000433105681        3.5843590166778162E-002   1.1947863388926054E-002   79.833832525357494     
  0.47461081454068166       0.45408237400923557        3.5843590166778162E-002   1.1947863388926054E-002   130.36434853052239     
  0.86762580362440156        6.7911839033435395E-002   3.5843590166778162E-002   1.1947863388926054E-002   142.08047886953725     
  0.85577742233694254       0.65246798949836760        3.5843590166778162E-002   1.1947863388926054E-002   120.58252701769342     
  0.57066155322848322       0.13398150904421061        3.5843590166778162E-002   1.1947863388926054E-002   29.605925400743097     
  0.54690294721668686       0.20332160174105796        3.5843590166778162E-002   1.1947863388926054E-002   87.771481299342540     
   6.6231992982867791E-002  0.18607088954892365        3.5843590166778162E-002   1.1947863388926054E-002   92.350303993921656     
  0.95780304347257117       0.75840291645168323        3.5843590166778162E-002   1.1947863388926054E-002   110.23256274325205     
  0.97013310153336507        5.7514772888906870E-002   3.5843590166778162E-002   1.1947863388926054E-002   35.162744973010064     
  0.22383796625730293       0.67960761366137235        3.5843590166778162E-002   1.1947863388926054E-002   6.0393270407071347     
  0.55345466175941260        8.0844754880474833E-003   3.5843590166778162E-002   1.1947863388926054E-002   9.1859171776114774     
  0.51299042608830636       0.36721855794886454        3.5843590166778162E-002   1.1947863388926054E-002   148.59539698441921     
   9.4465508338581181E-002  0.61747224694811953        3.5843590166778162E-002   1.1947863388926054E-002   156.95580924476673     
  0.47205219471249249       0.55982132481175995        3.5843590166778162E-002   1.1947863388926054E-002   15.238781410407466     
  0.62610062891211515       0.29361974631801796        3.5843590166778162E-002   1.1947863388926054E-002   174.45347271861752     
  0.10374195530666501       0.64008227782547145        3.5843590166778162E-002   1.1947863388926054E-002   144.89202123383143     
  0.90564139558911261       0.64564472781988913        3.5843590166778162E-002   1.1947863388926054E-002   169.86661846687204     
  0.25792772948596077        5.7036620362086253E-002   3.5843590166778162E-002   1.1947863388926054E-002   9.5652787061634896     
  0.46069321060524110       0.84195225309707267        3.5843590166778162E-002   1.1947863388926054E-002   115.72877134170642     
   2.4567752812968427E-002  0.54881960010706521        3.5843590166778162E-002   1.1947863388926054E-002   146.47415332789672     
  0.92595987674779201       0.82612854531458546        3.5843590166778162E-002   1.1947863388926054E-002   166.60736138263053     
  0.61867109448720059       0.38147122525735677        3.5843590166778162E-002   1.1947863388926054E-002   51.918166515903614     
  0.96364336515790650       0.20852755293455205        3.5843590166778162E-002   1.1947863388926054E-002   123.23354790748635     
  0.29396893476463354       0.48957758656343769        3.5843590166778162E-002   1.1947863388926054E-002   91.426605723221556     
  0.28144682211821825       0.41942737636714716        3.5843590166778162E-002   1.1947863388926054E-002   22.848163456466931     
  0.43005575498321053        4.3377064485661157E-002   3.5843590166778162E-002   1.1947863388926054E-002   127.03732064840023     
  0.58750161429535097       0.53339676193206020        3.5843590166778162E-002   1.1947863388926054E-002   127.82927952007800     
  0.14047450522907681       0.14257623424257923        3.5843590166778162E-002   1.1947863388926054E-002   151.46169149980125     
  0.52039889981079313        1.2019626826059938E-002   3.5843590166778162E-002   1.1947863388926054E-002   10.821959888500437     
  0.23016854685225971       0.91525907883678259        3.5843590166778162E-002   1.1947863388926054E-002   141.33158701224480     
  0.97906978669980360       0.38950553395547149        3.5843590166778162E-002   1.1947863388926054E-002   72.315181750008122     
  0.68484919176583459       0.28164507237934694        3.5843590166778162E-002   1.1947863388926054E-002   168.36227979617834     
  0.51030604392854273       0.72453635613521006        3.5843590166778162E-002   1.1947863388926054E-002   174.20119463540686     
  0.48864424033441745        5.6539461329136783E-003   3.5843590166778162E-002   1.1947863388926054E-002   39.081307440256296     
  0.56201872614762993        5.3467514293556326E-002   3.5843590166778162E-002   1.1947863388926054E-002   109.80509038778612     
  0.53008333006515040       0.66337273589554746        3.5843590166778162E-002   1.1947863388926054E-002   100.62009068588152     
  0.52412197950778916       0.74557866483537594        3.5843590166778162E-002   1.1947863388926054E-002   96.882482010410627     
  0.99029979971513438       0.94430115159627093        3.5843590166778162E-002   1.1947863388926054E-002   17.911373554480608     
  0.21108382813969356       0.59788518298521331        3.5843590166778162E-002   1.1947863388926054E-002   42.011473801208318     
  0.97014049660650925        9.8489491833003720E-002   3.5843590166778162E-002   1.1947863388926054E-002   97.137379243586778     
  0.18194498702200310       0.72062395030198800        3.5843590166778162E-002   1.1947863388926054E-002   52.520440986490570     
   8.4850074617503074E-002  0.46773223333858871        3.5843590166778162E-002   1.1947863388926054E-002   24.857843271650687     
  0.31450512174009049        9.0543083112915951E-002   3.5843590166778162E-002   1.1947863388926054E-002   147.59951784226999     
  0.19852398069361918        6.8934260087209598E-002   3.5843590166778162E-002   1.1947863388926054E-002   164.26389173973854     
  0.46727108843762793       0.31020865114108975        3.5843590166778162E-002   1.1947863388926054E-002   71.363242303661806     
  0.59919718649786002       0.22019994396010803        3.5843590166778162E-002   1.1947863388926054E-002   66.272743220060676     
   2.3522942347079728E-002  0.27995202217754883        3.5843590166778162E-002   1.1947863388926054E-002   23.928717665579637     
  0.47063676259576637       0.67257605294421552        3.5843590166778162E-002   1.1947863388926054E-002   115.65353019724137     
  0.64452866869807846       0.25070934500075620        3.5843590166778162E-002   1.1947863388926054E-002   96.132751991638884     
  0.79250756388676491        9.0743290418506661E-003   3.5843590166778162E-002   1.1947863388926054E-002   122.64655102275165     
  0.13355754539769554       0.27390089807377721        3.5843590166778162E-002   1.1947863388926054E-002   116.12633758747889     
  0.14956360343513372       0.15671670593836606        3.5843590166778162E-002   1.1947863388926054E-002   146.97837836722013     
  0.74319850987057268       0.96886239640768190        3.5843590166778162E-002   1.1947863388926054E-002   29.334002865194456     
  0.50152342190476640       0.25296638496171048        3.5843590166778162E-002   1.1947863388926054E-002   122.52225736826279     
  0.88800053972753035        8.3080682148600413E-002   3.5843590166778162E-002   1.1947863388926054E-002   94.334547127800306     
  0.78736350503693220       0.41362967034340886        3.5843590166778162E-002   1.1947863388926054E-002   129.82361237914631     
  0.62361192313898961       0.88169285603788305        3.5843590166778162E-002   1.1947863388926054E-002   12.688423232881339     
  0.70092995477391484       0.51322015250738928        3.5843590166778162E-002   1.1947863388926054E-002   140.87307019075891     
  0.62213152900838764       0.92937499605800600        3.5843590166778162E-002   1.1947863388926054E-002   115.26348842349672     
  0.36582087804552005       0.71829460362191799        3.5843590166778162E-002   1.1947863388926054E-002   120.12679591019528     
  0.95960089588053521       0.90775368481337093        3.5843590166778162E-002   1.1947863388926054E-002   89.960339608429408     
  0.26958701397642126       0.29184957215209056        3.5843590166778162E-002   1.1947863388926054E-002   153.15228523940044     
  0.78293014428800556        5.3653941263074732E-002   3.5843590166778162E-002   1.1947863388926054E-002   126.95851733417901     
  0.82109937434710878        8.0712555373316217E-002   3.5843590166778162E-002   1.1947863388926054E-002   10.852416754912317     
  0.67285923794294555       0.74509959364778722        3.5843590166778162E-002   1.1947863388926054E-002   171.08563310316711     
  0.35008473822716751       0.35225686149832763        3.5843590166778162E-002   1.1947863388926054E-002   96.290615519835754     
  0.68539058551902754       0.76231506826431905        3.5843590166778162E-002   1.1947863388926054E-002   115.32116533829787     
  0.84627818915280040       0.94006021482064428        3.5843590166778162E-002   1.1947863388926054E-002   117.80985734650766     
  0.42037696698882970       0.80745152755991778        3.5843590166778162E-002   1.1947863388926054E-002   144.76701599159108     
  0.72044032916306888       0.46429015036572169        3.5843590166778162E-002   1.1947863388926054E-002   55.952320851361037     
  0.72696839105394040       0.72910864497123862        3.5843590166778162E-002   1.1947863388926054E-002   75.747241274460919     
  0.26532631267545687       0.89056256437168990        3.5843590166778162E-002   1.1947863388926054E-002   139.96091675184573     
  0.91000331593476003       0.61997259140415761        3.5843590166778162E-002   1.1947863388926054E-002   47.318040721366863     
  0.98671234251836526       0.63771084115228194        3.5843590166778162E-002   1.1947863388926054E-002   171.49206901822512     
  0.51582441938874202       0.38772386705957501        3.5843590166778162E-002   1.1947863388926054E-002   11.018692518160149     
  0.74587895337859567       0.66885722427063843        3.5843590166778162E-002   1.1947863388926054E-002   125.17854777079847     
  0.55414965151543116       0.57290367306323575        3.5843590166778162E-002   1.1947863388926054E-002   30.343930024296998     
  0.19666428204663380       0.91945710853276341        3.5843590166778162E-002   1.1947863388926054E-002   6.2514072779424579     
  0.90558023277430655       0.29616240937757143        3.5843590166778162E-002   1.1947863388926054E-002   44.666023219987743     
  0.84433210755717314       0.72363242670665584        3.5843590166778162E-002   1.1947863388926054E-002   56.678209000103067     
  0.24951758987602649       0.75090763647559977        3.5843590166778162E-002   1.1947863388926054E-002   174.16672802142421     
  0.40940292466750366       0.42816043326795578        3.5843590166778162E-002   1.1947863388926054E-002   36.137700356405475     
  0.27675307519920700       0.62524484355792365        3.5843590166778162E-002   1.1947863388926054E-002   30.007775374995969     
  0.54135856425862372       0.94293401086422568        3.5843590166778162E-002   1.1947863388926054E-002   18.943901072829771     
   2.1469194159316478E-003  0.78194595047384641        3.5843590166778162E-002   1.1947863388926054E-002   133.86755127750425     
  0.82309020696986845       0.88385907658042395        3.5843590166778162E-002   1.1947863388926054E-002   94.278591134669384     
   4.2461292337547474E-002  0.56297080678145184        3.5843590166778162E-002   1.1947863388926054E-002   2.6672010446023613     
  0.57013040569130813       0.43584784038863172        3.5843590166778162E-002   1.1947863388926054E-002   111.92231581844241     
  0.74846070853419477       0.86333989785184329        3.5843590166778162E-002   1.1947863388926054E-002   97.776475099846891     
  0.23273777764597167       0.81147834886849457        3.5843590166778162E-002   1.1947863388926054E-002   20.310222256634802     
  0.23993866727927604       0.92572914896405467        3.5843590166778162E-002   1.1947863388926054E-002   125.04586595687950     
  0.64636969377353037        9.9374740747271789E-002   3.5843590166778162E-002   1.1947863388926054E-002   138.38682979479458     
  0.36190170284495538       0.98146010306011577        3.5843590166778162E-002   1.1947863388926054E-002   130.98560738739403     
  0.37943063298805968       0.24085607786937061        3.5843590166778162E-002   1.1947863388926054E-002   125.08163845280151     
  0.30128070087810821       0.46084102973529217        3.5843590166778162E-002   1.1947863388926054E-002   87.995508226621070     
  0.95827280738348430       0.68291023444628696        3.5843590166778162E-002   1.1947863388926054E-002   62.482455983762044     
  0.50474626999123828       0.42425866263942957        3.5843590166778162E-002   1.1947863388926054E-002   161.40572107862042     
   5.3979698882933011E-002  0.29977080270587325        3.5843590166778162E-002   1.1947863388926054E-002   41.454899206136552     
  0.30158109643869913       0.78982141038009046        3.5843590166778162E-002   1.1947863388926054E-002   79.340079467700221     
  0.74659319795102841       0.26237728545572581        3.5843590166778162E-002   1.1947863388926054E-002   141.74945750143561     
  0.91197808531416003       0.43439789523648514        3.5843590166778162E-002   1.1947863388926054E-002   98.841617482964651     
  0.34008279205627612       0.57673557819091792        3.5843590166778162E-002   1.1947863388926054E-002   84.929883256107601     
  0.72948342701703839       0.31930827225407921        3.5843590166778162E-002   1.1947863388926054E-002   41.590005892864660     
   9.8873365591601842E-002  0.45196653030632489        3.5843590166778162E-002   1.1947863388926054E-002   86.643926005453679     
  0.81023207859934776       0.56437213566526534        3.5843590166778162E-002   1.1947863388926054E-002   13.493133051514770     
  0.27977141867418337       0.30050378789881871        3.5843590166778162E-002   1.1947863388926054E-002   135.67522148247519     
  0.82369450579998160       0.16129968392842059        3.5843590166778162E-002   1.1947863388926054E-002   120.22510381282021     
  0.53854407356767942       0.69476502458993572        3.5843590166778162E-002   1.1947863388926054E-002   14.467276620314697     
  0.23158664567622583       0.24265504111442679        3.5843590166778162E-002   1.1947863388926054E-002   15.523534230655249     
  0.65611607301905062       0.73051948885556228        3.5843590166778162E-002   1.1947863388926054E-002  0.81768478499874808     
  0.55208051179289308       0.29738714117807613        3.5843590166778162E-002   1.1947863388926054E-002   52.903159316055735     
  0.77885757621164131       0.14062348241769590        3.5843590166778162E-002   1.1947863388926054E-002   77.847168244192986     
  0.34637448584746161       0.61965474167746581        3.5843590166778162E-002   1.1947863388926054E-002   88.877683614661493     
  0.13717445659260141       0.73512952126955555        3.5843590166778162E-002   1.1947863388926054E-002   135.37631692853148     
  0.28679422834078500        3.4481792720861028E-002   3.5843590166778162E-002   1.1947863388926054E-002   88.159625391041942     
  0.16999347601202636       0.26243397867527618        3.5843590166778162E-002   1.1947863388926054E-002   18.381549746231979     
  0.93851955601302106       0.15709827450814612        3.5843590166778162E-002   1.1947863388926054E-002   85.820141680637391     
  0.86019695583139466        1.1851382667589191E-002   3.5843590166778162E-002   1.1947863388926054E-002   45.058261752339206     
  0.13012829286088462       0.65651132995971395        3.5843590166778162E-002   1.1947863388926054E-002   69.360005397163548     
  0.59573635403740566       0.67399127521189495        3.5843590166778162E-002   1.1947863388926054E-002   80.079655001764507     
  0.90020668248311853       0.35321650256309756        3.5843590166778162E-002   1.1947863388926054E-002   128.12375253486400     
  0.81381627417171565       0.41761740721349688        3.5843590166778162E-002   1.1947863388926054E-002   64.376711184401273     
  0.73628738854561437       0.25224052054569790        3.5843590166778162E-002   1.1947863388926054E-002   138.01617950381490     
  0.47017224963913651       0.49784876017671942        3.5843590166778162E-002   1.1947863388926054E-002   149.63775999132059     
  0.36969143176300856       0.34573345623517959        3.5843590166778162E-002   1.1947863388926054E-002   37.782598588625376     
  0.31677989284722691       0.91481771114121069        3.5843590166778162E-002   1.1947863388926054E-002   51.167294676518097     
  0.10011631111834468       0.38234797928358938        3.5843590166778162E-002   1.1947863388926054E-002   149.52353775640984     
  0.99051136414048935       0.52767483458254760        3.5843590166778162E-002   1.1947863388926054E-002   22.193040150873554     
  0.30294618743957297       0.94691162774723636        3.5843590166778162E-002   1.1947863388926054E-002   18.104040352089065     
  0.47916366732263338       0.29909697732207946        3.5843590166778162E-002   1.1947863388926054E-002   37.604270109610141     
  0.27994348844289618       0.10545281937512092        3.5843590166778162E-002   1.1947863388926054E-002   29.736192146118885     
  0.98133418383148507       0.68737649129027045        3.5843590166778162E-002   1.1947863388926054E-002   132.17916458390141     
  0.78871813585814321       0.66390427981923517        3.5843590166778162E-002   1.1947863388926054E-002   5.4525080837603594     
  0.50900459522733676       0.83935029279092388        3.5843590166778162E-002   1.1947863388926054E-002   35.959722541308224     
  0.59218606026865650       0.87840387579664359        3.5843590166778162E-002   1.1947863388926054E-002   28.548241550149640     
  0.18866736784122076        6.9293171608745029E-003   3.5843590166778162E-002   1.1947863388926054E-002   128.15505001469481     
  0.92266325113660486       0.51725566213576302        3.5843590166778162E-002   1.1947863388926054E-002   101.83161943018793     
  0.36927749099145601       0.15724071414431337        3.5843590166778162E-002   1.1947863388926054E-002   112.23048883098717     
  0.31557719447839144       0.41138227272860700        3.5843590166778162E-002   1.1947863388926054E-002   136.19209315456820     
  0.99495673997854950       0.93013495517674272        3.5843590166778162E-002   1.1947863388926054E-002   26.003899495271714     
  0.57635117316322171       0.10151402725030510        3.5843590166778162E-002   1.1947863388926054E-002   152.59629190162980     
  0.23345433307980110       0.40923955888227093        3.5843590166778162E-002   1.1947863388926054E-002   174.14519849342381     
  0.15392896026833316       0.97152253280902623        3.5843590166778162E-002   1.1947863388926054E-002   11.182168860679656     
  0.13123556601211508       0.69099378641703713        3.5843590166778162E-002   1.1947863388926054E-002   154.70048191167459     
  0.93143230471168759       0.25690280563749307        3.5843590166778162E-002   1.1947863388926054E-002   105.78740244192500     
  0.66892313789563118       0.89221803209454409        3.5843590166778162E-002   1.1947863388926054E-002   74.470156361564662     
  0.51288105016336272       0.86581965123291504        3.5843590166778162E-002   1.1947863388926054E-002   157.01389011283436     
   4.7175477091362439E-002  0.95778045853149474        3.5843590166778162E-002   1.1947863388926054E-002   78.502382301354089     
  0.79510579799828252       0.38303074426078071        3.5843590166778162E-002   1.1947863388926054E-002   19.422359790606695     
  0.76754257628610556        9.5046035031775583E-002   3.5843590166778162E-002   1.1947863388926054E-002   33.787677937630853     
  0.57058407448743986       0.48855468958832199        3.5843590166778162E-002   1.1947863388926054E-002   119.95228911863853     
  0.80625073134299508       0.28426259241631779        3.5843590166778162E-002   1.1947863388926054E-002   124.77612879265610     
  0.68818636373557374        2.4543065017639976E-002   3.5843590166778162E-002   1.1947863388926054E-002   156.94106538570048     
  0.30662281426726917       0.15632600951706352        3.5843590166778162E-002   1.1947863388926054E-002   85.909832288434600     
  0.38438104556987690       0.31728835017773366        3.5843590166778162E-002   1.1947863388926054E-002   12.076225921501969     
  0.45346335101888557       0.80169907189445799        3.5843590166778162E-002   1.1947863388926054E-002   171.02250787146070     
  0.90234668127140705       0.92966475254408720        3.5843590166778162E-002   1.1947863388926054E-002   122.93616150299728     
  0.36791403045537535       0.95150931276090223        3.5843590166778162E-002   1.1947863388926054E-002   116.85125692391621     
  0.74559407866562022       0.77901316501501205        3.5843590166778162E-002   1.1947863388926054E-002   43.862569763240600     
  0.63177989678227275        7.0669264653959687E-002   3.5843590166778162E-002   1.1947863388926054E-002   162.90016226284848     
  0.38839012126741046       0.54687953638598308        3.5843590166778162E-002   1.1947863388926054E-002   171.89667984294601     
  0.96737642893161158       0.80152065553366414        3.5843590166778162E-002   1.1947863388926054E-002   139.46536440544574     
  0.70756793966097231       0.82867757766743844        3.5843590166778162E-002   1.1947863388926054E-002   46.312033331963612     
  0.30258083493191040       0.19747181631314376        3.5843590166778162E-002   1.1947863388926054E-002   130.03897868134695     
  0.99975610927244873        5.1302935802930202E-002   3.5843590166778162E-002   1.1947863388926054E-002   105.05523251006136     
  0.68150823273449124       0.35519379049791722        3.5843590166778162E-002   1.1947863388926054E-002   152.11023341997986     
  0.53176036626083367       0.17271726273837440        3.5843590166778162E-002   1.1947863388926054E-002   117.50385826818085     
  0.66785662889844433       0.49585111014755373        3.5843590166778162E-002   1.1947863388926054E-002   64.826069087821935     
  0.60712478915849843       0.62751489441508923        3.5843590166778162E-002   1.1947863388926054E-002   25.704491414307508     
  0.75829037538206023       0.54309105470402330        3.5843590166778162E-002   1.1947863388926054E-002   90.972930010500846     
  0.56525812694140398       0.55632870326243611        3.5843590166778162E-002   1.1947863388926054E-002   44.619158134157047     
  0.17244889384684420       0.29443801491363236        3.5843590166778162E-002   1.1947863388926054E-002   88.152255738592586     
  0.22573499636128394       0.34966131833024028        3.5843590166778162E-002   1.1947863388926054E-002   175.40592166758296     
  0.35991826727662829       0.37477851244239585        3.5843590166778162E-002   1.1947863388926054E-002   92.843526942515638     
  0.66438623619375425       0.38676753493424831        3.5843590166778162E-002   1.1947863388926054E-002   17.861389009383537     
  0.92106546811902679        7.7106932253186114E-002   3.5843590166778162E-002   1.1947863388926054E-002   48.702560335033397     
  0.11943867639573534       0.18235625057379398        3.5843590166778162E-002   1.1947863388926054E-002   156.20322468284243     
  0.37753920289225168       0.41680830883492165        3.5843590166778162E-002   1.1947863388926054E-002   32.370974818259882     
  0.84369846130829063       0.58123164319089038        3.5843590166778162E-002   1.1947863388926054E-002   62.210891241638805     
  0.80826763458420203       0.57878131913507191        3.5843590166778162E-002   1.1947863388926054E-002   23.952432643369203     
  0.21749645092113098       0.87366906043753634        3.5843590166778162E-002   1.1947863388926054E-002   160.35797723053398     
  0.66503347993262385       0.34226651734317781        3.5843590166778162E-002   1.1947863388926054E-002   95.325292061385611     
  0.12933905493310183       0.85629086665598109        3.5843590166778162E-002   1.1947863388926054E-002   83.221268717808570     
  0.92283099030694893        1.5247401624673973E-002   3.5843590166778162E-002   1.1947863388926054E-002   15.411356200680734     
  0.79976834010456244       0.60238499899342324        3.5843590166778162E-002   1.1947863388926054E-002   12.332440027854128     
  0.44615948003669248       0.94456086256934535        3.5843590166778162E-002   1.1947863388926054E-002   155.41475582809852     
  0.14225072526870300       0.64826039109077371        3.5843590166778162E-002   1.1947863388926054E-002   52.396363686393435     
   5.3438037281885252E-002  0.54119766840339634        3.5843590166778162E-002   1.1947863388926054E-002   28.989681059551835     
  0.41863049593921386       0.30522252599620109        3.5843590166778162E-002   1.1947863388926054E-002   145.32796505506943     
  0.66193282337127712       0.65802553907291272        3.5843590166778162E-002   1.1947863388926054E-002   72.699637887752246     
  0.18876998107981954       0.29740551091984352        3.5843590166778162E-002   1.1947863388926054E-002   86.061153178661144     
  0.66712771329266274       0.40332046705438351        3.5843590166778162E-002   1.1947863388926054E-002   167.00450800260677     
  0.71224126136253596       0.66732834565939925        3.5843590166778162E-002   1.1947863388926054E-002   94.014009425505435     
  0.76788006428070366       0.95195595156096313        3.5843590166778162E-002   1.1947863388926054E-002   167.34384425483961     
  0.45684510811524215       0.75243033875970711        3.5843590166778162E-002   1.1947863388926054E-002   91.665339212889691     
  0.59066833565328669       0.95264422543798533        3.5843590166778162E-002   1.1947863388926054E-002   51.816772140760740     
  0.64510948502011101       0.74806525914724886        3.5843590166778162E-002   1.1947863388926054E-002   45.680793808478612     
  0.83333247583838843       0.27035921811829394        3.5843590166778162E-002   1.1947863388926054E-002   22.382661301654863     
  0.51973247922948274       0.26097182491900212        3.5843590166778162E-002   1.1947863388926054E-002   93.654618810695865     
  0.43800021520088894        2.5371059901097334E-003   3.5843590166778162E-002   1.1947863388926054E-002   56.567998479250754     
   5.6541109952497554E-004  0.46366113164095923        3.5843590166778162E-002   1.1947863388926054E-002   4.2598390616878499     
  0.21243967148049456       0.21829339259266275        3.5843590166778162E-002   1.1947863388926054E-002   105.66812984915032     
   9.2735758103691321E-003  0.35149476241140321        3.5843590166778162E-002   1.1947863388926054E-002   116.97532310495268     
  0.81715000779196056       0.29468841356346326        3.5843590166778162E-002   1.1947863388926054E-002   144.98460763888042     
  0.16842929257926115       0.35883129084253118        3.5843590166778162E-002   1.1947863388926054E-002   138.80329367089084     
   1.9706233601091323E-002   3.5081513217211917E-002   3.5843590166778162E-002   1.1947863388926054E-002   116.25352829091712     
  0.70294664927565076       0.47328828213636492        3.5843590166778162E-002   1.1947863388926054E-002   76.315511446128809     
  0.45271799577518618       0.14465521138691742        3.5843590166778162E-002   1.1947863388926054E-002   90.056377540944197     
  0.81547555110953940       0.52933961236526439        3.5843590166778162E-002   1.1947863388926054E-002   90.921668760404856     
  0.31891687533288832       0.79797269543606864        3.5843590166778162E-002   1.1947863388926054E-002   130.87417626627953     
  0.48150665856263691        9.4557972601326964E-002   3.5843590166778162E-002   1.1947863388926054E-002   2.8594479987179309     
  0.85987392847910082       0.61520702582678954        3.5843590166778162E-002   1.1947863388926054E-002   48.805552354069398     
  0.73982627257093025        7.6737441208405824E-002   3.5843590166778162E-002   1.1947863388926054E-002   66.179216061827418     
  0.66863566202165658       0.12057786366179572        3.5843590166778162E-002   1.1947863388926054E-002   24.909735694214483     
  0.12874847025793645       0.58091743675592278        3.5843590166778162E-002   1.1947863388926054E-002   79.074344106167203     
  0.67796580571900367       0.98105656129997965        3.5843590166778162E-002   1.1947863388926054E-002   158.18981627660540     
  0.15513800419249121        7.0031546216053800E-002   3.5843590166778162E-002   1.1947863388926054E-002   2.5697435058784661     
  0.85193979759462302       0.83343608030008509        3.5843590166778162E-002   1.1947863388926054E-002   83.365752252791509     
  0.30715305545464211        1.3420845133467640E-002   3.5843590166778162E-002   1.1947863388926054E-002   2.4232266598726930     
  0.35118080202487834       0.14376481749695116        3.5843590166778162E-002   1.1947863388926054E-002   127.62742296086202     
  0.41528385305425974       0.41674817217470911        3.5843590166778162E-002   1.1947863388926054E-002   42.564002679633084     
  0.90233501886713663       0.56355500015951054        3.5843590166778162E-002   1.1947863388926054E-002   167.31087762579534     
  0.78815992538612090       0.21787642643610530        3.5843590166778162E-002   1.1947863388926054E-002   158.18635445779196     
  0.76861022699286863       0.46053026292234639        3.5843590166778162E-002   1.1947863388926054E-002   135.64277709631065     
  0.55460609543663941       0.24307129958238433        3.5843590166778162E-002   1.1947863388926054E-002   77.937470412433612     
   1.4993103842503720E-002   9.4006409022083959E-002   3.5843590166778162E-002   1.1947863388926054E-002   68.179574999382652     
  0.57203278952407977       0.98827497861508873        3.5843590166778162E-002   1.1947863388926054E-002   91.479293357459795     
  0.88875475861200037        1.1728955954412352E-002   3.5843590166778162E-002   1.1947863388926054E-002   136.53214494918117     
  0.66999935542696398       0.42196772583358932        3.5843590166778162E-002   1.1947863388926054E-002   174.19096075288564     
  0.57716593480378131       0.15217602570382499        3.5843590166778162E-002   1.1947863388926054E-002   162.37559899940430     
  0.99836744150727785       0.15873024586347961        3.5843590166778162E-002   1.1947863388926054E-002   69.398429861462915     
  0.38478157469371049       0.39571190004278728        3.5843590166778162E-002   1.1947863388926054E-002   31.839625801131220     
  0.13222996673946194       0.93276834655017005        3.5843590166778162E-002   1.1947863388926054E-002   142.39309303318751     
  0.26161253301702564       0.55806540425748030        3.5843590166778162E-002   1.1947863388926054E-002   116.49683931923067     
  0.69474130723718375       0.17703607093086277        3.5843590166778162E-002   1.1947863388926054E-002   118.34565446287422     
  0.23097694795792753       0.58879648150774788        3.5843590166778162E-002   1.1947863388926054E-002   91.801654472779759     
  0.59414426410836374       0.82617114153651072        3.5843590166778162E-002   1.1947863388926054E-002   164.09039438082070     
  0.32428743623791301       0.33137866931838522        3.5843590166778162E-002   1.1947863388926054E-002   44.629296089285134     
  0.80629162151942724       0.83438355603440839        3.5843590166778162E-002   1.1947863388926054E-002   25.094136234373586     
  0.26125899451298557       0.60109176450880641        3.5843590166778162E-002   1.1947863388926054E-002   36.702367167082244     
  0.61773844061256744       0.81038131018068260        3.5843590166778162E-002   1.1947863388926054E-002   49.321341304254723     
  0.77109647432897055       0.83486556840075921        3.5843590166778162E-002   1.1947863388926054E-002   2.6688425279462780     
  0.22749103915777610       0.26833474407599350        3.5843590166778162E-002   1.1947863388926054E-002   5.9000819383687180     
  0.90057461020780982        8.5935836944454558E-002   3.5843590166778162E-002   1.1947863388926054E-002   105.89633412970620     
  0.40426150548587098        5.9815167374427575E-002   3.5843590166778162E-002   1.1947863388926054E-002   9.1937175670014657     
  0.74733809126715067       0.35127070267653587        3.5843590166778162E-002   1.1947863388926054E-002   51.729869068152681     
  0.24584076097489024       0.61194533467960321        3.5843590166778162E-002   1.1947863388926054E-002   83.866557292946311     
  0.73853026270520539       0.54215091687715167        3.5843590166778162E-002   1.1947863388926054E-002   95.589766849125823     
  0.26116358122491440       0.35505893731895499        3.5843590166778162E-002   1.1947863388926054E-002   21.525551187187357     
  0.63461522354165578       0.98870218672816301        3.5843590166778162E-002   1.1947863388926054E-002   14.858963694428985     
  0.17774636681716888       0.82122578732567142        3.5843590166778162E-002   1.1947863388926054E-002   104.48609554503025     
   4.5250121607225531E-002  0.23681968801231582        3.5843590166778162E-002   1.1947863388926054E-002   105.12391207927489     
  0.66813367925413558       0.97111332652375071        3.5843590166778162E-002   1.1947863388926054E-002   135.69226227576954     
   1.7729270575614870E-002  0.86518853793643025        3.5843590166778162E-002   1.1947863388926054E-002   120.25081768157868     
  0.50086268995577876       0.60336679129180049        3.5843590166778162E-002   1.1947863388926054E-002   119.62459829081357     
  0.79629865025729185       0.51931871798452534        3.5843590166778162E-002   1.1947863388926054E-002   150.33772472883882     
  0.54613223802783428       0.66481156214420722        3.5843590166778162E-002   1.1947863388926054E-002   82.223857507821137     
  0.21079941762269022       0.31366192574455565        3.5843590166778162E-002   1.1947863388926054E-002   131.04414796468453     
  0.79940655710909780       0.34687800294655191        3.5843590166778162E-002   1.1947863388926054E-002   8.7476187837531771     
  0.56375576738232758       0.87988975772943523        3.5843590166778162E-002   1.1947863388926054E-002   130.54189827109749     
  0.14108836670878616       0.35899823191648161        3.5843590166778162E-002   1.1947863388926054E-002   79.753337760704426     
  0.62106182463013337       0.34127797516898134        3.5843590166778162E-002   1.1947863388926054E-002   50.017333948739513     
  0.98713544332725589       0.75311099232505285        3.5843590166778162E-002   1.1947863388926054E-002   38.597922996069983     
  0.84326980365438764       0.62398867700050487        3.5843590166778162E-002   1.1947863388926054E-002   64.924240716994021     
  0.96317457096692649       0.38700128231002151        3.5843590166778162E-002   1.1947863388926054E-002   107.94990990787853     
  0.54972128108489948       0.35044545806601929        3.5843590166778162E-002   1.1947863388926054E-002   131.97285022898214     
  0.68422313050505756       0.92271979674579829        3.5843590166778162E-002   1.1947863388926054E-002   27.691930438770953     
  0.67882533037815707       0.64568220327433490        3.5843590166778162E-002   1.1947863388926054E-002   50.733669119357067     
   1.5928192025471046E-002  0.78965757013787974        3.5843590166778162E-002   1.1947863388926054E-002   108.48272542680225     
  0.72472792582986778       0.66831224165809600        3.5843590166778162E-002   1.1947863388926054E-002   94.007614543031536     
  0.97828261887376322       0.81495320799380433        3.5843590166778162E-002   1.1947863388926054E-002   154.21850207660938     
  0.22421014316426593       0.75897626539101548        3.5843590166778162E-002   1.1947863388926054E-002   22.020879287167798     
  0.27091613010012322       0.79642853482839693        3.5843590166778162E-002   1.1947863388926054E-002   67.829228290815095     
  0.54204116020048898       0.40166979619456328        3.5843590166778162E-002   1.1947863388926054E-002   140.57885715235156     
  0.36690863230602522       0.10254334774350289        3.5843590166778162E-002   1.1947863388926054E-002   111.67060060054112     
  0.19974649008660839       0.61916679417221898        3.5843590166778162E-002   1.1947863388926054E-002   3.0506811904758120     
  0.60377306274806009       0.73513831581373779        3.5843590166778162E-002   1.1947863388926054E-002   149.93356769851096     
  0.91617610873765487       0.66198797677084642        3.5843590166778162E-002   1.1947863388926054E-002   133.74124207720419     
   4.0372143287762716E-002  0.71396986802315177        3.5843590166778162E-002   1.1947863388926054E-002   116.86145478287881     
   4.2026121901450844E-002  0.68831655730529306        3.5843590166778162E-002   1.1947863388926054E-002   166.09221236679613     
  0.79863186198177860       0.15968960647837280        3.5843590166778162E-002   1.1947863388926054E-002   58.986073834503195     
  0.78117207502928854        3.3545252352033231E-003   3.5843590166778162E-002   1.1947863388926054E-002   124.51505601582106     
  0.71604559703910520       0.69836626052256989        3.5843590166778162E-002   1.1947863388926054E-002   139.38336880299559     
  0.21031494945137327       0.85826658131837552        3.5843590166778162E-002   1.1947863388926054E-002   137.14639868468228     
  0.83928429631422419       0.17717441917462584        3.5843590166778162E-002   1.1947863388926054E-002   168.82113270452072     
  0.49341830132340414       0.12105274443786317        3.5843590166778162E-002   1.1947863388926054E-002   142.48406949529701     
  0.93311957610545859       0.84276086050000254        3.5843590166778162E-002   1.1947863388926054E-002   121.40514207977665     
  0.11557871342672049       0.53327552291601799        3.5843590166778162E-002   1.1947863388926054E-002   117.45071209958313     
  0.79850438735308560       0.46196708858905461        3.5843590166778162E-002   1.1947863388926054E-002   35.556499152352302     
  0.65283352066336631       0.89327701049616193        3.5843590166778162E-002   1.1947863388926054E-002   104.07928552792373     
  0.74161892598331636       0.21220255958380527        3.5843590166778162E-002   1.1947863388926054E-002   33.459236106153142     
  0.89377518504906439       0.19283303419403658        3.5843590166778162E-002   1.1947863388926054E-002   31.595994815071844     
  0.25425731186376488       0.50535154230293988        3.5843590166778162E-002   1.1947863388926054E-002   20.480205137663258     
  0.89638203697610852       0.47498021637447618        3.5843590166778162E-002   1.1947863388926054E-002   170.30093102556614     
  0.26865458364863759       0.63654797019110387        3.5843590166778162E-002   1.1947863388926054E-002   38.052999917420088     
  0.93382534960990526       0.22688105076359522        3.5843590166778162E-002   1.1947863388926054E-002   16.088442172630497     
  0.17190546058675468       0.99887345314406439        3.5843590166778162E-002   1.1947863388926054E-002   119.49526132880580     
  0.46970399039559485       0.14026681743005773        3.5843590166778162E-002   1.1947863388926054E-002   56.052099329618940     
  0.52022434396801132       0.15469138312939198        3.5843590166778162E-002   1.1947863388926054E-002   162.86580004850074     
  0.15138763369431202       0.78147263792754318        3.5843590166778162E-002   1.1947863388926054E-002   36.676071964887022     
  0.69858053974538870       0.84106753660716493        3.5843590166778162E-002   1.1947863388926054E-002   17.544012867957864     
  0.12619532768519945       0.40073914944346706        3.5843590166778162E-002   1.1947863388926054E-002   101.59025250639368     
  0.73469837636191493       0.30667473723597105        3.5843590166778162E-002   1.1947863388926054E-002   20.233483053672153     
  0.17354006613717374       0.85605864283542488        3.5843590166778162E-002   1.1947863388926054E-002   48.064022805049049     
  0.48939788196353262       0.76653865321736558        3.5843590166778162E-002   1.1947863388926054E-002   155.01501905791304     
  0.54147878517091230        6.2764539141349426E-002   3.5843590166778162E-002   1.1947863388926054E-002   88.789908847604977     
  0.30364053277620534       0.61656680370451100        3.5843590166778162E-002   1.1947863388926054E-002   104.53918152015210     
  0.48663833441495158       0.46355950704680943        3.5843590166778162E-002   1.1947863388926054E-002   159.09684364298903     
  0.30468534804639918       0.39804734994517604        3.5843590166778162E-002   1.1947863388926054E-002   169.47057970706339     
   5.8884004133353172E-002  0.43746671817172555        3.5843590166778162E-002   1.1947863388926054E-002   66.397634504269320     
  0.62696906711652467        5.8831957612498750E-002   3.5843590166778162E-002   1.1947863388926054E-002   160.97971601261565     
  0.64227671024019317       0.18963880726504492        3.5843590166778162E-002   1.1947863388926054E-002   123.47234937066663     
  0.24236893664489126       0.29897817920413333        3.5843590166778162E-002   1.1947863388926054E-002   67.441747184399759     
  0.24409716844011997       0.13860928375992732        3.5843590166778162E-002   1.1947863388926054E-002   179.05529015683553     
  0.88554237721589490       0.69993441780183852        3.5843590166778162E-002   1.1947863388926054E-002   151.73112070800050     
  0.76557550653665707       0.33479108574196309        3.5843590166778162E-002   1.1947863388926054E-002   39.339904856352092     
  0.41838337553785504       0.55241025854161441        3.5843590166778162E-002   1.1947863388926054E-002   48.475657059080355     
  0.38289967204745490       0.76931912367099731        3.5843590166778162E-002   1.1947863388926054E-002   178.00643784485163     
   7.3260339647865338E-002  0.77818581878487081        3.5843590166778162E-002   1.1947863388926054E-002   55.529465503294290     
  0.85619042663657396       0.71390496857613928        3.5843590166778162E-002   1.1947863388926054E-002   27.749068969241744     
  0.43520835414189385       0.52803306212355905        3.5843590166778162E-002   1.1947863388926054E-002   158.65174984810815     
  0.21926863181887460       0.15890570112103697        3.5843590166778162E-002   1.1947863388926054E-002   76.055588593345618     
  0.76121977703565491        4.0531748857153542E-002   3.5843590166778162E-002   1.1947863388926054E-002   89.872426813075464     
  0.65773020298296103       0.96041283856762649        3.5843590166778162E-002   1.1947863388926054E-002   162.16969130184677     
  0.34962596544912411       0.32460911276743676        3.5843590166778162E-002   1.1947863388926054E-002   130.95981721374415     
  0.84915870966309837       0.15669342015245061        3.5843590166778162E-002   1.1947863388926054E-002   44.783423172352350     
  0.51682889123594933       0.57306648163370477        3.5843590166778162E-002   1.1947863388926054E-002   96.158244286640894     
  0.79860214978623245       0.63001637060897486        3.5843590166778162E-002   1.1947863388926054E-002   177.12500028760408     
  0.59757544928878226       0.54335642391079730        3.5843590166778162E-002   1.1947863388926054E-002   135.15146097534995     
  0.84596134064688044       0.23019467920438341        3.5843590166778162E-002   1.1947863388926054E-002   58.100765766606251     
  0.52076316809526735       0.91306745903577058        3.5843590166778162E-002   1.1947863388926054E-002   156.71598570042232     
  0.92543628723172777       0.18677425275900819        3.5843590166778162E-002   1.1947863388926054E-002   114.29205211243797     
  0.28504184095905544       0.57815593698119450        3.5843590166778162E-002   1.1947863388926054E-002   168.32819732017666     
  0.92192007134626641       0.28816415333784495        3.5843590166778162E-002   1.1947863388926054E-002   76.863843454013889     
  0.28123028806032718       0.48908897183678396        3.5843590166778162E-002   1.1947863388926054E-002   102.52755407422879     
  0.48109604321398181        8.1191954421999515E-002   3.5843590166778162E-002   1.1947863388926054E-002   175.04647180272735     
   8.2475794420711360E-002  0.36780719905138842        3.5843590166778162E-002   1.1947863388926054E-002   114.62746871557776     
  0.26583244344713453       0.70567760501492105        3.5843590166778162E-002   1.1947863388926054E-002   27.930304942455106     
  0.34420829045479406       0.39449271803656527        3.5843590166778162E-002   1.1947863388926054E-002   117.05535132889862     
  0.71467449242948433       0.58271847486751382        3.5843590166778162E-002   1.1947863388926054E-002   133.94698282191229     
  0.69921152426089117        7.9706028965899636E-002   3.5843590166778162E-002   1.1947863388926054E-002   122.06792432897424     
  0.11133225997044693       0.30904044058536512        3.5843590166778162E-002   1.1947863388926054E-002   93.091295553958105     
  0.34340201690813260       0.17223983740050547        3.5843590166778162E-002   1.1947863388926054E-002   6.0386290293109912     
   2.4928871597607660E-002  0.41153482868708047        3.5843590166778162E-002   1.1947863388926054E-002   91.028169420265783     
  0.72365208797849867       0.37026782863810775        3.5843590166778162E-002   1.1947863388926054E-002   110.56880414152907     
  0.17266443741837789       0.52672596264675031        3.5843590166778162E-002   1.1947863388926054E-002   161.09153218324309     
  0.73365128047856953       0.45248721629424049        3.5843590166778162E-002   1.1947863388926054E-002   34.566561172789747     
  0.20291134533929961       0.17137181631631163        3.5843590166778162E-002   1.1947863388926054E-002   20.008387715654891     
  0.39762853273074056       0.38718815447765054        3.5843590166778162E-002   1.1947863388926054E-002   44.306585988756183     
  0.99776720759003079       0.47828165648709497        3.5843590166778162E-002   1.1947863388926054E-002   30.427815693600259     
  0.61105188152679191       0.59791591858848425        3.5843590166778162E-002   1.1947863388926054E-002   61.872820215155230     
  0.86251143390068152       0.75477185370992916        3.5843590166778162E-002   1.1947863388926054E-002   90.242872966753396     
