          50   1165.3136706565017     
         100   1119.6157469172060     
         150   1077.7481396406188     
         200   1032.2935763680834     
         250   981.06408252874508     
         300   932.45712109999056     
         350   885.53175693415346     
         400   843.75607087646813     
         450   806.30914311279048     
         500   770.23054287892580     
         550   737.50809783087504     
         600   702.24818611053786     
         650   665.30459035640536     
         700   630.95877488466647     
         750   596.70202878918678     
         800   561.64953418675043     
         850   526.53870459483312     
         900   492.91691543543396     
         950   461.77153818836490     
        1000   431.62656514311323     
        1050   401.24253608132489     
        1100   371.36592755783852     
        1150   339.73073897937684     
        1200   307.57274370513431     
        1250   275.98900241968170     
        1300   245.23283170423520     
        1350   214.71092397810017     
        1400   184.88478928872814     
        1450   156.11723564776139     
        1500   127.83979508858499     
        1550   100.40054049825864     
        1600   73.174926919660791     
        1650   44.966031324041232     
        1700   16.951920487362958     
        1750  -11.806200628772862     
        1800  -39.810473482075572     
        1850  -67.020457543520507     
        1900  -93.120599921401165     
        1950  -118.94162871627631     
        2000  -144.11451151146528     
        2050  -169.18286846477503     
        2100  -193.67011154230153     
        2150  -217.30837765350842     
        2200  -240.19491144772562     
        2250  -262.53637381501267     
        2300  -285.07774434918565     
        2350  -308.21574830864932     
        2400  -330.92518937640830     
        2450  -353.23680220661510     
        2500  -374.83331450746579     
        2550  -396.15218590921353     
        2600  -417.34051765151810     
        2650  -439.02331947555786     
        2700  -461.00288986276212     
        2750  -482.86840987349723     
        2800  -504.92626820015619     
        2850  -526.41512058420903     
        2900  -547.39242943168904     
        2950  -567.94896404335930     
        3000  -588.42101644856189     
        3050  -608.65073256512699     
        3100  -628.50178124453987     
        3150  -647.79562024370057     
        3200  -666.57869826783156     
        3250  -685.24814417891741     
        3300  -704.20742153566334     
        3350  -723.32906240738748     
        3400  -742.70108129495577     
        3450  -762.54309514435977     
        3500  -782.29195607841132     
        3550  -801.82730994807275     
        3600  -821.09500029108062     
        3650  -840.35331687815312     
        3700  -859.37923004015590     
        3750  -877.99891930608044     
        3800  -896.27455992689613     
        3850  -914.34100056442742     
        3900  -932.35456828282554     
        3950  -950.25929654868787     
        4000  -967.84680514270019     
        4050  -985.18008956310950     
        4100  -1002.1616789879588     
        4150  -1018.7883031680753     
        4200  -1035.2005963697188     
        4250  -1051.3217436166585     
        4300  -1067.3539066129324     
        4350  -1083.8265438366834     
        4400  -1100.2866406492101     
        4450  -1116.5276137763412     
        4500  -1132.5535783833020     
        4550  -1148.5107071078328     
        4600  -1164.5745577704968     
        4650  -1180.4616629197158     
        4700  -1196.2181011947123     
        4750  -1211.7682619253503     
        4800  -1227.4645651286748     
        4850  -1243.2977468183342     
        4900  -1259.2166938957844     
        4950  -1275.1671962660223     
        5000  -1290.8789376232746     
        5050  -1306.4590065488699     
        5100  -1322.0159583824197     
        5150  -1337.4990943156092     
        5200  -1352.7797503906600     
        5250  -1368.2852551434032     
        5300  -1383.7105373791026     
        5350  -1398.9417792998818     
        5400  -1414.0326523973492     
        5450  -1429.0846309787751     
        5500  -1444.0682147648270     
        5550  -1459.0116273301112     
        5600  -1473.7510042383537     
        5650  -1488.4715870605160     
        5700  -1503.3432263065820     
        5750  -1518.1315224318871     
        5800  -1532.7186841683802     
        5850  -1547.2293264277421     
        5900  -1561.9535132845876     
        5950  -1576.4457734635032     
        6000  -1590.9272615105410     
        6050  -1605.3436644118847     
        6100  -1619.8448549102673     
        6150  -1634.3056006218339     
        6200  -1648.6458917940852     
        6250  -1662.8070883743299     
        6300  -1676.9304356467683     
        6350  -1690.9414619390359     
        6400  -1704.9549013150788     
        6450  -1718.9559652227558     
        6500  -1733.0404790904784     
        6550  -1747.0196883018782     
        6600  -1760.9154284499432     
        6650  -1774.7110933774868     
        6700  -1788.4300199317688     
        6750  -1801.9999434863930     
        6800  -1815.4499630557689     
        6850  -1828.8643116398960     
        6900  -1842.2150699306899     
        6950  -1855.5253619110244     
        7000  -1868.8509440173791     
        7050  -1882.1093163867699     
        7100  -1895.3876458676809     
        7150  -1908.4971919761299     
        7200  -1921.4777203529077     
        7250  -1934.3385295445003     
        7300  -1947.1572363058920     
        7350  -1959.8238895889983     
        7400  -1972.3602770333175     
        7450  -1984.7773951220697     
        7500  -1997.1360386448946     
        7550  -2009.4754188840443     
        7600  -2021.8177150130318     
        7650  -2034.0294786847796     
        7700  -2046.1645839263053     
        7750  -2058.1867861676565     
        7800  -2070.1758913152653     
        7850  -2082.0904416344274     
        7900  -2093.9025430637489     
        7950  -2105.5992448202505     
        8000  -2117.1979695513833     
        8050  -2128.6622478303343     
        8100  -2140.0262953396209     
        8150  -2151.3807955698476     
        8200  -2162.8536582926076     
        8250  -2174.3359957411749     
        8300  -2185.9164103370576     
        8350  -2197.4211389003085     
        8400  -2208.8687197610934     
        8450  -2220.3716969618540     
        8500  -2231.9919729221397     
        8550  -2243.4929253215928     
        8600  -2254.9826431533716     
        8650  -2266.4681694865449     
        8700  -2277.8429113213383     
        8750  -2289.1112737303397     
        8800  -2300.3185193690456     
        8850  -2311.4195098036885     
        8900  -2322.4334831625615     
        8950  -2333.3727289479370     
        9000  -2344.2378649039979     
        9050  -2355.0597020364075     
        9100  -2365.8343199923261     
        9150  -2376.5593970005766     
        9200  -2387.2825128870859     
        9250  -2398.0091184285379     
        9300  -2408.7150454502776     
        9350  -2419.3528967114262     
        9400  -2429.9117070728607     
        9450  -2440.4591531720480     
        9500  -2450.9601635952736     
        9550  -2461.3931029727769     
        9600  -2471.7653860411456     
        9650  -2482.0952204172431     
        9700  -2492.3378492447728     
        9750  -2502.5682448280381     
        9800  -2512.7731085939113     
        9850  -2522.9718973685017     
        9900  -2533.1517224818381     
        9950  -2543.3336015460500     
       10000  -2553.4596821803484     
       10050  -2563.5635178653074     
       10100  -2573.6608193835586     
       10150  -2583.7157605639663     
       10200  -2593.7625944114038     
       10250  -2603.8045632091535     
       10300  -2613.7967128098758     
       10350  -2623.7527422521493     
       10400  -2633.6375087172323     
       10450  -2643.4447831554589     
       10500  -2653.1925850085258     
       10550  -2662.8924881198018     
       10600  -2672.5292018850455     
       10650  -2682.2206095406373     
       10700  -2691.8479394539868     
       10750  -2701.4065562656674     
       10800  -2710.8875920448327     
       10850  -2720.3371297180020     
       10900  -2729.7514584971464     
       10950  -2739.0825623422447     
       11000  -2748.3611529849122     
       11050  -2757.6026475981121     
       11100  -2766.7746836711085     
       11150  -2775.8787321023938     
       11200  -2784.9903035121902     
       11250  -2794.0658285235268     
       11300  -2803.0765655147998     
       11350  -2812.0199614670078     
       11400  -2820.9210892706210     
       11450  -2829.8233481865723     
       11500  -2838.6719564237987     
       11550  -2847.4881277562927     
       11600  -2856.2481175915900     
       11650  -2864.9467612891362     
       11700  -2873.6420288252953     
       11750  -2882.3219669694899     
       11800  -2891.0704281228827     
       11850  -2899.8246921068771     
       11900  -2908.5197069959145     
       11950  -2917.1686883616785     
       12000  -2925.7972568404980     
       12050  -2934.4437102320931     
       12100  -2943.0850821162126     
       12150  -2951.6968320815308     
       12200  -2960.3040625652602     
       12250  -2968.8547306950622     
       12300  -2977.3468706451245     
       12350  -2985.8036998164926     
       12400  -2994.2374242726714     
       12450  -3002.6395255410362     
       12500  -3011.0393172146128     
       12550  -3019.3887497616829     
       12600  -3027.7142719243898     
       12650  -3036.0655958016469     
       12700  -3044.3755222477294     
       12750  -3052.6243438132169     
       12800  -3060.8312178068086     
       12850  -3068.9897290030012     
       12900  -3077.1101488377426     
       12950  -3085.1937269420191     
       13000  -3093.2305511083227     
       13050  -3101.2102404191828     
       13100  -3109.1304108808768     
       13150  -3117.0107568645162     
       13200  -3124.8585837060341     
       13250  -3132.7053045979255     
       13300  -3140.5622975891456     
       13350  -3148.3661045770809     
       13400  -3156.1329372177111     
       13450  -3163.8983620205090     
       13500  -3171.6512969817236     
       13550  -3179.3655597457050     
       13600  -3187.0511558368721     
       13650  -3194.7628531543660     
       13700  -3202.4521342432558     
       13750  -3210.1158785979537     
       13800  -3217.7372326145328     
       13850  -3225.3566140027156     
       13900  -3232.9933222690988     
       13950  -3240.6473246293913     
       14000  -3248.2901884844432     
       14050  -3255.9639759389534     
       14100  -3263.6214359224582     
       14150  -3271.2341771216084     
       14200  -3278.7967135594754     
       14250  -3286.3459547522816     
       14300  -3293.8506846155001     
       14350  -3301.3423902862783     
       14400  -3308.8209315758227     
       14450  -3316.2761046030814     
       14500  -3323.6830856351653     
       14550  -3331.0506069353219     
       14600  -3338.3728685407300     
       14650  -3345.6958820301602     
       14700  -3352.9763485120225     
       14750  -3360.2466938370594     
       14800  -3367.4848642407237     
       14850  -3374.7511494282121     
       14900  -3382.0055452577044     
       14950  -3389.2586468703748     
       15000  -3396.4903617931113     
       15050  -3403.7009545105661     
       15100  -3410.8870979995727     
       15150  -3418.0387493291701     
       15200  -3425.1719490669107     
       15250  -3432.2807751778810     
       15300  -3439.4151385930309     
       15350  -3446.5249043721046     
       15400  -3453.6392673680130     
       15450  -3460.7505700991915     
       15500  -3467.8421307431431     
       15550  -3474.9227340997504     
       15600  -3482.0155132771565     
       15650  -3489.1166914210235     
       15700  -3496.1782708114006     
       15750  -3503.1951387771564     
       15800  -3510.1858680836331     
       15850  -3517.1880721890620     
       15900  -3524.1867157623851     
       15950  -3531.2019781407789     
       16000  -3538.2520528135879     
       16050  -3545.2665445876701     
       16100  -3552.2573961402882     
       16150  -3559.2332371832113     
       16200  -3566.2078839087503     
       16250  -3573.1884957749103     
       16300  -3580.1535034715671     
       16350  -3587.0912453626761     
       16400  -3594.0235601667223     
       16450  -3600.9146459322042     
       16500  -3607.7654952701937     
       16550  -3614.6015860417865     
       16600  -3621.3977750378185     
       16650  -3628.1643609995863     
       16700  -3634.9152908907208     
       16750  -3641.6434358354386     
       16800  -3648.3338518871710     
       16850  -3654.9975813747178     
       16900  -3661.6376302439326     
       16950  -3668.2391108379315     
       17000  -3674.8319220442149     
       17050  -3681.4221764139911     
       17100  -3687.9969990272061     
       17150  -3694.5615537457657     
       17200  -3701.1027412578765     
       17250  -3707.6273578397227     
       17300  -3714.1393670969774     
       17350  -3720.6483878809481     
       17400  -3727.1480875883763     
       17450  -3733.6780543462742     
       17500  -3740.1774805432292     
       17550  -3746.6986381987558     
       17600  -3753.2176659339675     
       17650  -3759.7059963862944     
       17700  -3766.1594202556380     
       17750  -3772.5908419967468     
       17800  -3779.0345760084524     
       17850  -3785.4506704723535     
       17900  -3791.8347683100301     
       17950  -3798.1855964348019     
       18000  -3804.5086821459745     
       18050  -3810.8044956510325     
       18100  -3817.1039441329458     
       18150  -3823.4103949974083     
       18200  -3829.6822257585027     
       18250  -3835.9498393807075     
       18300  -3842.2076470140300     
       18350  -3848.4597933565851     
       18400  -3854.6918804290422     
       18450  -3860.8967081603232     
       18500  -3867.0708806661628     
       18550  -3873.2310942442068     
       18600  -3879.4082639204685     
       18650  -3885.6154314839741     
       18700  -3891.8013412405394     
       18750  -3897.9587677975105     
       18800  -3904.1341106311429     
       18850  -3910.3112878577090     
       18900  -3916.4647962532022     
       18950  -3922.6309608200872     
       19000  -3928.8089061855148     
       19050  -3934.9689363814668     
       19100  -3941.1267990781944     
       19150  -3947.2651821054519     
       19200  -3953.3853936188016     
       19250  -3959.5615948205859     
       19300  -3965.7107747425184     
       19350  -3971.8418214715480     
       19400  -3977.9582416401054     
       19450  -3984.0722162554957     
       19500  -3990.2111892585581     
       19550  -3996.3211518568492     
       19600  -4002.4046428196502     
       19650  -4008.4886936116391     
       19700  -4014.5715924333708     
       19750  -4020.6569880322559     
       19800  -4026.7130700684966     
       19850  -4032.7396757916381     
       19900  -4038.7359970639095     
       19950  -4044.7022615879491     
       20000  -4050.6386947893684     
       20050  -4056.5727640958467     
       20100  -4062.5207306560442     
       20150  -4068.4394172185353     
       20200  -4074.3288033524991     
       20250  -4080.1898940237525     
       20300  -4086.0329544383421     
       20350  -4091.8543639722038     
       20400  -4097.6677617570149     
       20450  -4103.4668278071313     
       20500  -4109.2559233864040     
       20550  -4115.0168481842693     
       20600  -4120.7498476092806     
       20650  -4126.4554459809497     
       20700  -4132.1430915741475     
       20750  -4137.8087197063714     
       20800  -4143.4649212863942     
       20850  -4149.0960773585894     
       20900  -4154.7207963919245     
       20950  -4160.3308182088103     
       21000  -4165.9267573129082     
       21050  -4171.5221571104448     
       21100  -4177.1004346544232     
       21150  -4182.6797515808266     
       21200  -4188.2659001833345     
       21250  -4193.8285608176984     
       21300  -4199.3659415854227     
       21350  -4204.8801224587469     
       21400  -4210.3722358917230     
       21450  -4215.8516654459963     
       21500  -4221.3113884573977     
       21550  -4226.7462973099473     
       21600  -4232.1689995635388     
       21650  -4237.5706172599284     
       21700  -4242.9489366814651     
       21750  -4248.3071593411878     
       21800  -4253.6450429438601     
       21850  -4258.9605714488698     
       21900  -4264.2539026285876     
       21950  -4269.5412058675720     
       22000  -4274.8350273864253     
       22050  -4280.1052275447219     
       22100  -4285.3795289686814     
       22150  -4290.6326998998984     
       22200  -4295.8660742026123     
       22250  -4301.0765181181978     
       22300  -4306.2707459464837     
       22350  -4311.4597135210970     
       22400  -4316.6348433213780     
       22450  -4321.7992870667076     
       22500  -4326.9492747330250     
       22550  -4332.0885886305568     
       22600  -4337.2260371388265     
       22650  -4342.3420276343095     
       22700  -4347.4604372714375     
       22750  -4352.5882106456947     
       22800  -4357.7094521277804     
       22850  -4362.8229200370606     
       22900  -4367.9451667085541     
       22950  -4373.0499379218900     
       23000  -4378.1418833539492     
       23050  -4383.2141169403912     
       23100  -4388.2645994456216     
       23150  -4393.2991510793890     
       23200  -4398.3289039597776     
       23250  -4403.3445519001589     
       23300  -4408.3515053352457     
       23350  -4413.3416064512912     
       23400  -4418.3125338095060     
       23450  -4423.2693680510720     
       23500  -4428.2086028825961     
       23550  -4433.1284077436048     
       23600  -4438.0349255263336     
       23650  -4442.9470025153487     
       23700  -4447.8464092324393     
       23750  -4452.7467439905922     
       23800  -4457.6278311044689     
       23850  -4462.4908475546372     
       23900  -4467.3351036925496     
       23950  -4472.1599491489160     
       24000  -4476.9669842672884     
       24050  -4481.7590530554207     
       24100  -4486.5423374550137     
       24150  -4491.3250208538184     
       24200  -4496.0992243774617     
       24250  -4500.8608804865535     
       24300  -4505.6155523445541     
       24350  -4510.3524190370890     
       24400  -4515.0727024123607     
       24450  -4519.7808470111995     
       24500  -4524.4926797756552     
       24550  -4529.2232651086124     
       24600  -4533.9883553652226     
       24650  -4538.7519108738543     
       24700  -4543.4967709769380     
       24750  -4548.2224599280898     
       24800  -4552.9539339423127     
       24850  -4557.6772689877580     
       24900  -4562.3822866416358     
       24950  -4567.0724938761477     
       25000  -4571.8073886599523     
       25050  -4576.5756602424499     
       25100  -4581.3342191441270     
       25150  -4586.0892905624460     
       25200  -4590.8391122952089     
       25250  -4595.5832487613261     
       25300  -4600.3156660837376     
       25350  -4605.0294168967093     
       25400  -4609.7246378343625     
       25450  -4614.4085868117509     
       25500  -4619.0951005160368     
       25550  -4623.7642384131186     
       25600  -4628.4163654482063     
       25650  -4633.0507189046402     
       25700  -4637.6671305228292     
       25750  -4642.2658887040225     
       25800  -4646.8479176146166     
       25850  -4651.4348205250144     
       25900  -4656.0533056427648     
       25950  -4660.6595992402226     
       26000  -4665.2514188292689     
       26050  -4669.8256114717160     
       26100  -4674.3822784718550     
       26150  -4678.9242005119031     
       26200  -4683.5033684898235     
       26250  -4688.0714382586975     
       26300  -4692.6232070578408     
       26350  -4697.1834515528735     
       26400  -4701.7375439054586     
       26450  -4706.2863129586722     
       26500  -4710.8250161830756     
       26550  -4715.3485531301794     
       26600  -4719.8684802228836     
       26650  -4724.4004074855193     
       26700  -4728.9209533485127     
       26750  -4733.4269836625645     
       26800  -4737.9237935219762     
       26850  -4742.4060819936103     
       26900  -4746.8717076828216     
       26950  -4751.3303270893157     
       27000  -4755.8161917337411     
       27050  -4760.3017085840202     
       27100  -4764.7856152121194     
       27150  -4769.2572130386461     
       27200  -4773.7139902716390     
       27250  -4778.1630978498097     
       27300  -4782.6001027740676     
       27350  -4787.0208846455862     
       27400  -4791.4379324865686     
       27450  -4795.8440137073039     
       27500  -4800.2366697215066     
       27550  -4804.6233340748549     
       27600  -4809.0063570698612     
       27650  -4813.3792221847134     
       27700  -4817.7399866094938     
       27750  -4822.0869530569007     
       27800  -4826.4276794827820     
       27850  -4830.7815030486199     
       27900  -4835.1249436212520     
       27950  -4839.4533557920877     
       28000  -4843.7705539565168     
       28050  -4848.0774565630081     
       28100  -4852.3784760531044     
       28150  -4856.6679897032027     
       28200  -4860.9422923119891     
       28250  -4865.2024622501312     
       28300  -4869.4492033783190     
       28350  -4873.6884354200902     
       28400  -4877.9205342183332     
       28450  -4882.1509438642443     
       28500  -4886.3673679954090     
       28550  -4890.5693793229639     
       28600  -4894.7566983032184     
       28650  -4898.9357449280596     
       28700  -4903.1042882710153     
       28750  -4907.2593039785725     
       28800  -4911.4022094228358     
       28850  -4915.5326330317575     
       28900  -4919.6490744650755     
       28950  -4923.7512967570010     
       29000  -4927.8525859981901     
       29050  -4931.9619822989571     
       29100  -4936.0574430033721     
       29150  -4940.1532974113816     
       29200  -4944.2428090289613     
       29250  -4948.3192679940066     
       29300  -4952.3818141298188     
       29350  -4956.4305185411476     
       29400  -4960.4654518490379     
       29450  -4964.4890699777125     
       29500  -4968.5286023649487     
       29550  -4972.5556795814800     
       29600  -4976.5740574337042     
       29650  -4980.5823721426677     
       29700  -4984.5844838465619     
       29750  -4988.5762845525678     
       29800  -4992.5652814328032     
       29850  -4996.5518765838451     
       29900  -5000.5285949562813     
       29950  -5004.5010820749103     
       30001  -5008.5406537052513     
       30050  -5012.4099414314414     
       30100  -5016.3452082655813     
       30150  -5020.2674228050801     
       30200  -5024.1766498792158     
       30250  -5028.0729538886444     
       30300  -5031.9563988089321     
       30350  -5035.8262363436361     
       30400  -5039.6804705049944     
       30450  -5043.5220470829008     
       30500  -5047.3510283277637     
       30550  -5051.1675209439818     
       30600  -5054.9715413621079     
       30650  -5058.7631506206317     
       30700  -5062.5424093603970     
       30750  -5066.3093778278389     
       30800  -5070.0641158781782     
       30850  -5073.8066829785976     
       30900  -5077.5371910875565     
       30950  -5081.2562529522165     
       31000  -5084.9630635743833     
       31050  -5088.6566032368346     
       31100  -5092.3382080006813     
       31150  -5096.0073213889118     
       31200  -5099.6646747983341     
       31250  -5103.3103246768460     
       31300  -5106.9443271116561     
       31350  -5110.5667378321614     
       31400  -5114.1776122127922     
       31450  -5117.7770052758369     
       31500  -5121.3649716942373     
       31550  -5124.9405116218886     
       31600  -5128.4988604759355     
       31650  -5132.0461227407695     
       31700  -5135.5843662367888     
       31750  -5139.1012251037455     
       31800  -5142.5889943409247     
       31850  -5146.0497362408996     
       31900  -5149.4996294201856     
       31950  -5152.9385370890050     
       32000  -5156.3731978557635     
       32050  -5159.8020003388056     
       32100  -5163.2314843188851     
       32150  -5166.6503011637242     
       32200  -5170.0599405715002     
       32250  -5173.4590992267886     
       32300  -5176.8477341710704     
       32350  -5180.2460926344693     
       32400  -5183.6300300366502     
       32450  -5186.9768737806871     
       32500  -5190.3134195439734     
       32550  -5193.6408845336309     
       32600  -5196.9592206895231     
       32650  -5200.2718036770793     
       32700  -5203.5789013122694     
       32750  -5206.8567094164982     
       32800  -5210.1273561249182     
       32850  -5213.3974437690031     
       32900  -5216.6606569132982     
       32950  -5219.9214712813200     
       33000  -5223.1724043936802     
       33050  -5226.4135010972295     
       33100  -5229.6329648721230     
       33150  -5232.8387047236392     
       33200  -5236.0279834114644     
       33250  -5239.2071277912091     
       33300  -5242.3751834921241     
       33350  -5245.5337397756457     
       33400  -5248.6828393038268     
       33450  -5251.8225244836422     
       33500  -5254.9490834750577     
       33550  -5258.0620283934395     
       33600  -5261.1658930326521     
       33650  -5264.2605337056257     
       33700  -5267.3422640395029     
       33750  -5270.3875693360869     
       33800  -5273.4238648536866     
       33850  -5276.4511905174668     
       33900  -5279.4695860170486     
       33950  -5282.4790908082359     
       34000  -5285.4797441147430     
       34050  -5288.4715849298955     
       34100  -5291.4546520183176     
       34150  -5294.4289839176072     
       34200  -5297.3953673060050     
       34250  -5300.3733068276360     
       34300  -5303.3425643098453     
       34350  -5306.3031776654680     
       34400  -5309.2551845869184     
       34450  -5312.1986225477840     
       34500  -5315.1335288044147     
       34550  -5318.0599403974957     
       34600  -5320.9778533076515     
       34650  -5323.8872659379431     
       34700  -5326.7913485873560     
       34750  -5329.6876551355590     
       34800  -5332.5768426137420     
       34850  -5335.4592222320634     
       34900  -5338.3348806734393     
       34950  -5341.2131303081769     
       35000  -5344.0815142330885     
       35050  -5346.9392821939728     
       35100  -5349.7878674482517     
       35150  -5352.6302205255779     
       35200  -5355.4663679835230     
       35250  -5358.2944696330760     
       35300  -5361.1145596632259     
       35350  -5363.9266720695277     
       35400  -5366.7305401018284     
       35450  -5369.5253763005485     
       35500  -5372.3123397212439     
       35550  -5375.0914635823883     
       35600  -5377.8627809158315     
       35650  -5380.6223727515990     
       35700  -5383.3709614064383     
       35750  -5386.1117623937498     
       35800  -5388.8449923551425     
       35850  -5391.5708661520757     
       35900  -5394.2917412681572     
       35950  -5397.0051304815015     
       36000  -5399.7076407397417     
       36050  -5402.3993173089866     
       36100  -5405.0835377104495     
       36150  -5407.7583013211270     
       36200  -5410.4308670564560     
       36250  -5413.1005311495828     
       36300  -5415.7829032805084     
       36350  -5418.4551513576189     
       36400  -5421.1216895881926     
       36450  -5423.7809122131957     
       36500  -5426.4282503035010     
       36550  -5429.0271715355530     
       36600  -5431.6225652967514     
       36650  -5434.2111877995467     
       36700  -5436.7927568350324     
       36750  -5439.3594993389997     
       36800  -5441.9113809210194     
       36850  -5444.4496257450737     
       36900  -5446.9788328147615     
       36950  -5449.4997789542849     
       37000  -5452.0191992775581     
       37050  -5454.5318195459777     
       37100  -5457.0376672530265     
       37150  -5459.5363865028112     
       37200  -5462.0271558078857     
       37250  -5464.5136358757291     
       37300  -5466.9401477440197     
       37350  -5469.1537131155956     
       37400  -5471.3610226603168     
       37450  -5473.6123162247077     
       37500  -5475.8583451095874     
       37550  -5478.0983925593546     
       37600  -5480.3324824361171     
       37650  -5482.5606384752255     
       37700  -5484.8045802437318     
       37750  -5487.0541391829083     
       37800  -5489.2947252662534     
       37850  -5491.5308401072480     
       37900  -5493.7612156305304     
       37950  -5495.9857140114591     
       38000  -5498.2043560284674     
       38050  -5500.4171575155096     
       38100  -5502.6241408815195     
       38150  -5504.8252926302375     
       38200  -5507.0201745786026     
       38250  -5509.2190514057766     
       38300  -5511.4157941929216     
       38350  -5513.6068088372049     
       38400  -5515.7921447795479     
       38450  -5517.9720404148684     
       38500  -5520.1462739836024     
       38550  -5522.3148675171396     
       38600  -5524.4777673740409     
       38650  -5526.6305235842729     
       38700  -5528.7773227604966     
       38750  -5530.8990495087501     
       38800  -5533.0057027704534     
       38850  -5535.1069335012389     
       38900  -5537.2011401766849     
       38950  -5539.2979515546231     
       39000  -5541.3959673942200     
       39050  -5543.4886105940232     
       39100  -5545.5759017651817     
       39150  -5547.6578614135533     
       39200  -5549.7345099403728     
       39250  -5551.8058676429200     
       39300  -5553.8719547151813     
       39350  -5555.9327912485032     
       39400  -5557.9883972322496     
       39450  -5560.0387925544392     
       39500  -5562.0839970023953     
       39550  -5564.1240302633787     
       39600  -5566.1589119252185     
       39650  -5568.1886614769392     
       39700  -5570.2132983093861     
       39750  -5572.2328417158406     
       39800  -5574.2473108926297     
       39850  -5576.2567249397407     
       39900  -5578.2611028614201     
       39950  -5580.2604635667749     
       40000  -5582.2548258703664     
       40050  -5584.2442084928007     
       40100  -5586.2286300613141     
       40150  -5588.2081091103537     
       40200  -5590.1826640821564     
       40250  -5592.1523133273213     
       40300  -5594.1170751053769     
       40350  -5596.0769675853453     
       40400  -5598.0320088463050     
       40450  -5599.9822168779410     
       40500  -5601.9273424527746     
       40550  -5603.8618530850381     
       40600  -5605.7887745220960     
       40650  -5607.7070441749056     
       40700  -5609.6185265004515     
       40750  -5611.5241531760857     
       40800  -5613.4194271514143     
       40850  -5615.3117043642051     
       40900  -5617.1962774633757     
       40950  -5619.0735705089528     
       41000  -5620.9462847910036     
       41050  -5622.8144370406981     
       41100  -5624.6780439077911     
       41150  -5626.5375445315749     
       41200  -5628.3938683201777     
       41250  -5630.2389132209073     
       41300  -5632.0738356729507     
       41350  -5633.9044594913685     
       41400  -5635.7306893320738     
       41450  -5637.5525133106794     
       41500  -5639.3699473519864     
       41550  -5641.1830073041447     
       41600  -5642.9917089391101     
       41650  -5644.7960679531034     
       41700  -5646.5945969457098     
       41750  -5648.3752495192630     
       41800  -5650.1202431725515     
       41850  -5651.8624389559272     
       41900  -5653.5973494407972     
       41950  -5655.3224952830496     
       42000  -5657.0452455988752     
       42050  -5658.7638990055075     
       42100  -5660.4784701000099     
       42150  -5662.1889734101833     
       42200  -5663.8954233949780     
       42250  -5665.5978344448968     
       42300  -5667.2962208824047     
       42350  -5668.9905969623269     
       42400  -5670.6809768722496     
       42450  -5672.3673747329140     
       42500  -5674.0498045986124     
       42550  -5675.7282804575761     
       42600  -5677.4028162323630     
       42650  -5679.0734257802460     
       42700  -5680.7401228935905     
       42750  -5682.4029213002377     
       42800  -5684.0618346638776     
       42850  -5685.7168765844299     
       42900  -5687.3680605984064     
       42950  -5689.0154001792889     
       43000  -5690.6575954456348     
       43050  -5692.2947646057046     
       43100  -5693.9281352294402     
       43150  -5695.5577205214877     
       43200  -5697.1835336253589     
       43250  -5698.8055876237868     
       43300  -5700.4238955390783     
       43350  -5702.0384703334576     
       43400  -5703.6493249094165     
       43450  -5705.2564721100571     
       43500  -5706.8599247194315     
       43550  -5708.4596954628832     
       43600  -5710.0557970073824     
       43650  -5711.6482419618596     
       43700  -5713.2370428775394     
       43750  -5714.8222122482694     
       43800  -5716.4037625108467     
       43850  -5717.9817060453452     
       43900  -5719.5560551754370     
       43950  -5721.1268221687133     
       44000  -5722.6940192370057     
       44050  -5724.2576585366987     
       44100  -5725.8177521690450     
       44150  -5727.3743121804791     
       44200  -5728.9273505629290     
       44250  -5730.4805758035072     
       44300  -5732.0291655163301     
       44350  -5733.5702688360934     
       44400  -5735.1079012024329     
       44450  -5736.6420743283534     
       44500  -5738.1727998742153     
       44550  -5739.6959925656884     
       44600  -5741.2120276128662     
       44650  -5742.7365132688537     
       44700  -5744.2594570346855     
       44750  -5745.7794918798809     
       44800  -5747.2958009228632     
       44850  -5748.8083689164914     
       44900  -5750.3175681618040     
       44950  -5751.8234099004530     
       45000  -5753.3259053241272     
       45050  -5754.8237013029957     
       45100  -5756.3175921867614     
       45150  -5757.8081743421026     
       45200  -5759.2954587493123     
       45250  -5760.7794563401530     
       45300  -5762.2601779981214     
       45350  -5763.7376345587190     
       45400  -5765.2118368097108     
       45450  -5766.6827954913942     
       45500  -5768.1505212968541     
       45550  -5769.6150248722251     
       45600  -5771.0763168169487     
       45650  -5772.5344076840274     
       45700  -5773.9893079802805     
       45750  -5775.4410281665969     
       45800  -5776.8895786581834     
       45850  -5778.3349698248157     
       45900  -5779.7772119910851     
       45950  -5781.2163154366435     
       46000  -5782.6088181846717     
       46050  -5783.9796959514661     
       46100  -5785.2935031883062     
       46150  -5786.5997628549894     
       46200  -5787.9031951197967     
       46250  -5789.2038091526802     
       46300  -5790.5016140839807     
       46350  -5791.7966190046427     
       46400  -5793.0888329664231     
       46450  -5794.3648780941876     
       46500  -5795.6407560716843     
       46550  -5796.9240651204273     
       46600  -5798.2027529141542     
       46650  -5799.4781670251441     
       46700  -5800.7482562407049     
       46750  -5802.0176543000580     
       46800  -5803.2854772900091     
       46850  -5804.5505805335069     
       46900  -5805.8101710352930     
       46950  -5807.0620790672110     
       47000  -5808.3113234650182     
       47050  -5809.5591264669702     
       47100  -5810.8062584263553     
       47150  -5812.0507453550726     
       47200  -5813.2925956589415     
       47250  -5814.5318177081999     
       47300  -5815.7679145372522     
       47350  -5817.0006714843730     
       47400  -5818.2265833416586     
       47450  -5819.4457699510940     
       47500  -5820.6450082853144     
       47550  -5821.8458822074135     
       47600  -5823.0516339255801     
       47650  -5824.2530140167255     
       47700  -5825.4503354413946     
       47750  -5826.6364843487645     
       47800  -5827.8196516964463     
       47850  -5829.0011945078350     
       47900  -5830.1817526017921     
       47950  -5831.3570682205691     
       48000  -5832.5289593803527     
       48050  -5833.6984116407402     
       48100  -5834.8654326074466     
       48150  -5836.0300298545963     
       48200  -5837.1922109248853     
       48250  -5838.3519833297432     
       48300  -5839.5093545494974     
       48350  -5840.6642255319384     
       48400  -5841.8160525791864     
       48450  -5842.9646901779188     
       48500  -5844.1005542165576     
       48550  -5845.2308293178494     
       48600  -5846.3600079004309     
       48650  -5847.4868654581751     
       48700  -5848.6114091400314     
       48750  -5849.7344255795479     
       48800  -5850.8561812437238     
       48850  -5851.9768249963099     
       48900  -5853.0854770896431     
       48950  -5854.2027180118412     
       49000  -5855.3482145048483     
       49050  -5856.4930388743405     
       49100  -5857.6334926810105     
       49150  -5858.7744566549190     
       49200  -5859.9175668503067     
       49250  -5861.0583560097639     
       49300  -5862.1968311952669     
       49350  -5863.3329994401720     
       49400  -5864.4668677493582     
       49450  -5865.5984430993749     
       49500  -5866.7277324385832     
       49550  -5867.8547426872992     
       49600  -5868.9794807379330     
       49650  -5870.0992422937070     
       49700  -5871.2178065367771     
       49750  -5872.3363150398891     
       49800  -5873.4488931271198     
       49850  -5874.5592393626221     
       49900  -5875.6673604553671     
       49950  -5876.7732630874661     
       50000  -5877.8772481862588     
       50050  -5878.9802908925412     
       50100  -5880.0808521837525     
       50150  -5881.1850988071737     
       50200  -5882.2905755783549     
       50250  -5883.3938523957631     
       50300  -5884.4332150670398     
       50350  -5885.4478273069135     
       50400  -5886.4618992528458     
       50450  -5887.4734323252742     
       50500  -5888.4846114706679     
       50550  -5889.4866931556517     
       50600  -5890.4463017415828     
       50650  -5891.3817346016476     
       50700  -5892.3133976973540     
       50750  -5893.2427931558132     
       50800  -5894.1703590956531     
       50850  -5895.0922861425906     
       50900  -5896.0109198731607     
       50950  -5896.9277505934651     
       51000  -5897.8427836064739     
       51050  -5898.7503567280201     
       51100  -5899.6572199845814     
       51150  -5900.5630289888240     
       51200  -5901.4660978184402     
       51250  -5902.3721979484217     
       51300  -5903.2779052431824     
       51350  -5904.2101058273138     
       51400  -5905.1524785070778     
       51450  -5906.0930195586989     
       51500  -5907.0317343170145     
       51550  -5907.9686280961687     
       51600  -5908.9037061897043     
       51650  -5909.8369738706670     
       51700  -5910.7684363917060     
       51750  -5911.6980989851681     
       51800  -5912.6259668631983     
       51850  -5913.5520452178380     
       51900  -5914.4763392211198     
       51950  -5915.3988540251657     
       52000  -5916.3195947622808     
       52050  -5917.2385665450493     
       52100  -5918.1557744664315     
       52150  -5919.0712235998526     
       52200  -5919.9842886259576     
       52250  -5920.8627559836596     
       52300  -5921.7411878047342     
       52350  -5922.6274836512475     
       52400  -5923.5156877946847     
       52450  -5924.4045960210178     
       52500  -5925.2918110888259     
       52550  -5926.1775931474886     
       52600  -5927.0618005271390     
       52650  -5927.9443285005600     
       52700  -5928.8251818478448     
       52750  -5929.7043653309647     
       52800  -5930.5767195588778     
       52850  -5931.4460985071673     
       52900  -5932.3138340169908     
       52950  -5933.1799307439824     
       53000  -5934.0443933262059     
       53050  -5934.9072263842399     
       53100  -5935.7684345212610     
       53150  -5936.6280223231233     
       53200  -5937.4974604357412     
       53250  -5938.3818076016432     
       53300  -5939.2647589976186     
       53350  -5940.1450117282739     
       53400  -5941.0235595865142     
       53450  -5941.9004530190268     
       53500  -5942.7757073983939     
       53550  -5943.6493273158021     
       53600  -5944.5213173453039     
       53650  -5945.3916820439035     
       53700  -5946.2607382145015     
       53750  -5947.1284655109293     
       53800  -5947.9945799313418     
       53850  -5948.8590859684291     
       53900  -5949.7216620216195     
       53950  -5950.5820600768684     
       54000  -5951.4408707023786     
       54050  -5952.2976823017543     
       54100  -5953.1481907456964     
       54150  -5953.9971285369256     
       54200  -5954.8445000222673     
       54250  -5955.6903095325206     
       54300  -5956.5348443566245     
       54350  -5957.3789114918181     
       54400  -5958.2214270330142     
       54450  -5959.0623952545748     
       54500  -5959.9018204151780     
       54550  -5960.7398136704451     
       54600  -5961.5762779909855     
       54650  -5962.4121494741157     
       54700  -5963.2472354393685     
       54750  -5964.0807961334522     
       54800  -5964.9128357313784     
       54850  -5965.7433583929369     
       54900  -5966.5723682627613     
       54950  -5967.3998694704032     
       55000  -5968.2255952035475     
       55050  -5969.0497694225314     
       55100  -5969.8724478625327     
       55150  -5970.6834777073700     
       55200  -5971.4996817249275     
       55250  -5972.3144509593058     
       55300  -5973.1277468315957     
       55350  -5973.9385525899243     
       55400  -5974.7490206315761     
       55450  -5975.5404598837758     
       55500  -5976.3265675928924     
       55550  -5977.1063795480268     
       55600  -5977.8746087681238     
       55650  -5978.6317844808427     
       55700  -5979.3832836348356     
       55750  -5980.1250984879043     
       55800  -5980.8712517972590     
       55850  -5981.6203864816071     
       55900  -5982.3681810323515     
       55950  -5983.1146390423437     
       56000  -5983.8597640916041     
       56050  -5984.6036801032487     
       56100  -5985.3481539561599     
       56150  -5986.0913019429045     
       56200  -5986.8170972793305     
       56250  -5987.5290182549807     
       56300  -5988.2396747173516     
       56350  -5988.9490700324968     
       56400  -5989.6572042994103     
       56450  -5990.3641678878457     
       56500  -5991.0657526479781     
       56550  -5991.7660420415441     
       56600  -5992.4665811798077     
       56650  -5993.1664057089492     
       56700  -5993.8650192993100     
       56750  -5994.5638728137701     
       56800  -5995.2639230632240     
       56850  -5995.9628040090456     
       56900  -5996.6603563029721     
       56950  -5997.3566837465132     
       57000  -5998.0517895629609     
       57050  -5998.7456769643049     
       57100  -5999.4383491512863     
       57150  -6000.1297002041692     
       57200  -6000.8181347169520     
       57250  -6001.5053667240363     
       57300  -6002.1910455885418     
       57350  -6002.8753913860701     
       57400  -6003.5585449435339     
       57450  -6004.2405093738298     
       57500  -6004.9212877790296     
       57550  -6005.6011995108347     
       57600  -6006.2795114211012     
       57650  -6006.9569642902097     
       57700  -6007.6332430642251     
       57750  -6008.3083507927440     
       57800  -6008.9822905148112     
       57850  -6009.6550652589676     
       57900  -6010.3266780432896     
       57950  -6010.9971318754378     
       58000  -6011.6664297527032     
       58050  -6012.3345746620489     
       58100  -6013.0015695801567     
       58150  -6013.6674174734699     
       58200  -6014.3321212982382     
       58250  -6014.9956840005598     
       58300  -6015.6581085164289     
       58350  -6016.3209490118716     
       58400  -6016.9656381528430     
       58450  -6017.6052026435200     
       58500  -6018.2436738615625     
       58550  -6018.8810546078412     
       58600  -6019.5170738543120     
       58650  -6020.1513703018491     
       58700  -6020.7832715959321     
       58750  -6021.4108895076697     
       58800  -6022.0368578164780     
       58850  -6022.6614562019331     
       58900  -6023.2849941487029     
       58950  -6023.8986549353594     
       59000  -6024.4998085393800     
       59050  -6025.0958498100590     
       59100  -6025.6908825506698     
       59150  -6026.2849093187688     
       59200  -6026.8776152800419     
       59250  -6027.4203287790133     
       59300  -6027.9587162477774     
       59350  -6028.4961965767470     
       59400  -6029.0327720566775     
       59450  -6029.5683015648428     
       59500  -6030.0960005593379     
       59550  -6030.6167256357194     
       59600  -6031.1451768909601     
       59650  -6031.6875609631379     
       59700  -6032.2290054409377     
       59750  -6032.7674644622812     
       59800  -6033.2980173763190     
       59850  -6033.8273765184267     
       59900  -6034.3553590503834     
       59950  -6034.8831916016370     
       60000  -6035.4101444319731     
       60050  -6035.9362197388600     
       60100  -6036.4623657643187     
       60150  -6036.9853561000800     
       60200  -6037.5074776811307     
       60250  -6038.0291676683137     
       60300  -6038.5466335279825     
       60350  -6039.0632419462927     
       60400  -6039.5755218870208     
       60450  -6040.0858585017195     
       60500  -6040.5953515848232     
       60550  -6041.1040032260062     
       60600  -6041.6118155080449     
       60650  -6042.1187905068491     
       60700  -6042.6249302914866     
       60750  -6043.1302369242158     
       60800  -6043.6347124605090     
       60850  -6044.1383589490852     
       60900  -6044.6411784319325     
       60950  -6045.1431729443402     
       61000  -6045.6445543475911     
       61050  -6046.1453080203410     
       61100  -6046.6452421289778     
       61150  -6047.1443586838805     
       61200  -6047.6422919361930     
       61250  -6048.1384673585098     
       61300  -6048.6338333592557     
       61350  -6049.1283919174584     
       61400  -6049.6221450056964     
       61450  -6050.1152586569997     
       61500  -6050.6082262314185     
       61550  -6051.1003928837017     
       61600  -6051.5917605641462     
       61650  -6052.0763561734766     
       61700  -6052.5567455637347     
       61750  -6053.0367971547748     
       61800  -6053.5102457790390     
       61850  -6053.9773780198930     
       61900  -6054.4437556044604     
       61950  -6054.9093803599981     
       62000  -6055.3742541078655     
       62050  -6055.8383786635522     
       62100  -6056.3017558367010     
       62150  -6056.7643874311325     
       62200  -6057.2262752448660     
       62250  -6057.6874210701435     
       62300  -6058.1478322752819     
       62350  -6058.6075149655526     
       62400  -6059.0664609848445     
       62450  -6059.5245434623957     
       62500  -6059.9817418987050     
       62550  -6060.4358408500393     
       62600  -6060.8892387524638     
       62650  -6061.3431526771756     
       62700  -6061.7969383352920     
       62750  -6062.2505927658985     
       62800  -6062.7059207586162     
       62850  -6063.1604990516762     
       62900  -6063.6143546447474     
       62950  -6064.0674892599109     
       63000  -6064.5199046137805     
       63050  -6064.9716024175250     
       63100  -6065.4225843768891     
       63150  -6065.8728521922167     
       63200  -6066.3224075584685     
       63250  -6066.7712521652493     
       63300  -6067.2193876968204     
       63350  -6067.6668158321318     
       63400  -6068.1135382448310     
       63450  -6068.5595566032944     
       63500  -6069.0048725706429     
       63550  -6069.4494878047617     
       63600  -6069.8934039583228     
       63650  -6070.3365380505684     
       63700  -6070.7802648253337     
       63750  -6071.2215532659575     
       63800  -6071.6607902631868     
       63850  -6072.0993393402960     
       63900  -6072.5372021121193     
       63950  -6072.9743258747658     
       64000  -6073.3921159267893     
       64050  -6073.8067134073090     
       64100  -6074.2206640898876     
       64150  -6074.6339694869130     
       64200  -6075.0466311060609     
       64250  -6075.4586504503150     
       64300  -6075.8700290179850     
       64350  -6076.2807683027204     
       64400  -6076.6908697935360     
       64450  -6077.1003456540502     
       64500  -6077.5092649218941     
       64550  -6077.9175506974552     
       64600  -6078.3252044516930     
       64650  -6078.7322276510122     
       64700  -6079.1386217572881     
       64750  -6079.5443882278787     
       64800  -6079.9495285156436     
       64850  -6080.3540440689640     
       64900  -6080.7578262480756     
       64950  -6081.1604909891003     
       65000  -6081.5513919039240     
       65050  -6081.9372709839254     
       65100  -6082.3225573157242     
       65150  -6082.7072522640519     
       65200  -6083.0913571894516     
       65250  -6083.4748734483001     
       65300  -6083.8578023928158     
       65350  -6084.2401453710818     
       65400  -6084.6219037270566     
       65450  -6085.0030788005924     
       65500  -6085.3836719274514     
       65550  -6085.7636844393191     
       65600  -6086.1431176638216     
       65650  -6086.5220292788199     
       65700  -6086.9005424832239     
       65750  -6087.2784800021454     
       65800  -6087.6558431479380     
       65850  -6088.0320561154194     
       65900  -6088.4046703007671     
       65950  -6088.7767194911403     
       66000  -6089.1482049706183     
       66050  -6089.5191280193940     
       66100  -6089.8894899137840     
       66150  -6090.2592919262479     
       66200  -6090.6285353253998     
       66250  -6090.9972213760238     
       66300  -6091.3653513390909     
       66350  -6091.7329264717691     
       66400  -6092.0999480274404     
       66450  -6092.4664172557141     
       66500  -6092.8323354024415     
       66550  -6093.1977371248995     
       66600  -6093.5627085791457     
       66650  -6093.9271324393121     
       66700  -6094.2910099368701     
       66750  -6094.6541737509415     
       66800  -6094.9858897202948     
       66850  -6095.3146483830596     
       66900  -6095.6429156277927     
       66950  -6095.9706925555065     
       67000  -6096.2979802639256     
       67050  -6096.6248031349769     
       67100  -6096.9376640433329     
       67150  -6097.2453629211041     
       67200  -6097.5498612399670     
       67250  -6097.8553940544871     
       67300  -6098.1713282834298     
       67350  -6098.4861362381071     
       67400  -6098.7989355615191     
       67450  -6099.1112711350079     
       67500  -6099.4231439891282     
       67550  -6099.7346484364934     
       67600  -6100.0457445125239     
       67650  -6100.3563807273931     
       67700  -6100.6605115425482     
       67750  -6100.9551303135659     
       67800  -6101.2494764645144     
       67850  -6101.5434847224333     
       67900  -6101.8368220502489     
       67950  -6102.1313118490352     
       68000  -6102.4251012214272     
       68050  -6102.7163682970922     
       68100  -6103.0069004459765     
       68150  -6103.2969331498534     
       68200  -6103.5865405858358     
       68250  -6103.8757236885795     
       68300  -6104.1644833900000     
       68350  -6104.4529725157881     
       68400  -6104.7372295691484     
       68450  -6105.0119205563324     
       68500  -6105.2727503745027     
       68550  -6105.5331996969499     
       68600  -6105.7915310851949     
       68650  -6106.0515602877485     
       68700  -6106.3117704051365     
       68750  -6106.5716020350810     
       68800  -6106.8310495548403     
       68850  -6107.0864935787904     
       68900  -6107.3400708791287     
       68950  -6107.5931746395263     
       69000  -6107.8457981731954     
       69050  -6108.0978394416807     
       69100  -6108.3477671473493     
       69150  -6108.5980039288997     
       69200  -6108.8428302148377     
       69250  -6109.0869533245959     
       69300  -6109.3340963439377     
       69350  -6109.5699159039614     
       69400  -6109.7978834784744     
       69450  -6110.0259183099670     
       69500  -6110.2536250337880     
       69550  -6110.4797569870807     
       69600  -6110.7015755706061     
       69650  -6110.9372854261292     
       69700  -6111.1726571039544     
       69750  -6111.4076913313456     
       69800  -6111.6432722260361     
       69850  -6111.8838262355457     
       69900  -6112.1240361048413     
       69950  -6112.3648656808855     
       70000  -6112.6056893626183     
       70050  -6112.8461252072857     
       70100  -6113.0857447157250     
       70150  -6113.3143648352207     
       70200  -6113.5188903128774     
       70250  -6113.6753875049017     
       70300  -6113.7860404313560     
       70350  -6113.8965360686461     
       70400  -6114.0067861832813     
       70450  -6114.1165257807215     
       70500  -6114.2261097191576     
       70550  -6114.3308240771503     
       70600  -6114.4134177444294     
       70650  -6114.5058361616593     
       70700  -6114.6012611096066     
       70750  -6114.6965511813032     
       70800  -6114.7917066625023     
       70850  -6114.8867278381522     
       70900  -6114.9816149923990     
       70950  -6115.0763684085841     
       71000  -6115.1709883692538     
       71050  -6115.2678467414089     
       71100  -6115.3748553597943     
       71150  -6115.4817135795593     
       71200  -6115.5884217175553     
       71250  -6115.6949800897437     
       71300  -6115.8013890111988     
       71350  -6115.9074121089352     
       71400  -6116.0126870177519     
       71450  -6116.1201718247466     
       71500  -6116.2274101756520     
       71550  -6116.3344986476604     
       71600  -6116.4414375547640     
       71650  -6116.5465428918524     
       71700  -6116.6499891139501     
       71750  -6116.7532911601284     
       71800  -6116.8569680743503     
       71850  -6116.9649064615178     
       71900  -6117.0742016694066     
       71950  -6117.1833449729065     
       72000  -6117.2923366884843     
       72050  -6117.4011771317300     
       72100  -6117.5098666173562     
       72150  -6117.6181289484648     
       72200  -6117.7262173039862     
       72250  -6117.8300009013483     
       72300  -6117.9081340817993     
       72350  -6117.9878604995702     
       72400  -6118.0676309530354     
       72450  -6118.1485780909170     
       72500  -6118.2294135775746     
       72550  -6118.3066829703248     
       72600  -6118.3938765155854     
       72650  -6118.4871273795043     
       72700  -6118.5805447815301     
       72750  -6118.6748117027746     
       72800  -6118.7689898555054     
       72850  -6118.8630387314306     
       72900  -6118.9577467940971     
       72950  -6119.0540636891474     
       73000  -6119.1509943279098     
       73050  -6119.2477922758590     
       73100  -6119.3338602929834     
       73150  -6119.4239878325652     
       73200  -6119.5167596604142     
       73250  -6119.6126771374720     
       73300  -6119.7083096968290     
       73350  -6119.8038118777822     
       73400  -6119.8991839467726     
       73450  -6119.9944261695155     
       73500  -6120.0881890832188     
       73550  -6120.1825657129184     
       73600  -6120.2803471029792     
       73650  -6120.3766423324596     
       73700  -6120.4728069035555     
       73750  -6120.5688410820121     
       73800  -6120.6647451328563     
       73850  -6120.7597284626499     
       73900  -6120.8540194571997     
       73950  -6120.9482911287523     
       74000  -6121.0426274207166     
       74050  -6121.1359574007356     
       74100  -6121.2291614293645     
       74150  -6121.3221345124821     
       74200  -6121.4153944216050     
       74250  -6121.5080218972416     
       74300  -6121.6001601418629     
       74350  -6121.6921744614738     
       74400  -6121.7840651059250     
       74450  -6121.8758323243919     
       74500  -6121.9674763653848     
       74550  -6122.0589974767454     
       74600  -6122.1503959056517     
       74650  -6122.2416718986178     
       74700  -6122.3328257014991     
       74750  -6122.4238575594945     
       74800  -6122.5147677171444     
       74850  -6122.6055564183380     
       74900  -6122.6962239063123     
       74950  -6122.7867704236560     
       75000  -6122.8771962123092     
       75050  -6122.9675015135699     
       75100  -6123.0576865680905     
       75150  -6123.1477516158857     
       75200  -6123.2376626914538     
       75250  -6123.3270611891558     
       75300  -6123.4197638650912     
       75350  -6123.5056996597168     
       75400  -6123.5915214811394     
       75450  -6123.6772295559467     
       75500  -6123.7628241101247     
       75550  -6123.8483053690625     
       75600  -6123.9336735575516     
       75650  -6124.0189288997908     
       75700  -6124.1040716193847     
       75750  -6124.1891019393488     
       75800  -6124.2740200821099     
       75850  -6124.3588262695084     
       75900  -6124.4435207227989     
       75950  -6124.5281036626557     
       76000  -6124.6125753091710     
       76050  -6124.6969358818569     
       76100  -6124.7811855996515     
       76150  -6124.8653246809154     
       76200  -6124.9493533434379     
       76250  -6125.0332718044356     
       76300  -6125.1170802805573     
       76350  -6125.2007789878817     
       76400  -6125.2843681419245     
       76450  -6125.3678479576356     
       76500  -6125.4512186494057     
       76550  -6125.5344804310616     
       76600  -6125.6176335158752     
       76650  -6125.7006781165592     
       76700  -6125.7836144452740     
       76750  -6125.8664427136255     
       76800  -6125.9491631326700     
       76850  -6126.0317759129121     
       76900  -6126.1142813468532     
       76950  -6126.1966836031888     
       77000  -6126.2789788436066     
       77050  -6126.3611672764446     
       77100  -6126.4432491094994     
       77150  -6126.5252245500296     
       77200  -6126.6070938047551     
       77250  -6126.6888570798637     
       77300  -6126.7705145810069     
       77350  -6126.8520665133055     
       77400  -6126.9335130813506     
       77450  -6127.0148544892045     
       77500  -6127.0960909404030     
       77550  -6127.1772226379571     
       77600  -6127.2582497843541     
       77650  -6127.3391725815618     
       77700  -6127.4199912310241     
       77750  -6127.5007059336713     
       77800  -6127.5813168899140     
       77850  -6127.6618242996483     
       77900  -6127.7422283622591     
       77950  -6127.8206941917970     
       78000  -6127.8936610933843     
       78050  -6127.9665345075900     
       78100  -6128.0393146139677     
       78150  -6128.1094823471321     
       78200  -6128.1816823282361     
       78250  -6128.2551869296367     
       78300  -6128.3265998596016     
       78350  -6128.3986867465501     
       78400  -6128.4706816859398     
       78450  -6128.5425848535770     
       78500  -6128.6143964248231     
       78550  -6128.6861165745895     
       78600  -6128.7577454773473     
       78650  -6128.8292833071191     
       78700  -6128.9007302374885     
       78750  -6128.9720864415976     
       78800  -6129.0433520921479     
       78850  -6129.1145273614038     
       78900  -6129.1856124211936     
       78950  -6129.2566074429087     
       79000  -6129.3275125975069     
       79050  -6129.3983764602435     
       79100  -6129.4675213226019     
       79150  -6129.5365452096967     
       79200  -6129.6054819454203     
       79250  -6129.6743316947250     
       79300  -6129.7430946221530     
       79350  -6129.8117708918271     
       79400  -6129.8803606674583     
       79450  -6129.9453334417121     
       79500  -6130.0100635258996     
       79550  -6130.0552244757764     
       79600  -6130.0974439994361     
       79650  -6130.1407120406448     
       79700  -6130.1840759067863     
       79750  -6130.2273853981733     
       79800  -6130.2707276204665     
       79850  -6130.3140732402353     
       79900  -6130.3503963993471     
       79950  -6130.3830335776829     
       80000  -6130.4120168961490     
