  0.31296955670619991       0.91832716837656980        4.7416612838507601E-002   1.5805537612835867E-002   79.865272536197764     
  0.29992789345844939        3.5733986046367398E-002   4.7416612838507601E-002   1.5805537612835867E-002   133.43632424161189     
  0.13378757687032178       0.35665902928504062        4.7416612838507601E-002   1.5805537612835867E-002   103.08659235707502     
  0.20482924072858899       0.51008827737624329        4.7416612838507601E-002   1.5805537612835867E-002   132.22898061385538     
  0.55823777899961224        5.8699421066933218E-002   4.7416612838507601E-002   1.5805537612835867E-002   89.242394102552652     
   7.2327598834007426E-002   8.3351642861099456E-003   4.7416612838507601E-002   1.5805537612835867E-002   54.418604635671429     
  0.82758155293530100       0.40837385846138413        4.7416612838507601E-002   1.5805537612835867E-002   149.30263044742102     
  0.43756311744436388       0.63236432407127241        4.7416612838507601E-002   1.5805537612835867E-002   63.247693065113353     
  0.62682472578165771       0.64031122683092601        4.7416612838507601E-002   1.5805537612835867E-002   102.31507063483865     
   9.1261709671256585E-003  0.40508349673262750        4.7416612838507601E-002   1.5805537612835867E-002   36.124650697733884     
  0.48451341125761138       0.67535467177945574        4.7416612838507601E-002   1.5805537612835867E-002   38.028863930354575     
   2.8642390150224489E-002  0.59400608901867524        4.7416612838507601E-002   1.5805537612835867E-002   20.525558554414882     
  0.20248710984549773       0.24684377198726290        4.7416612838507601E-002   1.5805537612835867E-002   155.95490350675155     
   8.4961788650715270E-002  0.99646146925211498        4.7416612838507601E-002   1.5805537612835867E-002   42.297491182008173     
  0.59789140648587602       0.75293706869655996        4.7416612838507601E-002   1.5805537612835867E-002   140.07068558084237     
  0.17778842342645673       0.79176383355945690        4.7416612838507601E-002   1.5805537612835867E-002   82.567901740908454     
  0.89501421402459658       0.73804942124078310        4.7416612838507601E-002   1.5805537612835867E-002   12.437717494883570     
  0.92956819714894567       0.89550344129109649        4.7416612838507601E-002   1.5805537612835867E-002   135.38529934349955     
  0.41717749831601231       0.63719542659481598        4.7416612838507601E-002   1.5805537612835867E-002   80.766378376233476     
  0.58224526429727164        6.6565943739366057E-002   4.7416612838507601E-002   1.5805537612835867E-002   140.09446997662539     
  0.97561767351010320       0.98396742359236211        4.7416612838507601E-002   1.5805537612835867E-002   47.464767319385530     
  0.24828698774390623       0.41703654486991848        4.7416612838507601E-002   1.5805537612835867E-002   29.227866870988478     
  0.20295107365717374       0.68747488260320366        4.7416612838507601E-002   1.5805537612835867E-002   61.693452989423413     
  0.63118088741338596       0.60173562574357153        4.7416612838507601E-002   1.5805537612835867E-002   120.19446630800591     
  0.18846057420171874       0.50018868455536802        4.7416612838507601E-002   1.5805537612835867E-002   108.66664976308365     
  0.95279340511529997       0.99130442581516320        4.7416612838507601E-002   1.5805537612835867E-002   86.138457633912978     
  0.11634110575556361       0.16722616298148224        4.7416612838507601E-002   1.5805537612835867E-002   134.65336561414230     
  0.17239302939428366       0.49191497619744934        4.7416612838507601E-002   1.5805537612835867E-002   122.76679688840068     
  0.33224397499127711       0.23592744790533404        4.7416612838507601E-002   1.5805537612835867E-002   97.308359488477251     
  0.30692364473186812       0.22183586870307503        4.7416612838507601E-002   1.5805537612835867E-002   152.49945041907637     
  0.33202194546645281       0.51514215885634462        4.7416612838507601E-002   1.5805537612835867E-002   20.305242628532287     
  0.78194511092213248       0.25340624969758752        4.7416612838507601E-002   1.5805537612835867E-002   17.190887537657023     
   3.1370128771247355E-002  0.34945933877278512        4.7416612838507601E-002   1.5805537612835867E-002   168.38194324144402     
  0.34146014189496471       0.92426469707531955        4.7416612838507601E-002   1.5805537612835867E-002   128.51906303508224     
  0.48620032042404748       0.90750390886330323        4.7416612838507601E-002   1.5805537612835867E-002   175.68453967719614     
   7.0085119985103361E-002  0.11414779432210517        4.7416612838507601E-002   1.5805537612835867E-002   137.00079164540736     
  0.65987967861474173       0.19451755188319544        4.7416612838507601E-002   1.5805537612835867E-002   97.280261337208671     
   5.5896672282386858E-002  0.80422755807467461        4.7416612838507601E-002   1.5805537612835867E-002   71.130154836253809     
  0.16779830784669900       0.23198463280341283        4.7416612838507601E-002   1.5805537612835867E-002   60.176725953361817     
  0.28430228849312855        7.8265898600523687E-002   4.7416612838507601E-002   1.5805537612835867E-002   104.13683925901135     
  0.63101409224122318       0.93275014067574102        4.7416612838507601E-002   1.5805537612835867E-002   137.20400393886507     
  0.94347096329879931       0.28513978208565438        4.7416612838507601E-002   1.5805537612835867E-002   115.78825445682818     
  0.63639126875804275       0.17196097487516521        4.7416612838507601E-002   1.5805537612835867E-002   155.47710046686862     
   6.0700872181753560E-002  0.62119557777559276        4.7416612838507601E-002   1.5805537612835867E-002   36.788307121957708     
  0.59725015273190707       0.42097277963945545        4.7416612838507601E-002   1.5805537612835867E-002   117.61489776115228     
   8.0733672629403161E-002  0.91046407765214732        4.7416612838507601E-002   1.5805537612835867E-002   39.746884146931180     
  0.52770608089777582       0.68713496875429014        4.7416612838507601E-002   1.5805537612835867E-002   179.16127702882912     
   9.3945326523382347E-002  0.50170462843644648        4.7416612838507601E-002   1.5805537612835867E-002   168.75773560507574     
  0.35527427113718607       0.65914497113647164        4.7416612838507601E-002   1.5805537612835867E-002   101.21387087026567     
   4.1342772094962288E-002  0.14274328854439700        4.7416612838507601E-002   1.5805537612835867E-002   160.23558792100519     
  0.30527818292536341       0.75128076091970530        4.7416612838507601E-002   1.5805537612835867E-002   100.56928013422936     
  0.90316021427988236       0.43177980252234183        4.7416612838507601E-002   1.5805537612835867E-002   31.524915255661028     
  0.32427892438544792       0.75479907239795530        4.7416612838507601E-002   1.5805537612835867E-002   77.487970506529095     
  0.10199460563559856       0.63578085876426171        4.7416612838507601E-002   1.5805537612835867E-002   18.928889723008318     
  0.97902594092156980       0.64848953333026427        4.7416612838507601E-002   1.5805537612835867E-002   65.067293604472624     
  0.47469434060994437       0.95495320309698872        4.7416612838507601E-002   1.5805537612835867E-002   29.850744876457988     
   2.5291846656132662E-002  0.36959190132672309        4.7416612838507601E-002   1.5805537612835867E-002   6.1945604311943221     
  0.35913380203213285       0.84129364080921620        4.7416612838507601E-002   1.5805537612835867E-002   89.085142322693542     
  0.70344574776458757       0.55297486441581500        4.7416612838507601E-002   1.5805537612835867E-002   148.61789802160175     
  0.76056970725143003       0.74549037546058528        4.7416612838507601E-002   1.5805537612835867E-002   89.581234162396242     
  0.14979549756994076        5.7088969857106472E-002   4.7416612838507601E-002   1.5805537612835867E-002   100.99631194359928     
  0.58408174812424751       0.40293800880227398        4.7416612838507601E-002   1.5805537612835867E-002   156.99187683328498     
  0.45360771285618950        6.2514041060129491E-002   4.7416612838507601E-002   1.5805537612835867E-002   159.72259973544672     
  0.76074821727204978        2.6632093559303530E-002   4.7416612838507601E-002   1.5805537612835867E-002   58.455417424305573     
   3.2132619881575231E-003  0.73974670222078387        4.7416612838507601E-002   1.5805537612835867E-002   18.226914430403955     
  0.44574062382620261       0.13797753132789300        4.7416612838507601E-002   1.5805537612835867E-002   56.952877455388467     
  0.84420266707972225       0.83817420329548575        4.7416612838507601E-002   1.5805537612835867E-002   171.59682755997886     
  0.23675447502023905       0.45825944996975559        4.7416612838507601E-002   1.5805537612835867E-002   7.5004758385664090     
  0.43342701093715441       0.29918654602041400        4.7416612838507601E-002   1.5805537612835867E-002   155.96701879389425     
  0.61932866620481974       0.31398722730465378        4.7416612838507601E-002   1.5805537612835867E-002   162.72354773082839     
  0.65790479726091677       0.86723831710078614        4.7416612838507601E-002   1.5805537612835867E-002   164.30057335321266     
  0.49286413787639183       0.43375249806495303        4.7416612838507601E-002   1.5805537612835867E-002   137.98334178285862     
  0.70357786004269762       0.85269208010827102        4.7416612838507601E-002   1.5805537612835867E-002   167.47164102321932     
  0.96892922059041164       0.88509771446918162        4.7416612838507601E-002   1.5805537612835867E-002   22.002182226714435     
  0.25599164956810416        8.7163964968832622E-002   4.7416612838507601E-002   1.5805537612835867E-002   47.055517374407025     
  0.39668299508753468       0.95047674895066581        4.7416612838507601E-002   1.5805537612835867E-002   52.169642837447881     
  0.10186658165526576       0.52112778889680700        4.7416612838507601E-002   1.5805537612835867E-002   141.23571843888425     
  0.12723937546847455       0.92213776713727613        4.7416612838507601E-002   1.5805537612835867E-002   137.11219633418912     
  0.62331921478032348       0.15463206765206783        4.7416612838507601E-002   1.5805537612835867E-002   138.46944689233928     
  0.49263854877444369        7.2581047630811898E-002   4.7416612838507601E-002   1.5805537612835867E-002   48.632770545215116     
  0.95692743936480296       0.55543885136695503        4.7416612838507601E-002   1.5805537612835867E-002   88.080501940959437     
  0.23931014072478990        8.1813868572413372E-005   4.7416612838507601E-002   1.5805537612835867E-002   166.14827150949421     
  0.24695969104274756       0.24952621874755182        4.7416612838507601E-002   1.5805537612835867E-002   38.164824723503607     
  0.64334072251057317       0.48648349847123035        4.7416612838507601E-002   1.5805537612835867E-002   69.567018716221952     
  0.63697291869227290        5.3870348850878713E-002   4.7416612838507601E-002   1.5805537612835867E-002   123.46553759163743     
  0.31221663226933860        4.6093176042075849E-002   4.7416612838507601E-002   1.5805537612835867E-002   127.57266145743256     
  0.30013880248045921       0.37291261117381919        4.7416612838507601E-002   1.5805537612835867E-002   49.041272951293827     
  0.47060894343844878       0.41799278539910545        4.7416612838507601E-002   1.5805537612835867E-002   82.139464533121554     
  0.87867045946744693       0.75983124576158534        4.7416612838507601E-002   1.5805537612835867E-002   69.459733620321998     
   1.4791755890930269E-002  0.12872654399117711        4.7416612838507601E-002   1.5805537612835867E-002   94.290678831845398     
  0.47722744604610789       0.88855135094060556        4.7416612838507601E-002   1.5805537612835867E-002   140.52553351394383     
  0.59571820006025322       0.96506439653403753        4.7416612838507601E-002   1.5805537612835867E-002   133.80093372290924     
  0.38101115688849807       0.84207916668086691        4.7416612838507601E-002   1.5805537612835867E-002   103.40625292320340     
  0.44241215405040463       0.31578428798547137        4.7416612838507601E-002   1.5805537612835867E-002   154.36783572764415     
  0.62190691053737801        4.2669660284388705E-002   4.7416612838507601E-002   1.5805537612835867E-002   135.85771721108162     
  0.84799415299498093       0.32541361252757744        4.7416612838507601E-002   1.5805537612835867E-002   125.41956722371427     
  0.15756328897199456       0.47604527901113708        4.7416612838507601E-002   1.5805537612835867E-002   156.16975222431543     
  0.90011344157833606       0.59970736057856433        4.7416612838507601E-002   1.5805537612835867E-002   40.793154275705149     
  0.11751566020186525       0.35135658721506707        4.7416612838507601E-002   1.5805537612835867E-002   117.37859163185597     
  0.83722162725058413       0.53734622929608489        4.7416612838507601E-002   1.5805537612835867E-002   99.513252487465010     
   4.0791884750901286E-002  0.72503819362733168        4.7416612838507601E-002   1.5805537612835867E-002   131.54272657336284     
   6.9034096103775644E-002  0.60601207111228084        4.7416612838507601E-002   1.5805537612835867E-002   35.851397426737840     
  0.53869977515778766       0.42134871784794198        4.7416612838507601E-002   1.5805537612835867E-002   157.65277151949030     
  0.44758985689116443       0.48067772566654793        4.7416612838507601E-002   1.5805537612835867E-002   150.79029459467858     
  0.91596054990707232       0.48996041779958543        4.7416612838507601E-002   1.5805537612835867E-002   175.07738135921647     
  0.69657716348548826       0.72414840134428238        4.7416612838507601E-002   1.5805537612835867E-002   105.24259091150957     
  0.11215954748194989       0.10275472396279882        4.7416612838507601E-002   1.5805537612835867E-002  0.61069091684591381     
  0.26409489175706463        3.4784432469710233E-002   4.7416612838507601E-002   1.5805537612835867E-002   51.029768215506479     
  0.44110366463142553       0.46341257538570613        4.7416612838507601E-002   1.5805537612835867E-002   172.50645043377222     
   3.6213558150390984E-002  0.80936806035303188        4.7416612838507601E-002   1.5805537612835867E-002   73.917387993763185     
  0.11730143286452488       0.90681957863779494        4.7416612838507601E-002   1.5805537612835867E-002   134.19869605213830     
  0.70726904965063220       0.92869754589616638        4.7416612838507601E-002   1.5805537612835867E-002   31.560945652043621     
  0.56999347208894757       0.84541589924350202        4.7416612838507601E-002   1.5805537612835867E-002   46.573554868228811     
  0.95927238197930464        4.6925252537303383E-002   4.7416612838507601E-002   1.5805537612835867E-002   98.172301694352939     
  0.12034794092029233       0.77793226265935822        4.7416612838507601E-002   1.5805537612835867E-002   7.7065370998138816     
  0.32120330493928850       0.97633060908243374        4.7416612838507601E-002   1.5805537612835867E-002   68.637077456410793     
  0.40565860712946467       0.77810656213460017        4.7416612838507601E-002   1.5805537612835867E-002   135.72957376810430     
  0.28507337483301926       0.96607591794370617        4.7416612838507601E-002   1.5805537612835867E-002   147.39754709661545     
   9.6684679218625044E-002  0.20807514193862928        4.7416612838507601E-002   1.5805537612835867E-002   114.92118375645980     
  0.28478394585023659       0.60675274733604756        4.7416612838507601E-002   1.5805537612835867E-002   36.030829456458100     
  0.81390303190770041       0.33118770284347276        4.7416612838507601E-002   1.5805537612835867E-002   42.234383703871920     
  0.21089834438966612       0.36103723825759365        4.7416612838507601E-002   1.5805537612835867E-002   168.29024438800795     
  0.76418194416359175       0.67574177919573841        4.7416612838507601E-002   1.5805537612835867E-002   150.33027715798167     
  0.65905856564502918       0.46265237348251370        4.7416612838507601E-002   1.5805537612835867E-002   10.670766300994499     
   9.9958192172712623E-002  0.80643599130183463        4.7416612838507601E-002   1.5805537612835867E-002   84.151691362677965     
  0.53021120679714939       0.47295753982476346        4.7416612838507601E-002   1.5805537612835867E-002   140.51824596922424     
  0.71161547089271815       0.76576276935400334        4.7416612838507601E-002   1.5805537612835867E-002   68.915543587562254     
  0.36803296255168205       0.53735889224502609        4.7416612838507601E-002   1.5805537612835867E-002   167.58883006733402     
  0.40432295983724137       0.86369453935443075        4.7416612838507601E-002   1.5805537612835867E-002   173.57952937169929     
  0.96884075143404169       0.23153273271946917        4.7416612838507601E-002   1.5805537612835867E-002   32.554460247573033     
  0.79714431942287112        4.8348832820851381E-002   4.7416612838507601E-002   1.5805537612835867E-002   177.31370321226530     
  0.91850125552607376       0.28128649872761519        4.7416612838507601E-002   1.5805537612835867E-002   71.565505115812627     
  0.49230696191243811       0.92372144779606891        4.7416612838507601E-002   1.5805537612835867E-002   163.67938956071069     
  0.87469451363930495       0.94712620230830336        4.7416612838507601E-002   1.5805537612835867E-002   135.12810097094092     
  0.51764273882266487       0.45748253994806737        4.7416612838507601E-002   1.5805537612835867E-002   127.64296561766047     
  0.32256664352626835       0.53375746402599611        4.7416612838507601E-002   1.5805537612835867E-002   27.849805371478876     
  0.49941582034398074       0.54685352488312478        4.7416612838507601E-002   1.5805537612835867E-002   5.6136962956116454     
  0.18501937982004474       0.69507541481553770        4.7416612838507601E-002   1.5805537612835867E-002   72.759763712333481     
  0.79481632987899264       0.68995337473388874        4.7416612838507601E-002   1.5805537612835867E-002   82.559993419376880     
  0.35263281085972181       0.23095187294427266        4.7416612838507601E-002   1.5805537612835867E-002   66.010805481075508     
  0.82277920086938505       0.24276275144549642        4.7416612838507601E-002   1.5805537612835867E-002   145.84345717993278     
  0.52959975596398257       0.52232427131532067        4.7416612838507601E-002   1.5805537612835867E-002   107.01368481510468     
  0.62383220456473798       0.78099835898392389        4.7416612838507601E-002   1.5805537612835867E-002   9.0201908812002394     
  0.14029122240500280       0.30624102558625527        4.7416612838507601E-002   1.5805537612835867E-002   83.869371504474685     
  0.89280557720385212       0.45079027512419478        4.7416612838507601E-002   1.5805537612835867E-002   29.104989717679157     
  0.43134580985146331       0.14928154668520510        4.7416612838507601E-002   1.5805537612835867E-002   55.050363219473923     
  0.66404410014810189       0.57566950893910085        4.7416612838507601E-002   1.5805537612835867E-002   136.91336898279206     
  0.22117688277334116       0.37851080555783689        4.7416612838507601E-002   1.5805537612835867E-002   152.60757438426086     
  0.99603149458480122       0.17871275806310330        4.7416612838507601E-002   1.5805537612835867E-002   89.428774084404978     
  0.87598560567456063       0.80483411089235712        4.7416612838507601E-002   1.5805537612835867E-002   39.328566959094346     
  0.15263776083670050       0.24508673540458653        4.7416612838507601E-002   1.5805537612835867E-002   52.500570818571617     
  0.65208600164386121       0.32873543814120965        4.7416612838507601E-002   1.5805537612835867E-002   71.860420044574767     
  0.97562817431422744       0.47743534132108356        4.7416612838507601E-002   1.5805537612835867E-002   174.62637386039913     
  0.59791506538639583       0.19941843524016756        4.7416612838507601E-002   1.5805537612835867E-002   123.72486151806694     
  0.80046898517678733        3.0752150802297606E-002   4.7416612838507601E-002   1.5805537612835867E-002   12.846914599178239     
  0.40007869627881032       0.64273138530194029        4.7416612838507601E-002   1.5805537612835867E-002   59.012080219353926     
  0.26971063810397683       0.76003106230943684        4.7416612838507601E-002   1.5805537612835867E-002   42.854735350540146     
  0.82111105381180860       0.69257750478204838        4.7416612838507601E-002   1.5805537612835867E-002   126.34853274497451     
  0.28654532088165036       0.89177731929800319        4.7416612838507601E-002   1.5805537612835867E-002   178.36688162744275     
  0.26318054469858732       0.39952799821862833        4.7416612838507601E-002   1.5805537612835867E-002   72.191365883809553     
  0.77870769807589790       0.74222820296283254        4.7416612838507601E-002   1.5805537612835867E-002   78.345605072507823     
  0.39364774521778262       0.76676914876176117        4.7416612838507601E-002   1.5805537612835867E-002   124.92253903505198     
  0.28248640469436243       0.38564661951992341        4.7416612838507601E-002   1.5805537612835867E-002   44.991348974762793     
  0.17184138703744156        5.7203626889383560E-002   4.7416612838507601E-002   1.5805537612835867E-002   65.065608767129831     
  0.24362736715229616       0.98096273309522897        4.7416612838507601E-002   1.5805537612835867E-002   7.2741052798456263     
   1.5609144017617227E-002  0.88200120334324861        4.7416612838507601E-002   1.5805537612835867E-002   146.97362601489675     
  0.97715594420190344        4.9869614945440774E-002   4.7416612838507601E-002   1.5805537612835867E-002   110.02762667757844     
  0.78821983147764985       0.64027968132759483        4.7416612838507601E-002   1.5805537612835867E-002   125.67522116838666     
  0.86797402229988574       0.82102737563435124        4.7416612838507601E-002   1.5805537612835867E-002   29.278612466846617     
  0.74377020082814849       0.92067894610792511        4.7416612838507601E-002   1.5805537612835867E-002   127.43949439928727     
   4.1484261005123986E-002   7.9246086456079869E-003   4.7416612838507601E-002   1.5805537612835867E-002   118.35209171866430     
   1.9845984127867110E-002  0.38816150523673842        4.7416612838507601E-002   1.5805537612835867E-002   15.831013014370630     
  0.89650343967981017       0.55941878527011379        4.7416612838507601E-002   1.5805537612835867E-002   172.70035166853566     
  0.36534160401609511       0.88420382631566985        4.7416612838507601E-002   1.5805537612835867E-002   98.404869872105280     
  0.19892256513123899       0.79564827146608585        4.7416612838507601E-002   1.5805537612835867E-002   115.77088170895583     
  0.16520260100826384       0.90907375243726685        4.7416612838507601E-002   1.5805537612835867E-002   23.956611221102975     
  0.85872506401149962       0.53610390175498646        4.7416612838507601E-002   1.5805537612835867E-002   89.979595180491714     
  0.24166779423792623       0.44061837143206994        4.7416612838507601E-002   1.5805537612835867E-002   173.81024189194224     
  0.36435450709055284       0.60825944358801753        4.7416612838507601E-002   1.5805537612835867E-002   70.139125325403029     
  0.43341206531942600       0.95555721852011588        4.7416612838507601E-002   1.5805537612835867E-002   142.41344764020437     
  0.56378380569114206       0.86998974865729839        4.7416612838507601E-002   1.5805537612835867E-002   2.7744549293204450     
  0.93669220414889853       0.59893072660694091        4.7416612838507601E-002   1.5805537612835867E-002   128.16485338565545     
  0.50979563283390772       0.94106337930026396        4.7416612838507601E-002   1.5805537612835867E-002   127.69514257744285     
  0.27417977488393669       0.62492614500486088        4.7416612838507601E-002   1.5805537612835867E-002   12.912881325974551     
  0.81662570230206899       0.81412706784311795        4.7416612838507601E-002   1.5805537612835867E-002   82.327105288768166     
  0.86163128155936564       0.41844758438010826        4.7416612838507601E-002   1.5805537612835867E-002   67.523883151602959     
  0.37789906002960338       0.65587773662031823        4.7416612838507601E-002   1.5805537612835867E-002   68.489514828011750     
  0.95951196087466584       0.60704479341348594        4.7416612838507601E-002   1.5805537612835867E-002   85.672372374987077     
   8.5750007750823809E-002  0.24824273495532989        4.7416612838507601E-002   1.5805537612835867E-002   118.38655147694837     
  0.83558934201266610       0.94283956929252699        4.7416612838507601E-002   1.5805537612835867E-002   49.696426763756328     
  0.93365971520196878       0.46455052153900578        4.7416612838507601E-002   1.5805537612835867E-002   41.901467489835220     
   7.8302734058577905E-002  0.59157200464952209        4.7416612838507601E-002   1.5805537612835867E-002   35.164314766398981     
  0.78715297558598862        6.6309521358929674E-002   4.7416612838507601E-002   1.5805537612835867E-002   21.064464226355526     
  0.87739415392890330       0.47144969822829819        4.7416612838507601E-002   1.5805537612835867E-002   50.667492495727195     
  0.34045496427810595       0.75113654448395051        4.7416612838507601E-002   1.5805537612835867E-002   65.328057444833618     
  0.66218291469176660       0.14395409856763408        4.7416612838507601E-002   1.5805537612835867E-002   22.487522918469946     
  0.99184794992756731       0.21996643754379311        4.7416612838507601E-002   1.5805537612835867E-002   78.460524280157188     
  0.63339883124313368       0.76090055830411629        4.7416612838507601E-002   1.5805537612835867E-002   49.922715267134272     
   6.9856163683233233E-002  0.77644958161721800        4.7416612838507601E-002   1.5805537612835867E-002   11.603888297607428     
  0.14898978074065283       0.51986905583747200        4.7416612838507601E-002   1.5805537612835867E-002   5.1524378557024599     
