  0.26384153933721627       0.85593166217170169        2.9988899100013143E-002   9.9962997000043810E-003   85.502856779258153     
  0.40970221511423771        7.6613800214687791E-002   2.9988899100013143E-002   9.9962997000043810E-003   140.47643514512899     
  0.13642152714008254       0.36869976620958855        2.9988899100013143E-002   9.9962997000043810E-003   101.10785099592403     
  0.25047106295409644       0.54826262665852976        2.9988899100013143E-002   9.9962997000043810E-003   130.00283614883250     
  0.55006407997217843        8.0068983681075845E-002   2.9988899100013143E-002   9.9962997000043810E-003   92.326470897183768     
   7.3956599126996536E-002   1.4365264245805864E-003   2.9988899100013143E-002   9.9962997000043810E-003   54.382255547908926     
  0.84799984091989944       0.44237088095373944        2.9988899100013143E-002   9.9962997000043810E-003   161.16632863210415     
  0.45214326622892032       0.64078989512052542        2.9988899100013143E-002   9.9962997000043810E-003   62.864274879900456     
  0.59705185726406884       0.66079084779453401        2.9988899100013143E-002   9.9962997000043810E-003   101.56828523744095     
   5.8654065688782606E-002  0.44320665420550914        2.9988899100013143E-002   9.9962997000043810E-003   39.524349157963741     
  0.49706476781106068       0.74151810995077405        2.9988899100013143E-002   9.9962997000043810E-003   19.789632237804465     
   5.5159906561609399E-002  0.59078413114532025        2.9988899100013143E-002   9.9962997000043810E-003   34.600526942659535     
  0.19918549949949987       0.18060963085324297        2.9988899100013143E-002   9.9962997000043810E-003   159.54992056672612     
   5.2298662893036071E-002  0.94384906987512007        2.9988899100013143E-002   9.9962997000043810E-003   44.520043010918265     
  0.51020305838625446       0.83526831597887874        2.9988899100013143E-002   9.9962997000043810E-003   157.41430115360555     
  0.17443566280749906       0.81642359867860359        2.9988899100013143E-002   9.9962997000043810E-003   96.910571737400531     
  0.89087122843092015       0.78978995118450190        2.9988899100013143E-002   9.9962997000043810E-003   14.675133768881848     
  0.93306986757360710       0.95291013112459089        2.9988899100013143E-002   9.9962997000043810E-003   139.43509067710616     
  0.42807987558540533       0.64320169442476138        2.9988899100013143E-002   9.9962997000043810E-003   88.251549744457805     
  0.59720230412691133       0.11308480672698250        2.9988899100013143E-002   9.9962997000043810E-003   132.30067425014326     
  0.90529795351951148        3.3731424282519955E-002   2.9988899100013143E-002   9.9962997000043810E-003   50.691253513682888     
  0.23060133475169067       0.41525552896648826        2.9988899100013143E-002   9.9962997000043810E-003   22.478499411685597     
  0.16280072909136209       0.65381893290611459        2.9988899100013143E-002   9.9962997000043810E-003   58.063623487906526     
  0.23304801480126786       0.42775808981034008        2.9988899100013143E-002   9.9962997000043810E-003   177.04838673333305     
  0.64305995039467356       0.62241482186286767        2.9988899100013143E-002   9.9962997000043810E-003   135.60311900790086     
  0.56292702051272880        8.5881966036734425E-002   2.9988899100013143E-002   9.9962997000043810E-003   133.21533761304045     
  0.20247468973970795       0.50654713928788908        2.9988899100013143E-002   9.9962997000043810E-003   110.80438204220145     
  0.93808678977109861        1.2869249284486626E-002   2.9988899100013143E-002   9.9962997000043810E-003   89.963563348587087     
  0.19106542570719187       0.16894213855493989        2.9988899100013143E-002   9.9962997000043810E-003   133.61506653520300     
  0.19237073649916903       0.50247731035314525        2.9988899100013143E-002   9.9962997000043810E-003   123.26149545178150     
  0.36256540274911675       0.24755513375487859        2.9988899100013143E-002   9.9962997000043810E-003   100.86462858551808     
  0.34802066838654772       0.23575685567853685        2.9988899100013143E-002   9.9962997000043810E-003   166.71703415361600     
  0.26553720721135776       0.42325747499860539        2.9988899100013143E-002   9.9962997000043810E-003   144.91451873128958     
  0.40361988815792932       0.46286078634588007        2.9988899100013143E-002   9.9962997000043810E-003   22.660080025953611     
  0.79759120631314173       0.28224992415754707        2.9988899100013143E-002   9.9962997000043810E-003   21.683045878335317     
   7.9800593692284566E-002  0.32355992952583940        2.9988899100013143E-002   9.9962997000043810E-003   172.71216955293642     
  0.30585702870088155       0.92471562747446956        2.9988899100013143E-002   9.9962997000043810E-003   124.69014088141824     
  0.25298227726299699       0.46520582002311212        2.9988899100013143E-002   9.9962997000043810E-003   78.433181321164767     
  0.46689239167827856       0.91477257146610647        2.9988899100013143E-002   9.9962997000043810E-003   4.6063797020084571     
   6.4327906885038241E-002   5.7736862278465750E-003   2.9988899100013143E-002   9.9962997000043810E-003   54.580366036310380     
  0.13623518555163910        9.7786593444930459E-002   2.9988899100013143E-002   9.9962997000043810E-003   138.07288148891877     
  0.69426011429454082       0.30138235674593750        2.9988899100013143E-002   9.9962997000043810E-003   105.41622731666048     
   9.9044087411339396E-002  0.82034456339871054        2.9988899100013143E-002   9.9962997000043810E-003   78.892169354639194     
  0.20600662547353116       0.23476894227972711        2.9988899100013143E-002   9.9962997000043810E-003   57.344263863173516     
  0.39879657109760630        6.7942626276304499E-002   2.9988899100013143E-002   9.9962997000043810E-003   106.53603574659820     
  0.66330490023920397       0.98344746807702110        2.9988899100013143E-002   9.9962997000043810E-003   141.57396028739706     
   2.3245538283760095E-002  0.36481288454967481        2.9988899100013143E-002   9.9962997000043810E-003   122.42394573988179     
  0.65609005164249257       0.25288718506520880        2.9988899100013143E-002   9.9962997000043810E-003   160.31457602546502     
   9.7084039178787107E-002  0.62064025233541731        2.9988899100013143E-002   9.9962997000043810E-003   42.802396339692031     
  0.64316574681939531       0.46822534114134717        2.9988899100013143E-002   9.9962997000043810E-003   118.21328041405830     
   5.1593488632735308E-002  0.88356508402124567        2.9988899100013143E-002   9.9962997000043810E-003   58.066877178700899     
  0.56909696416096534       0.73274821959316971        2.9988899100013143E-002   9.9962997000043810E-003   170.90129904873223     
  0.10400297016203736       0.48323239278129870        2.9988899100013143E-002   9.9962997000043810E-003   170.46326153393707     
  0.34003435259126141       0.67999358879522953        2.9988899100013143E-002   9.9962997000043810E-003   101.55276740760785     
  0.10928379729427455       0.13241911903159520        2.9988899100013143E-002   9.9962997000043810E-003   160.24716350622890     
  0.25676927474135031       0.73808510817031114        2.9988899100013143E-002   9.9962997000043810E-003   100.09878680105174     
  0.89971445389095539       0.47798657290956781        2.9988899100013143E-002   9.9962997000043810E-003   34.891865284558641     
  0.30825803574522775       0.76738776845676082        2.9988899100013143E-002   9.9962997000043810E-003   82.482310495570488     
  0.17691882205645931       0.57667191166391962        2.9988899100013143E-002   9.9962997000043810E-003   26.235726868983718     
  0.97572660212395079       0.75183590289616720        2.9988899100013143E-002   9.9962997000043810E-003   66.513628246336424     
  0.40278366125580861        2.0103269574999638E-002   2.9988899100013143E-002   9.9962997000043810E-003   32.822691331584352     
   8.1769370236967037E-002  0.33634414246794986        2.9988899100013143E-002   9.9962997000043810E-003   13.609838958520587     
  0.29669863701394400       0.79854158543628273        2.9988899100013143E-002   9.9962997000043810E-003   99.006933167385554     
  0.70023219387587354       0.59488183001647787        2.9988899100013143E-002   9.9962997000043810E-003   134.63401124691168     
  0.71093861720103513       0.72894817430751924        2.9988899100013143E-002   9.9962997000043810E-003   106.24424202286663     
  0.11972346349014046        1.5074765503070079E-002   2.9988899100013143E-002   9.9962997000043810E-003   99.092182849690104     
  0.63041061931957731       0.43095152250035773        2.9988899100013143E-002   9.9962997000043810E-003   161.78518288989576     
  0.47192588144076592        8.3175025196079777E-002   2.9988899100013143E-002   9.9962997000043810E-003   156.62638315779276     
  0.69302615501658271        1.4323862562112244E-002   2.9988899100013143E-002   9.9962997000043810E-003   65.326999624164301     
  0.96402764879777347       0.76070632217890333        2.9988899100013143E-002   9.9962997000043810E-003   23.297298226165747     
  0.45393702773212763       0.16506997345001240        2.9988899100013143E-002   9.9962997000043810E-003   63.386857323061157     
  0.84571193296486180       0.89540555363039442        2.9988899100013143E-002   9.9962997000043810E-003   1.9388956629233975     
  0.15165146894500059       0.48416029647114428        2.9988899100013143E-002   9.9962997000043810E-003   178.07119325434385     
  0.45847702182261285       0.31393449140741980        2.9988899100013143E-002   9.9962997000043810E-003   161.80334236812035     
  0.63325628713657423       0.29965078624927316        2.9988899100013143E-002   9.9962997000043810E-003   165.47535003554299     
  0.62074760106982296       0.62197061828531841        2.9988899100013143E-002   9.9962997000043810E-003   53.277514221420844     
  0.27009365337103486       0.26965949771481440        2.9988899100013143E-002   9.9962997000043810E-003   49.505775975524898     
  0.61654425265357815       0.90658609774790444        2.9988899100013143E-002   9.9962997000043810E-003   176.38126231655818     
  0.51486836454797780       0.43255245333441822        2.9988899100013143E-002   9.9962997000043810E-003   146.98632320497998     
  0.65806506036127010       0.88248184831897059        2.9988899100013143E-002   9.9962997000043810E-003   174.38762578039811     
  0.96307695986234476       0.95434928018619902        2.9988899100013143E-002   9.9962997000043810E-003   40.778069548837799     
  0.27692474907476777       0.13321226546846424        2.9988899100013143E-002   9.9962997000043810E-003   49.536148216842015     
  0.37929818019210032       0.92647179516315037        2.9988899100013143E-002   9.9962997000043810E-003   50.549979386501128     
  0.12572862243589406        9.0841470747920927E-002   2.9988899100013143E-002   9.9962997000043810E-003   113.64266745286375     
  0.15472068592975677       0.50892371981561102        2.9988899100013143E-002   9.9962997000043810E-003   4.7624211296466159     
  0.10830147357620404       0.49594434383114622        2.9988899100013143E-002   9.9962997000043810E-003   148.14367308826755     
  0.13570551614012843       0.97588984651160626        2.9988899100013143E-002   9.9962997000043810E-003   153.38033086751969     
  0.65619318205415711       0.17038616092765618        2.9988899100013143E-002   9.9962997000043810E-003   133.99994982266600     
  0.56774983278466973       0.16159189742583571        2.9988899100013143E-002   9.9962997000043810E-003   48.087507470482088     
  0.94067928955715008       0.61722412995335285        2.9988899100013143E-002   9.9962997000043810E-003   100.04260095610337     
  0.13085818708443447       0.13707215267701983        2.9988899100013143E-002   9.9962997000043810E-003   69.385922198092274     
  0.23157330897789694        7.1246248183780237E-003   2.9988899100013143E-002   9.9962997000043810E-003   171.67596715453877     
  0.64264999404203649       0.52406224383931910        2.9988899100013143E-002   9.9962997000043810E-003   71.748934179618672     
  0.69785485436019545       0.16723745387889277        2.9988899100013143E-002   9.9962997000043810E-003   124.75556093441443     
  0.29143199179889606        7.2425544638685446E-002   2.9988899100013143E-002   9.9962997000043810E-003   148.53827164799583     
  0.35625046066665716       0.36923740497356061        2.9988899100013143E-002   9.9962997000043810E-003   56.635243391383291     
  0.46757971381088298       0.42910798014244816        2.9988899100013143E-002   9.9962997000043810E-003   82.491746822278245     
  0.88148691007972180       0.80216170804900988        2.9988899100013143E-002   9.9962997000043810E-003   61.843973744305671     
  0.91409058002235000       0.78171960478065539        2.9988899100013143E-002   9.9962997000043810E-003   10.029085960924768     
   4.9165544075988894E-002  0.11282586770293425        2.9988899100013143E-002   9.9962997000043810E-003   95.554591741711036     
  0.93552353835737967       0.80489492218630476        2.9988899100013143E-002   9.9962997000043810E-003   124.34376414316701     
  0.46282305011805236       0.86922982567859941        2.9988899100013143E-002   9.9962997000043810E-003   141.68019803814443     
  0.59954126184922785       0.99159148621352455        2.9988899100013143E-002   9.9962997000043810E-003   129.86664086611216     
  0.34819889565816387       0.85870881026011547        2.9988899100013143E-002   9.9962997000043810E-003   118.39823854428262     
  0.47548116336888246       0.37698733065520346        2.9988899100013143E-002   9.9962997000043810E-003   159.50094631737119     
  0.50977602066656214        7.6655604423370535E-002   2.9988899100013143E-002   9.9962997000043810E-003   122.49460167765670     
  0.87576672448857529       0.36839677403988552        2.9988899100013143E-002   9.9962997000043810E-003   134.49827437794454     
  0.15334056445056277       0.40801251455639326        2.9988899100013143E-002   9.9962997000043810E-003   153.67571001590014     
  0.83787381108679571       0.70096506092691158        2.9988899100013143E-002   9.9962997000043810E-003   44.844618596039986     
  0.12488541179701311       0.36348313993242076        2.9988899100013143E-002   9.9962997000043810E-003   123.01267283297014     
  0.84196470082239050       0.51339105810780139        2.9988899100013143E-002   9.9962997000043810E-003   110.32052605703691     
   7.8273606834082424E-002  0.68780737684284676        2.9988899100013143E-002   9.9962997000043810E-003   136.80781747548119     
  0.10379240283151402       0.58121728109933424        2.9988899100013143E-002   9.9962997000043810E-003   44.384877028043640     
  0.47867613173340279       0.42671232372815648        2.9988899100013143E-002   9.9962997000043810E-003   72.954291959579493     
  0.55621503675818462       0.44929794328900952        2.9988899100013143E-002   9.9962997000043810E-003   158.66730599511459     
  0.26054611893502150       0.27636954640415823        2.9988899100013143E-002   9.9962997000043810E-003   64.717828912900515     
  0.48400273621799050       0.54001554181205391        2.9988899100013143E-002   9.9962997000043810E-003   160.97323632087793     
  0.44729903676428412       0.47824752258125375        2.9988899100013143E-002   9.9962997000043810E-003   154.87162738553636     
  0.91914352935284516       0.55400875280061690        2.9988899100013143E-002   9.9962997000043810E-003   164.93387014273506     
  0.27809001155276142       0.84221274928314327        2.9988899100013143E-002   9.9962997000043810E-003   12.150685683734846     
  0.68979033726572281       0.72348359944629870        2.9988899100013143E-002   9.9962997000043810E-003   110.57159723787835     
  0.12073449982793848       0.15066126989386744        2.9988899100013143E-002   9.9962997000043810E-003   11.934013457685314     
  0.88651327189895635        3.3203844256528364E-002   2.9988899100013143E-002   9.9962997000043810E-003   106.52470707781617     
  0.33625338901185853       0.11215330226052533        2.9988899100013143E-002   9.9962997000043810E-003   152.34226358709503     
  0.26141188411095423        6.1563264534676802E-002   2.9988899100013143E-002   9.9962997000043810E-003   50.355996853327262     
  0.32192176662007949       0.76293717055109833        2.9988899100013143E-002   9.9962997000043810E-003   42.648946954477807     
  0.44985847283289604       0.48910208896683582        2.9988899100013143E-002   9.9962997000043810E-003   169.88953436334174     
  0.95910386008902682       0.81096420935918223        2.9988899100013143E-002   9.9962997000043810E-003   82.706422796727111     
   7.7838872289378316E-002  0.89015686824894014        2.9988899100013143E-002   9.9962997000043810E-003   136.82318139051569     
  0.68820040712764419       0.98213478811441868        2.9988899100013143E-002   9.9962997000043810E-003   34.274500040492271     
  0.56464688730666346       0.87805685041838732        2.9988899100013143E-002   9.9962997000043810E-003   47.361767369904662     
   3.8665044693348791E-002  0.11218184537309722        2.9988899100013143E-002   9.9962997000043810E-003   102.78331010978734     
  0.11698442804717250       0.79530897715380466        2.9988899100013143E-002   9.9962997000043810E-003   10.719581446454127     
  0.35920217099158552        1.6801393888693728E-002   2.9988899100013143E-002   9.9962997000043810E-003   71.229882835661996     
  0.40801918456568331       0.80983931309999924        2.9988899100013143E-002   9.9962997000043810E-003   138.06060680614388     
  0.27237676742762801       0.95132889835160039        2.9988899100013143E-002   9.9962997000043810E-003   148.41619867290228     
  0.10174276855998136       0.17717016699596205        2.9988899100013143E-002   9.9962997000043810E-003   112.34571969061447     
  0.31418393109684445       0.58210492752041176        2.9988899100013143E-002   9.9962997000043810E-003   37.177508415695378     
  0.85397889699009055       0.36521366991922954        2.9988899100013143E-002   9.9962997000043810E-003   48.905516481478188     
  0.21020212196557159       0.30670872445664243        2.9988899100013143E-002   9.9962997000043810E-003   172.77163908122537     
  0.82908129859994339       0.92040145622203262        2.9988899100013143E-002   9.9962997000043810E-003   116.26257738974836     
  0.74379668428745871       0.67738542767471954        2.9988899100013143E-002   9.9962997000043810E-003   155.72526893445658     
  0.49179574674450349       0.77417450271517063        2.9988899100013143E-002   9.9962997000043810E-003   43.274769814617663     
  0.66340612799996601       0.45584810109752733        2.9988899100013143E-002   9.9962997000043810E-003   15.854810224221497     
   9.4320302416402588E-002  0.84530054024692247        2.9988899100013143E-002   9.9962997000043810E-003   95.205513260312657     
  0.61209313791315367       0.52115243080279661        2.9988899100013143E-002   9.9962997000043810E-003   139.58187336007097     
  0.63744594293803514       0.80474753982524783        2.9988899100013143E-002   9.9962997000043810E-003   72.126222744923510     
  0.39420144798943862       0.57820035837180750        2.9988899100013143E-002   9.9962997000043810E-003   174.75299214734898     
  0.39708459973670263       0.90862567615325696        2.9988899100013143E-002   9.9962997000043810E-003   8.9532559733030901     
  0.98644851079539930       0.29500797086855701        2.9988899100013143E-002   9.9962997000043810E-003   31.404193921413491     
  0.44121297977592189       0.52920750198557220        2.9988899100013143E-002   9.9962997000043810E-003   1.9316285618992723     
   4.6192196428575957E-002  0.95661361862331740        2.9988899100013143E-002   9.9962997000043810E-003   6.1868356691585245     
  0.82881433650458969       0.13116955857762702        2.9988899100013143E-002   9.9962997000043810E-003   174.82329705007388     
  0.89980278583383089       0.34434999247572962        2.9988899100013143E-002   9.9962997000043810E-003   77.934581665061160     
  0.50313674061359537       0.93558139628454629        2.9988899100013143E-002   9.9962997000043810E-003   162.51279459338986     
  0.87563320608768525        2.6930185172042539E-002   2.9988899100013143E-002   9.9962997000043810E-003   135.77103595786636     
  0.52810763534982341       0.49565208178085479        2.9988899100013143E-002   9.9962997000043810E-003   122.59132697608452     
  0.32080402529532004       0.57252250389792625        2.9988899100013143E-002   9.9962997000043810E-003   39.290844555348990     
  0.48376977124586940       0.56301625756635187        2.9988899100013143E-002   9.9962997000043810E-003   7.1421643181629300     
  0.17274676511480264       0.69737060048640587        2.9988899100013143E-002   9.9962997000043810E-003   77.562760636599094     
  0.79952692043655205       0.72722742734087509        2.9988899100013143E-002   9.9962997000043810E-003   83.265252121047311     
  0.46457564756236230       0.90445416303914239        2.9988899100013143E-002   9.9962997000043810E-003   179.29942060678766     
  0.13929206976403119       0.98649287617768111        2.9988899100013143E-002   9.9962997000043810E-003   155.83583034670244     
  0.37495195667236697       0.24687643972931145        2.9988899100013143E-002   9.9962997000043810E-003   72.946570028065892     
  0.82225934155280511       0.29122765875254519        2.9988899100013143E-002   9.9962997000043810E-003   164.00316389755761     
  0.56136220568710005       0.53716964861469385        2.9988899100013143E-002   9.9962997000043810E-003   113.91396456499908     
  0.61744324268206929       0.82200792177108739        2.9988899100013143E-002   9.9962997000043810E-003   8.4641978863891296     
  0.10746077404522650        9.2359875542564154E-002   2.9988899100013143E-002   9.9962997000043810E-003   49.679745201383881     
  0.77946026259820000       0.29317738310896302        2.9988899100013143E-002   9.9962997000043810E-003   102.70478387289057     
  0.15102731114405518       0.30455854908259372        2.9988899100013143E-002   9.9962997000043810E-003   87.883575867909911     
  0.71665870363646189       0.27414666797738124        2.9988899100013143E-002   9.9962997000043810E-003   160.22164752815848     
  0.89379178248021740       0.48632112784460579        2.9988899100013143E-002   9.9962997000043810E-003   35.733975863730514     
  0.48436492968498762       0.85577656618952935        2.9988899100013143E-002   9.9962997000043810E-003   20.128365495433606     
  0.43810679075027315       0.14240062787829855        2.9988899100013143E-002   9.9962997000043810E-003   65.766548261817832     
  0.67173395889298826       0.61691544617864402        2.9988899100013143E-002   9.9962997000043810E-003   146.88012346802768     
  0.60770328505226057        6.0018513421031816E-003   2.9988899100013143E-002   9.9962997000043810E-003   174.58652098446817     
  0.25990354742446070       0.41417735306306341        2.9988899100013143E-002   9.9962997000043810E-003   153.58552587254425     
   6.6989173622355840E-003  0.23274970080703428        2.9988899100013143E-002   9.9962997000043810E-003   84.616887176844983     
  0.89127336217377218       0.84624973396038261        2.9988899100013143E-002   9.9962997000043810E-003   40.004671120502543     
  0.14289443180992084       0.23694164084788805        2.9988899100013143E-002   9.9962997000043810E-003   59.233307257216012     
  0.36607595723147712       0.90069994868473091        2.9988899100013143E-002   9.9962997000043810E-003   65.233036096584101     
  0.24907593985331811       0.98696467209959349        2.9988899100013143E-002   9.9962997000043810E-003   177.34092404971761     
  0.64149409217355369       0.38298248561534842        2.9988899100013143E-002   9.9962997000043810E-003   68.665438664640433     
  0.22317243631281508       0.99110136797956705        2.9988899100013143E-002   9.9962997000043810E-003   113.91994627108585     
  0.99755350189089609       0.57829949856878837        2.9988899100013143E-002   9.9962997000043810E-003   170.86634795187953     
  0.61089554400545731       0.17302778276504266        2.9988899100013143E-002   9.9962997000043810E-003   117.15290953335227     
  0.64229802915825784       0.23987321464168881        2.9988899100013143E-002   9.9962997000043810E-003   92.267698187499462     
  0.82703006578221783       0.12029571636997594        2.9988899100013143E-002   9.9962997000043810E-003   10.298174720185274     
  0.45374841358805951       0.42194933137770790        2.9988899100013143E-002   9.9962997000043810E-003   127.40487709218380     
   3.3859434328496682E-002  0.59421399563303945        2.9988899100013143E-002   9.9962997000043810E-003   114.19509399546449     
  0.37806986445338797       0.67791444471501328        2.9988899100013143E-002   9.9962997000043810E-003   63.204577168165287     
  0.20209995814716247       0.74421242281268629        2.9988899100013143E-002   9.9962997000043810E-003   49.982200009043787     
  0.82384684652378914       0.73744499028160193        2.9988899100013143E-002   9.9962997000043810E-003   124.20196164570132     
  0.27330880735604679       0.54050304282683592        2.9988899100013143E-002   9.9962997000043810E-003   25.822775198815339     
  0.58921132899022033       0.25334269671181475        2.9988899100013143E-002   9.9962997000043810E-003   54.966092756072932     
  0.32506318897109004       0.86711797086520981        2.9988899100013143E-002   9.9962997000043810E-003   15.708170750734636     
  0.43648473337323818       0.54113120609841614        2.9988899100013143E-002   9.9962997000043810E-003   34.183301283782626     
  0.30169705671141961       0.41095783564165184        2.9988899100013143E-002   9.9962997000043810E-003   79.162466940847082     
  0.55056991474138994       0.88333742286558548        2.9988899100013143E-002   9.9962997000043810E-003   91.216639450478525     
  0.81011518633146062       0.77530583247990648        2.9988899100013143E-002   9.9962997000043810E-003   86.998503795067208     
  0.37350705482219049       0.76506462887229321        2.9988899100013143E-002   9.9962997000043810E-003   125.13678046484775     
  0.90016155569026413       0.83851179831676814        2.9988899100013143E-002   9.9962997000043810E-003   61.261629993905572     
  0.62187473855786379       0.89399503177198802        2.9988899100013143E-002   9.9962997000043810E-003   24.935893684882181     
  0.47283723890610679       0.94494093253894929        2.9988899100013143E-002   9.9962997000043810E-003   148.48917509106914     
  0.31394874114501820       0.40294554127236504        2.9988899100013143E-002   9.9962997000043810E-003   42.067394200818853     
  0.25090506940112217        6.7878285259520679E-002   2.9988899100013143E-002   9.9962997000043810E-003   67.921528442683609     
  0.24851190390005984       0.97624527926122573        2.9988899100013143E-002   9.9962997000043810E-003   4.3977570733099007     
  0.98122406210105417       0.83210541459498222        2.9988899100013143E-002   9.9962997000043810E-003   159.20997253099816     
   2.9095358414215240E-002  0.20177581553998977        2.9988899100013143E-002   9.9962997000043810E-003   97.290171159275133     
  0.54165831675346876       0.55437478235280324        2.9988899100013143E-002   9.9962997000043810E-003   176.92495946335680     
  0.11708355290001753       0.87902328433503307        2.9988899100013143E-002   9.9962997000043810E-003   55.952149806745695     
  0.86646893899810928       0.70344364259057157        2.9988899100013143E-002   9.9962997000043810E-003   128.03094776656036     
  0.44751686964507936       0.67798558778119267        2.9988899100013143E-002   9.9962997000043810E-003   72.373364968102450     
  0.12263867461337867       0.76710861190978652        2.9988899100013143E-002   9.9962997000043810E-003   176.12585858125146     
  0.84943614840276194       0.88163488035710957        2.9988899100013143E-002   9.9962997000043810E-003   28.670329075063552     
  0.53355661927926612       0.43980049022793699        2.9988899100013143E-002   9.9962997000043810E-003   72.202429247883359     
  0.66185902443585998       0.89428111217047768        2.9988899100013143E-002   9.9962997000043810E-003   145.13047669156941     
   4.4535661087358500E-002   6.1327451912687181E-003   2.9988899100013143E-002   9.9962997000043810E-003   128.97832444759902     
  0.54534831658042415       0.16000418153428228        2.9988899100013143E-002   9.9962997000043810E-003   133.04658490417509     
   7.8058951138546204E-002  0.34578911843025562        2.9988899100013143E-002   9.9962997000043810E-003   19.013158678830823     
  0.92230551656670190       0.63193610839112324        2.9988899100013143E-002   9.9962997000043810E-003   3.1008858960472616     
  0.18561963115116883       0.81915139776331092        2.9988899100013143E-002   9.9962997000043810E-003   113.05070191403368     
  0.13307965026204793       0.40175597445882305        2.9988899100013143E-002   9.9962997000043810E-003   71.355396407520729     
  0.14942461349699976       0.89371907449679255        2.9988899100013143E-002   9.9962997000043810E-003   28.825095339973036     
  0.87994681487185744       0.57446967116357617        2.9988899100013143E-002   9.9962997000043810E-003   97.252149468722138     
   1.8909975001240149E-002  0.92704806488750902        2.9988899100013143E-002   9.9962997000043810E-003   62.545476648893903     
  0.27191275123163011       0.48083604436895733        2.9988899100013143E-002   9.9962997000043810E-003   176.68419721450508     
  0.34356616950339997       0.65304473912535332        2.9988899100013143E-002   9.9962997000043810E-003   74.451609512971160     
  0.39809057522214691       0.19544400304543030        2.9988899100013143E-002   9.9962997000043810E-003   115.27528072074004     
  0.37772962872567650        2.0067954900927817E-002   2.9988899100013143E-002   9.9962997000043810E-003   138.33414944769009     
  0.96616465379262373       0.65539203177484717        2.9988899100013143E-002   9.9962997000043810E-003   132.77652103337658     
  0.48014088024976992       0.95361478433064595        2.9988899100013143E-002   9.9962997000043810E-003   131.23710304342845     
  0.24851650758759361       0.67377641860539472        2.9988899100013143E-002   9.9962997000043810E-003   14.316212044040684     
  0.79053913531530262       0.83486965440104677        2.9988899100013143E-002   9.9962997000043810E-003   91.168046784719436     
  0.84653026754693150       0.48557592441236175        2.9988899100013143E-002   9.9962997000043810E-003   69.297681853083404     
  0.36813571480141161       0.68155261903218989        2.9988899100013143E-002   9.9962997000043810E-003   72.440298494149644     
  0.21323694920732783       0.98568093449858651        2.9988899100013143E-002   9.9962997000043810E-003   135.01097831150199     
  0.97848356625613309       0.66101311183968159        2.9988899100013143E-002   9.9962997000043810E-003   97.527212295827027     
  0.79133118123592261       0.68972325547972646        2.9988899100013143E-002   9.9962997000043810E-003   146.63403491158644     
   7.0048295806736438E-002  0.26597082000853572        2.9988899100013143E-002   9.9962997000043810E-003   115.59652510667435     
  0.45832994879495348       0.36485689127430287        2.9988899100013143E-002   9.9962997000043810E-003   79.334619854783043     
  0.78027488221840635        3.4903837350961416E-003   2.9988899100013143E-002   9.9962997000043810E-003   63.273648603940444     
  0.52887862650510420       0.68528237366603861        2.9988899100013143E-002   9.9962997000043810E-003   155.89690389122669     
  0.60863813305806358       0.66117733647256649        2.9988899100013143E-002   9.9962997000043810E-003   78.267981529132655     
  0.98440742374729928       0.55864594270932477        2.9988899100013143E-002   9.9962997000043810E-003   136.04674178057957     
  0.65780727107133463       0.52250857061211176        2.9988899100013143E-002   9.9962997000043810E-003   108.90383577199005     
  0.93648532751445002       0.49426081959464813        2.9988899100013143E-002   9.9962997000043810E-003   57.337371967116653     
  0.60358446578650260       0.57498824261417059        2.9988899100013143E-002   9.9962997000043810E-003   40.712805166416068     
  0.10984564062584379       0.57289006584323554        2.9988899100013143E-002   9.9962997000043810E-003   41.309143093310837     
  0.74675384743358886       0.19564887431256398        2.9988899100013143E-002   9.9962997000043810E-003   40.284278087626973     
  0.85867860396127271       0.51239214369950314        2.9988899100013143E-002   9.9962997000043810E-003   54.453186552748477     
  0.71214059095971316       0.19555056667715276        2.9988899100013143E-002   9.9962997000043810E-003   13.263753826692266     
  0.54935932924600017       0.90867756582499393        2.9988899100013143E-002   9.9962997000043810E-003   120.67525897123710     
   1.6764098249217887E-002  0.25630609994535003        2.9988899100013143E-002   9.9962997000043810E-003   75.041591512754195     
  0.33929050027208529       0.70757863872396443        2.9988899100013143E-002   9.9962997000043810E-003   113.16613965370777     
  0.92532243302814077        3.4452302063330581E-002   2.9988899100013143E-002   9.9962997000043810E-003   120.05826530486924     
  0.62735489396271349       0.80914649333633404        2.9988899100013143E-002   9.9962997000043810E-003   55.820087022477480     
  0.12407695369710184       0.75492851510950043        2.9988899100013143E-002   9.9962997000043810E-003   12.955153122399008     
  0.18535305934362500       0.55465061075708511        2.9988899100013143E-002   9.9962997000043810E-003   7.1378308633415166     
  0.22179932788345041       0.50128467375654628        2.9988899100013143E-002   9.9962997000043810E-003   37.240912312398450     
  0.70004265625230555       0.72679726850766646        2.9988899100013143E-002   9.9962997000043810E-003   105.86184186500340     
  0.16738885234534692        1.0083602230585504E-003   2.9988899100013143E-002   9.9962997000043810E-003   8.2347694644496841     
   6.7044125255526887E-002  0.93682744542125407        2.9988899100013143E-002   9.9962997000043810E-003   88.884405351557959     
  0.89654010421020469       0.16146029789622462        2.9988899100013143E-002   9.9962997000043810E-003   17.801449909165154     
  0.85816706251304786       0.13336828711369156        2.9988899100013143E-002   9.9962997000043810E-003   179.62821775274281     
  0.95667656868228590       0.39590506503035627        2.9988899100013143E-002   9.9962997000043810E-003   45.246681400094140     
  0.77662626094178577       0.82578152708569275        2.9988899100013143E-002   9.9962997000043810E-003   145.20732799341104     
  0.41172524919581271       0.73811147929643273        2.9988899100013143E-002   9.9962997000043810E-003   38.349272234685785     
  0.34514760224181906       0.12391416624991369        2.9988899100013143E-002   9.9962997000043810E-003   136.59417180693922     
  0.98992239219114975       0.50322395698967803        2.9988899100013143E-002   9.9962997000043810E-003   66.279127275443543     
  0.56006994945720356       0.77214009489444291        2.9988899100013143E-002   9.9962997000043810E-003   122.88647585355233     
  0.74375104512422274       0.98301732290196531        2.9988899100013143E-002   9.9962997000043810E-003   98.385307383607667     
  0.38943660615908038       0.58956519038354060        2.9988899100013143E-002   9.9962997000043810E-003   17.963445136273670     
  0.48539432848512476       0.55237178354845262        2.9988899100013143E-002   9.9962997000043810E-003   4.1696851080857371     
  0.50091591854755368        7.7910215039822539E-003   2.9988899100013143E-002   9.9962997000043810E-003   45.399857583217276     
  0.41236785946333060       0.54576173017805174        2.9988899100013143E-002   9.9962997000043810E-003   131.10020618025098     
  0.72429254039365465        2.4623008810709113E-002   2.9988899100013143E-002   9.9962997000043810E-003   40.475624900743419     
   7.2498345722838434E-002  0.17840334687354151        2.9988899100013143E-002   9.9962997000043810E-003   57.114501506431317     
  0.66762150202050519       0.60462141227913779        2.9988899100013143E-002   9.9962997000043810E-003   169.73694226850762     
  0.16712543363068527       0.72798253311328120        2.9988899100013143E-002   9.9962997000043810E-003   106.65551918149886     
  0.81539826914348157       0.73038949553927923        2.9988899100013143E-002   9.9962997000043810E-003   129.60375952176727     
  0.99987942018162901       0.49470026174300946        2.9988899100013143E-002   9.9962997000043810E-003   32.022973958380888     
  0.37751619564873790       0.56244050429094350        2.9988899100013143E-002   9.9962997000043810E-003   83.071521055688748     
  0.60351094191934851       0.83496906461989573        2.9988899100013143E-002   9.9962997000043810E-003   73.029396780998766     
  0.88425604160631299        9.8296321216421581E-002   2.9988899100013143E-002   9.9962997000043810E-003   148.25447145366579     
  0.28377188439313833       0.93687971670508763        2.9988899100013143E-002   9.9962997000043810E-003   12.703217818994780     
  0.57567881854784964       0.25712166666927772        2.9988899100013143E-002   9.9962997000043810E-003   95.593468733571868     
   3.6506562704686996E-002  0.86222109060155572        2.9988899100013143E-002   9.9962997000043810E-003   82.189023595567335     
  0.22128405300978832       0.23178948921525161        2.9988899100013143E-002   9.9962997000043810E-003   102.45779132815650     
  0.41174045624863970       0.63556937916897716        2.9988899100013143E-002   9.9962997000043810E-003   142.94817462987027     
  0.69475346957160211       0.86374420172397026        2.9988899100013143E-002   9.9962997000043810E-003   76.572747333526408     
  0.80936549918125322        4.0572071177864447E-002   2.9988899100013143E-002   9.9962997000043810E-003   154.71197768674145     
  0.99394906840076791       0.94757847268085837        2.9988899100013143E-002   9.9962997000043810E-003   79.029219966607045     
  0.95660858981712704       0.44086679720953176        2.9988899100013143E-002   9.9962997000043810E-003   136.68087471596630     
  0.11966349304439582       0.78381705215239617        2.9988899100013143E-002   9.9962997000043810E-003   22.853892145017547     
  0.54660595662588907       0.56976292207298074        2.9988899100013143E-002   9.9962997000043810E-003   137.35164024605857     
  0.16563639248470235       0.30861073340112655        2.9988899100013143E-002   9.9962997000043810E-003   132.12427076630431     
  0.65933017634631175       0.34016330572986930        2.9988899100013143E-002   9.9962997000043810E-003   127.06113920602800     
  0.44122133686035847       0.92399936703160068        2.9988899100013143E-002   9.9962997000043810E-003   130.23383168614268     
  0.38970539547315081       0.31653522061711492        2.9988899100013143E-002   9.9962997000043810E-003   48.484882122238616     
  0.71780355153866071       0.79945834500414459        2.9988899100013143E-002   9.9962997000043810E-003   165.29234448254542     
  0.29301952648306256       0.32350325200587315        2.9988899100013143E-002   9.9962997000043810E-003   35.501856903851888     
  0.43988647242988688       0.64322322418313937        2.9988899100013143E-002   9.9962997000043810E-003   92.234661409140671     
  0.38796278272254747       0.74207470661382502        2.9988899100013143E-002   9.9962997000043810E-003   139.90201828357368     
  0.74781004844115329       0.46300120329356714        2.9988899100013143E-002   9.9962997000043810E-003   18.343883949671937     
  0.70886259574629584       0.18397757595831565        2.9988899100013143E-002   9.9962997000043810E-003   169.68593312395006     
  0.96432905221412946       0.38849094959838465        2.9988899100013143E-002   9.9962997000043810E-003   58.381089225361407     
  0.99152372672306843       0.58944035700486741        2.9988899100013143E-002   9.9962997000043810E-003   14.603162661552824     
  0.86769999392836850       0.50546663352999266        2.9988899100013143E-002   9.9962997000043810E-003   42.942380450480776     
  0.55298880953513652       0.36504413770751909        2.9988899100013143E-002   9.9962997000043810E-003   165.54960591402676     
   6.2924655425700381E-003  0.54288712400171646        2.9988899100013143E-002   9.9962997000043810E-003   128.16236549560031     
   3.3765681096904678E-002  0.69129238487478128        2.9988899100013143E-002   9.9962997000043810E-003   123.69711425376806     
  0.76599599734935542       0.21252556284932750        2.9988899100013143E-002   9.9962997000043810E-003   71.078049330336128     
  0.92578959039390585       0.94424115162493982        2.9988899100013143E-002   9.9962997000043810E-003   122.31980772371574     
  0.47634534823606317       0.17160347819278299        2.9988899100013143E-002   9.9962997000043810E-003   158.00933331637330     
  0.13356468637381830       0.24882876879238652        2.9988899100013143E-002   9.9962997000043810E-003   12.590899673396009     
  0.26114079271562374       0.94392965507732873        2.9988899100013143E-002   9.9962997000043810E-003   114.93141468482573     
  0.60484360307744611       0.31066846378564772        2.9988899100013143E-002   9.9962997000043810E-003   154.16268420467534     
  0.24044950224276426       0.87909676632466327        2.9988899100013143E-002   9.9962997000043810E-003   77.271443141890984     
  0.99322560688028427       0.23000056619011533        2.9988899100013143E-002   9.9962997000043810E-003   123.42225366127286     
  0.77961668005500073       0.12558221495635707        2.9988899100013143E-002   9.9962997000043810E-003   114.43993394677263     
  0.76882154137806058       0.24119905171614514        2.9988899100013143E-002   9.9962997000043810E-003   107.77758896122457     
  0.56301847061552557        7.3289651593662075E-003   2.9988899100013143E-002   9.9962997000043810E-003   4.6494645756690058     
  0.58549161735638244       0.83424550733659464        2.9988899100013143E-002   9.9962997000043810E-003   129.91541304220917     
  0.14761754366236171       0.59804442727515805        2.9988899100013143E-002   9.9962997000043810E-003   72.973127469986608     
  0.84956327726776426       0.27818543966955794        2.9988899100013143E-002   9.9962997000043810E-003   151.96608008542879     
  0.15559727407043994       0.88408245487104220        2.9988899100013143E-002   9.9962997000043810E-003   49.266556202972907     
  0.57606147208204173       0.74595307287264101        2.9988899100013143E-002   9.9962997000043810E-003   128.43019832697081     
  0.63169118997563756       0.52482093905006688        2.9988899100013143E-002   9.9962997000043810E-003   78.075677125217638     
  0.55747991571215705       0.23477766314946891        2.9988899100013143E-002   9.9962997000043810E-003   70.301073356574037     
  0.34853932398308718       0.16179851882344842        2.9988899100013143E-002   9.9962997000043810E-003   121.59857852006293     
  0.52416599998347935       0.76618912136580064        2.9988899100013143E-002   9.9962997000043810E-003   56.717433185540997     
  0.10358860536407982        1.9782704309069185E-002   2.9988899100013143E-002   9.9962997000043810E-003   43.051467714540081     
  0.69330038273754790       0.46229337599356679        2.9988899100013143E-002   9.9962997000043810E-003   2.2841006741619410     
  0.51695627868064886       0.98579272077788815        2.9988899100013143E-002   9.9962997000043810E-003   37.561793519068722     
   3.5545259874502258E-002  0.33787927409418789        2.9988899100013143E-002   9.9962997000043810E-003   114.25905489503391     
  0.50545546792758123       0.26355405098724066        2.9988899100013143E-002   9.9962997000043810E-003   70.984960951014259     
  0.87611226223141470       0.67679763709882612        2.9988899100013143E-002   9.9962997000043810E-003   112.86635138473470     
  0.54868928850193721       0.63571517133657041        2.9988899100013143E-002   9.9962997000043810E-003   107.88617194412491     
  0.62056564958613181        1.9485291982840769E-002   2.9988899100013143E-002   9.9962997000043810E-003   111.67534978240948     
  0.23185003851237215       0.82668891930484056        2.9988899100013143E-002   9.9962997000043810E-003   7.2975648284391532     
  0.30675903364700036       0.99637927241299629        2.9988899100013143E-002   9.9962997000043810E-003   56.996466058399349     
  0.75722839817371057       0.99672320960306704        2.9988899100013143E-002   9.9962997000043810E-003   166.78767844496886     
  0.22727399376894991       0.69353890379230188        2.9988899100013143E-002   9.9962997000043810E-003   94.996716989074329     
  0.91451977592699363       0.77118704342773592        2.9988899100013143E-002   9.9962997000043810E-003   178.79543335135645     
  0.13846683732431880       0.30571363361567150        2.9988899100013143E-002   9.9962997000043810E-003   87.235960789982542     
  0.14579437834481118       0.63206568268965357        2.9988899100013143E-002   9.9962997000043810E-003   63.426304914399957     
  0.24435056835546187       0.40181100158532745        2.9988899100013143E-002   9.9962997000043810E-003   89.993630764753831     
  0.54818743221662580       0.24213307392547839        2.9988899100013143E-002   9.9962997000043810E-003   47.156333415204820     
   4.1329102275577026E-002  0.69828231486046777        2.9988899100013143E-002   9.9962997000043810E-003   128.73462104492020     
  0.60586112346834187       0.11962764427480477        2.9988899100013143E-002   9.9962997000043810E-003   116.80197573647276     
  0.78853973523479615       0.44484326947993419        2.9988899100013143E-002   9.9962997000043810E-003   114.68769880684762     
  0.47698643055342277        9.3176254406343972E-002   2.9988899100013143E-002   9.9962997000043810E-003   158.64654403247695     
  0.38793862596846768       0.92084976506966543        2.9988899100013143E-002   9.9962997000043810E-003   51.584485893222173     
  0.26688141453340253        4.7794320409617674E-002   2.9988899100013143E-002   9.9962997000043810E-003   11.420135960779874     
  0.76777194030593421       0.68310734198511325        2.9988899100013143E-002   9.9962997000043810E-003   52.744897505182905     
  0.23988463586074224        7.9765847876899443E-002   2.9988899100013143E-002   9.9962997000043810E-003   17.811600783134846     
  0.77090252700337336       0.32162673239852185        2.9988899100013143E-002   9.9962997000043810E-003   115.84760388338303     
  0.16762531784385329       0.58578477670819484        2.9988899100013143E-002   9.9962997000043810E-003   42.719569725060566     
  0.71485282905866876       0.26319924526222011        2.9988899100013143E-002   9.9962997000043810E-003   172.53853620881006     
  0.91876549754583892       0.64447810826439944        2.9988899100013143E-002   9.9962997000043810E-003   156.96104742944658     
  0.20370016785176781       0.97938230550664773        2.9988899100013143E-002   9.9962997000043810E-003   117.27854483466425     
  0.35073401008505395       0.68225988875256693        2.9988899100013143E-002   9.9962997000043810E-003   98.576720132036698     
  0.74267153001397135       0.79653746144356918        2.9988899100013143E-002   9.9962997000043810E-003   152.00389699932711     
  0.92064141788424692       0.84869635560318157        2.9988899100013143E-002   9.9962997000043810E-003   156.64465902503395     
  0.18198432143602059       0.56667957646469413        2.9988899100013143E-002   9.9962997000043810E-003   14.769300832129350     
  0.24323795282209304       0.53984200352193101        2.9988899100013143E-002   9.9962997000043810E-003   148.16553682883765     
  0.15011642810614717        7.7389346427023886E-002   2.9988899100013143E-002   9.9962997000043810E-003   179.54342380989857     
  0.11379050176691045       0.80668180364717457        2.9988899100013143E-002   9.9962997000043810E-003   9.9001780925389067     
  0.29481085853100086       0.95934495513878748        2.9988899100013143E-002   9.9962997000043810E-003   68.922061773890292     
  0.83943687275673096       0.43171655533266801        2.9988899100013143E-002   9.9962997000043810E-003   124.14968503044135     
   8.8926020965476180E-002  0.20471594826300993        2.9988899100013143E-002   9.9962997000043810E-003   74.962301957093032     
  0.67790668963696232       0.34170234688044621        2.9988899100013143E-002   9.9962997000043810E-003   60.362441397648084     
  0.34046029516745463       0.18880404779699669        2.9988899100013143E-002   9.9962997000043810E-003   107.99032720442757     
   1.7134316854402188E-003  0.84245056815668407        2.9988899100013143E-002   9.9962997000043810E-003   73.693799582064557     
  0.19095877625235314       0.62799779114842136        2.9988899100013143E-002   9.9962997000043810E-003   76.645073415167261     
  0.25673340634540764       0.11058085547245354        2.9988899100013143E-002   9.9962997000043810E-003   55.347764170523710     
  0.62259831060856285       0.36369101167040108        2.9988899100013143E-002   9.9962997000043810E-003   43.454779959123719     
  0.82144646760442797       0.27992391942291206        2.9988899100013143E-002   9.9962997000043810E-003   1.6144360030195628     
  0.53831835824342700       0.63209905352962570        2.9988899100013143E-002   9.9962997000043810E-003   102.72748563314615     
  0.72133459710954695       0.85985685864918326        2.9988899100013143E-002   9.9962997000043810E-003   53.385615157092587     
  0.13844133547999435        6.2810740016210856E-002   2.9988899100013143E-002   9.9962997000043810E-003   116.51212913637561     
  0.53181252712960791       0.75397565347528805        2.9988899100013143E-002   9.9962997000043810E-003   19.504224005788121     
  0.15316346148797699       0.49582913176526988        2.9988899100013143E-002   9.9962997000043810E-003   155.51155120529319     
  0.82866267596595067       0.35246556849900817        2.9988899100013143E-002   9.9962997000043810E-003   12.863328946467005     
  0.88143773058203767       0.49567446137988280        2.9988899100013143E-002   9.9962997000043810E-003   78.107104304527795     
  0.56049296356565159       0.57670940042627872        2.9988899100013143E-002   9.9962997000043810E-003   95.404033405633086     
  0.51930238070608115       0.48981336607484677        2.9988899100013143E-002   9.9962997000043810E-003   128.51023058680332     
  0.90515425201145205       0.14091086430340960        2.9988899100013143E-002   9.9962997000043810E-003   148.44817841616234     
  0.85850288995140045       0.69606111076277632        2.9988899100013143E-002   9.9962997000043810E-003   126.25917699515355     
  0.63279945144964378       0.17054789363382455        2.9988899100013143E-002   9.9962997000043810E-003   38.905630654878266     
  0.57131610465358351       0.23412397820282921        2.9988899100013143E-002   9.9962997000043810E-003   105.63994988165598     
  0.74342805953910995       0.47342550141798700        2.9988899100013143E-002   9.9962997000043810E-003   3.5385983713348024     
   9.0550580298253136E-002  0.17601847140861945        2.9988899100013143E-002   9.9962997000043810E-003   96.218311987377930     
  0.94607019302622619       0.80960530695435007        2.9988899100013143E-002   9.9962997000043810E-003   107.07032886239604     
   1.9746377405314954E-002  0.11871841619667056        2.9988899100013143E-002   9.9962997000043810E-003   41.413761081253021     
  0.24704769942823385       0.68664515443205199        2.9988899100013143E-002   9.9962997000043810E-003   17.335619773495800     
   6.9565341403623290E-002  0.88177228366382887        2.9988899100013143E-002   9.9962997000043810E-003   122.40924193211158     
  0.56099605074534531        1.8585695514386862E-002   2.9988899100013143E-002   9.9962997000043810E-003   6.3081478444824741     
  0.52477098757384699       0.37258824858046097        2.9988899100013143E-002   9.9962997000043810E-003   151.85299417935519     
  0.12279647710055717       0.62410516359447832        2.9988899100013143E-002   9.9962997000043810E-003   158.86173484253112     
  0.48114147829526832       0.57457061368454965        2.9988899100013143E-002   9.9962997000043810E-003   28.255427270993266     
  0.63293727234803088       0.31054320037124777        2.9988899100013143E-002   9.9962997000043810E-003   177.52577975843627     
  0.94510429239173610       0.48141641572745775        2.9988899100013143E-002   9.9962997000043810E-003   10.091977853010464     
  0.10282611654882522       0.67373696756563350        2.9988899100013143E-002   9.9962997000043810E-003   149.40455121192466     
  0.92186881413827104       0.70404632750257856        2.9988899100013143E-002   9.9962997000043810E-003   176.52322729699046     
  0.48211537859936976       0.84383764350651314        2.9988899100013143E-002   9.9962997000043810E-003   176.74869387929280     
  0.78578311876771456       0.23877321340825808        2.9988899100013143E-002   9.9962997000043810E-003   49.423050639899131     
  0.26556051536889025        9.7283529584016523E-002   2.9988899100013143E-002   9.9962997000043810E-003   12.393156551717924     
  0.45455642405227259       0.86138854762569106        2.9988899100013143E-002   9.9962997000043810E-003   120.16058468150426     
  0.99244794590552554       0.56543769031456426        2.9988899100013143E-002   9.9962997000043810E-003   140.27108530492626     
  0.85331381735414102       0.90571641969506611        2.9988899100013143E-002   9.9962997000043810E-003   172.06174564582687     
  0.60921139113880751       0.42119097899020652        2.9988899100013143E-002   9.9962997000043810E-003   67.400122585478456     
   9.6032925780683582E-003  0.29143054376984401        2.9988899100013143E-002   9.9962997000043810E-003   128.08143525776546     
  0.38730489250238459       0.47361390640055095        2.9988899100013143E-002   9.9962997000043810E-003   87.948561926664695     
  0.27122407003131688       0.49382307248716878        2.9988899100013143E-002   9.9962997000043810E-003   24.177874223151857     
  0.49917968844913380        7.0149328575500880E-002   2.9988899100013143E-002   9.9962997000043810E-003   132.15125540055178     
  0.57182854143660045       0.54255819946258976        2.9988899100013143E-002   9.9962997000043810E-003   129.60041311291752     
  0.17929331051779296       0.14848248073909925        2.9988899100013143E-002   9.9962997000043810E-003   152.73066061763379     
  0.46815512812796251        7.0410837303496038E-002   2.9988899100013143E-002   9.9962997000043810E-003   179.69519238830142     
  0.25066314745980628       0.93643525825029017        2.9988899100013143E-002   9.9962997000043810E-003   147.18664041388053     
  0.97364529201713323       0.44620906460009796        2.9988899100013143E-002   9.9962997000043810E-003   75.735688031666669     
  0.70752191065203385       0.31440578343071623        2.9988899100013143E-002   9.9962997000043810E-003   171.33663920481425     
  0.49241197313908974       0.75313313291429551        2.9988899100013143E-002   9.9962997000043810E-003   177.56434901359944     
  0.49236314747743432        1.5959782578637727E-002   2.9988899100013143E-002   9.9962997000043810E-003   49.637771215387872     
  0.24316068738974245       0.31810447664493413        2.9988899100013143E-002   9.9962997000043810E-003   55.734907183780848     
  0.61614216639204988        9.2075260115124138E-002   2.9988899100013143E-002   9.9962997000043810E-003   116.97270840810623     
  0.53973812347558159       0.69491128413577552        2.9988899100013143E-002   9.9962997000043810E-003   113.03037227274928     
  0.50836927850474645       0.76808678194240876        2.9988899100013143E-002   9.9962997000043810E-003   103.43332203236984     
   7.4950165703830977E-003  0.93752867819893038        2.9988899100013143E-002   9.9962997000043810E-003   31.612545923593636     
  0.20471407454180995       0.61836405773767178        2.9988899100013143E-002   9.9962997000043810E-003   36.268197858145840     
   2.3728932351264376E-002  0.23174853567177220        2.9988899100013143E-002   9.9962997000043810E-003   104.05165213481078     
  0.18275734454567860       0.72529404252995366        2.9988899100013143E-002   9.9962997000043810E-003   59.572829871527176     
  0.39995635738657720       0.30982232176378055        2.9988899100013143E-002   9.9962997000043810E-003   70.139317185311555     
   7.7678604685570959E-002  0.46194378102834416        2.9988899100013143E-002   9.9962997000043810E-003   28.582400467714308     
  0.36250110458860157       0.10353629274086332        2.9988899100013143E-002   9.9962997000043810E-003   150.55606553715910     
  0.26878817928350807        8.6280501621322156E-002   2.9988899100013143E-002   9.9962997000043810E-003   172.05610703014256     
  0.47705010389118419       0.32584899593179972        2.9988899100013143E-002   9.9962997000043810E-003   74.150442383153162     
  0.63045786520030789       0.23977977639670389        2.9988899100013143E-002   9.9962997000043810E-003   72.103267878190493     
  0.38309991715765496       0.19341413432482560        2.9988899100013143E-002   9.9962997000043810E-003   77.759518390083258     
   4.8606685633177202E-002  0.27471869101708163        2.9988899100013143E-002   9.9962997000043810E-003   25.440488252528706     
  0.46324872684286716       0.67935489331892540        2.9988899100013143E-002   9.9962997000043810E-003   113.25565368832579     
  0.68413127998805456       0.29775896858742434        2.9988899100013143E-002   9.9962997000043810E-003   96.756155264458258     
  0.77588593141917506        8.8119653989530033E-002   2.9988899100013143E-002   9.9962997000043810E-003   119.48986535502530     
  0.20001718032450411       0.29407623884596756        2.9988899100013143E-002   9.9962997000043810E-003   121.41618821042404     
  0.30915906907255275       0.79514740805406925        2.9988899100013143E-002   9.9962997000043810E-003   69.899482449496162     
  0.18360744689067798       0.15754018238734457        2.9988899100013143E-002   9.9962997000043810E-003   150.52955005784136     
  0.70176856387769460        4.8284519182458362E-003   2.9988899100013143E-002   9.9962997000043810E-003   35.421313639176851     
  0.16669691020714042        1.1878341452241032E-002   2.9988899100013143E-002   9.9962997000043810E-003   1.3081311942968625     
  0.53074830522764282       0.27109248293943389        2.9988899100013143E-002   9.9962997000043810E-003   128.76755862135553     
  0.91617402880547205       0.15068855679641663        2.9988899100013143E-002   9.9962997000043810E-003   106.35833437506035     
  0.79750263210861394       0.45227841159396098        2.9988899100013143E-002   9.9962997000043810E-003   132.39623571405187     
  0.87834583224830065        8.9057861602687111E-002   2.9988899100013143E-002   9.9962997000043810E-003   146.98446787832299     
  0.61371179943710308       0.91842393799603761        2.9988899100013143E-002   9.9962997000043810E-003   16.488796436482897     
  0.66832924580546071       0.53471142870494837        2.9988899100013143E-002   9.9962997000043810E-003   159.05155896809069     
  0.61972840872358492       0.97253189490646952        2.9988899100013143E-002   9.9962997000043810E-003   126.53566456517740     
  0.94858272565149060       0.96274944215662972        2.9988899100013143E-002   9.9962997000043810E-003   93.832289710987666     
  0.26673621275400045       0.32356608170405177        2.9988899100013143E-002   9.9962997000043810E-003   156.17073671427210     
  0.98448140115208094       0.72357107701053258        2.9988899100013143E-002   9.9962997000043810E-003   20.582710840753471     
  0.78943942905662245       0.13391115591559111        2.9988899100013143E-002   9.9962997000043810E-003   142.24434022431677     
  0.78459947957672371       0.73854444588640733        2.9988899100013143E-002   9.9962997000043810E-003   18.361572241752246     
  0.82570882234346243       0.14253821541645983        2.9988899100013143E-002   9.9962997000043810E-003   19.300786463109240     
  0.68011603441432977       0.77587035173207952        2.9988899100013143E-002   9.9962997000043810E-003   167.36135020489564     
   4.5213370945969146E-002  0.13975452619502815        2.9988899100013143E-002   9.9962997000043810E-003   62.304577391775830     
  0.37099566920469257       0.36792748292998223        2.9988899100013143E-002   9.9962997000043810E-003   99.981649966184150     
  0.98486769211379066       0.38957360569467664        2.9988899100013143E-002   9.9962997000043810E-003   136.11456850950529     
  0.60304045959182140       0.62437480007706869        2.9988899100013143E-002   9.9962997000043810E-003   115.46286429690358     
  0.65465976883992583       0.80942203614320574        2.9988899100013143E-002   9.9962997000043810E-003   131.42687853136317     
  0.93500847920391528       0.56664989647613706        2.9988899100013143E-002   9.9962997000043810E-003   90.853537085955338     
  0.79457182082172872        6.0812258343260588E-002   2.9988899100013143E-002   9.9962997000043810E-003   126.20448618143860     
  0.15775279249755753       0.59237188435463306        2.9988899100013143E-002   9.9962997000043810E-003   64.090846605469451     
  0.12519915223822881       0.86949410531175197        2.9988899100013143E-002   9.9962997000043810E-003   25.514745255584522     
  0.86763657087562218       0.56554726529727595        2.9988899100013143E-002   9.9962997000043810E-003   141.37339678836929     
  0.85587019828484112       0.12001774232405023        2.9988899100013143E-002   9.9962997000043810E-003   150.79921299821379     
  0.52099110457364795       0.26370314290671171        2.9988899100013143E-002   9.9962997000043810E-003   119.44673756229351     
  0.41330557440449989       0.81898187373550746        2.9988899100013143E-002   9.9962997000043810E-003   151.10918086826817     
  0.69788359161569902       0.78956077142728387        2.9988899100013143E-002   9.9962997000043810E-003   76.134963987382122     
  0.25881406324915834       0.88494892994931840        2.9988899100013143E-002   9.9962997000043810E-003   148.34241644600655     
  0.94354333736683005       0.65629718153220185        2.9988899100013143E-002   9.9962997000043810E-003   41.613673991832087     
  0.98340949526886801       0.71104595869245357        2.9988899100013143E-002   9.9962997000043810E-003   172.64115691510881     
  0.92468348831332803       0.71665818695438277        2.9988899100013143E-002   9.9962997000043810E-003   23.094610746270931     
  0.77575081249042599       0.71169352450053891        2.9988899100013143E-002   9.9962997000043810E-003   125.29371070627376     
  0.68885992731718515       0.36413204474368366        2.9988899100013143E-002   9.9962997000043810E-003   97.577961943171360     
  0.59677796106687275       0.58262933288428076        2.9988899100013143E-002   9.9962997000043810E-003   35.493794796509931     
  0.16883936895398668       0.98950759765508201        2.9988899100013143E-002   9.9962997000043810E-003   11.597163573726499     
  0.90513654399968324       0.36846568716062850        2.9988899100013143E-002   9.9962997000043810E-003   46.877607050396783     
  0.82183423541841449       0.77349157774731814        2.9988899100013143E-002   9.9962997000043810E-003   62.921754568046488     
  0.27035920753616832       0.75333334581828915        2.9988899100013143E-002   9.9962997000043810E-003   169.53856169235789     
  0.40958641253942957       0.45262190362137289        2.9988899100013143E-002   9.9962997000043810E-003   39.351022530271166     
  0.25459401718513885       0.66275026196411047        2.9988899100013143E-002   9.9962997000043810E-003   41.721337248251622     
  0.52373839423426083       0.15831194825682965        2.9988899100013143E-002   9.9962997000043810E-003   47.370972105782769     
  0.50756628057605935       0.99655513039489507        2.9988899100013143E-002   9.9962997000043810E-003   21.319642543638874     
  0.97509415062982630       0.82041197979742253        2.9988899100013143E-002   9.9962997000043810E-003   130.36228275522311     
  0.81748598306346165       0.91742785300384810        2.9988899100013143E-002   9.9962997000043810E-003   94.554299932259823     
  0.98669300681274152       0.70046653930196867        2.9988899100013143E-002   9.9962997000043810E-003   5.3262786251649636     
  0.56678138810655354       0.46056022782310546        2.9988899100013143E-002   9.9962997000043810E-003   111.98982788488985     
  0.28490226722727663       0.79018955478206632        2.9988899100013143E-002   9.9962997000043810E-003   136.57440218786903     
  0.71862450032141600       0.59892224575559116        2.9988899100013143E-002   9.9962997000043810E-003   73.951549214022990     
  0.70584528185515982       0.86343094373134632        2.9988899100013143E-002   9.9962997000043810E-003   95.382640205102220     
  0.23324585799403191       0.81557601340425778        2.9988899100013143E-002   9.9962997000043810E-003   21.380800111390656     
