  0.18664785999757716       0.97274233205172467        4.7416612838507601E-002   1.5805537612835867E-002   77.353999144206725     
  0.25114692486504980       0.18864379175920765        4.7416612838507601E-002   1.5805537612835867E-002   130.21622431598558     
   4.0266776708792085E-002  0.50924847473378232        4.7416612838507601E-002   1.5805537612835867E-002   98.240402641209883     
  0.16688558479433219       0.68403575578207565        4.7416612838507601E-002   1.5805537612835867E-002   127.65062985234128     
  0.42817003726218883       0.17445056837874140        4.7416612838507601E-002   1.5805537612835867E-002   92.013114204450844     
   3.5839769508842455E-003  0.15359235834022522        4.7416612838507601E-002   1.5805537612835867E-002   51.140556419942193     
  0.75606277084418549       0.52475952988414365        4.7416612838507601E-002   1.5805537612835867E-002   152.08348763249646     
  0.39144169103434950       0.75360111592992762        4.7416612838507601E-002   1.5805537612835867E-002   66.511946864433341     
  0.51159428261420858       0.76284590488655113        4.7416612838507601E-002   1.5805537612835867E-002   98.847849330197633     
  0.92875584072317008       0.57212308991945571        4.7416612838507601E-002   1.5805537612835867E-002   38.946521964368578     
  0.41343401484344683       0.80020560514538319        4.7416612838507601E-002   1.5805537612835867E-002   38.125304633356116     
  0.96060834366134151       0.73911117573827079        4.7416612838507601E-002   1.5805537612835867E-002   21.462472071317087     
  0.15755924960388240       0.33402391989796942        4.7416612838507601E-002   1.5805537612835867E-002   152.81345562247731     
  0.99246038299544448       0.10499451016184591        4.7416612838507601E-002   1.5805537612835867E-002   39.104966511215153     
  0.44434036709829561       0.90551660220093533        4.7416612838507601E-002   1.5805537612835867E-002   138.80512102178076     
   9.5613771293110550E-002  0.92545043161227580        4.7416612838507601E-002   1.5805537612835867E-002   81.671643283492742     
  0.81775750421213489       0.86124051839760807        4.7416612838507601E-002   1.5805537612835867E-002   11.790655812577226     
  0.85778020245575159        2.1356982566960614E-002   4.7416612838507601E-002   1.5805537612835867E-002   138.34008874064662     
  0.34093544042105789       0.75091657341228424        4.7416612838507601E-002   1.5805537612835867E-002   80.336469590244789     
  0.44827595923854624       0.19593797741022484        4.7416612838507601E-002   1.5805537612835867E-002   130.87774782330197     
  0.89410902847278417       0.10127946299720475        4.7416612838507601E-002   1.5805537612835867E-002   45.174733164884294     
  0.12593833451647934       0.55254858866317913        4.7416612838507601E-002   1.5805537612835867E-002   26.255048106507907     
  0.12710766169752064       0.80024153511102081        4.7416612838507601E-002   1.5805537612835867E-002   57.092399447157014     
  0.54597833984957922       0.72835349719978471        4.7416612838507601E-002   1.5805537612835867E-002   119.29820785059020     
  0.10411958521602521       0.63495572203206085        4.7416612838507601E-002   1.5805537612835867E-002   106.21708913843734     
  0.86629415458046333        9.0428944084121166E-002   4.7416612838507601E-002   1.5805537612835867E-002   79.877470267976165     
   7.3545497722314224E-002  0.29335157685631041        4.7416612838507601E-002   1.5805537612835867E-002   138.71411190610354     
   8.5528794602061364E-002  0.62572265381514702        4.7416612838507601E-002   1.5805537612835867E-002   121.87053843098495     
  0.23905504348767626       0.37107746889546123        4.7416612838507601E-002   1.5805537612835867E-002   94.622430688425240     
  0.22908742483357486       0.34176379021916026        4.7416612838507601E-002   1.5805537612835867E-002   157.51464937964695     
  0.26253248521742628       0.59479461779320664        4.7416612838507601E-002   1.5805537612835867E-002   18.030505872840529     
  0.66804700219362267       0.35824257525115005        4.7416612838507601E-002   1.5805537612835867E-002   18.711409552474422     
  0.90687950345599766       0.44400867346275191        4.7416612838507601E-002   1.5805537612835867E-002   159.84200944242568     
  0.26643888063485338        6.1794000387448249E-002   4.7416612838507601E-002   1.5805537612835867E-002   126.14046690819769     
  0.41758999757003645        1.0564244758093144E-002   4.7416612838507601E-002   1.5805537612835867E-002   179.69222568363844     
  0.99932489005406311       0.22950413123385660        4.7416612838507601E-002   1.5805537612835867E-002   131.98963693441783     
  0.57332295126568689       0.38451797458389181        4.7416612838507601E-002   1.5805537612835867E-002   99.798406975979262     
  0.99299356340823663       0.96358385447533101        4.7416612838507601E-002   1.5805537612835867E-002   68.880371548855479     
   7.6868798755683809E-002  0.36589598206072066        4.7416612838507601E-002   1.5805537612835867E-002   59.280467495946091     
  0.19993372711999285       0.20709995537838077        4.7416612838507601E-002   1.5805537612835867E-002   98.084763768922969     
  0.55178152762665644        7.7785363952785513E-002   4.7416612838507601E-002   1.5805537612835867E-002   133.51185022062026     
  0.87251023369410941       0.41237715343483317        4.7416612838507601E-002   1.5805537612835867E-002   117.06668094041193     
  0.56975354936356959       0.34487093770491384        4.7416612838507601E-002   1.5805537612835867E-002   154.87957379746425     
  0.97438175226625490       0.78279578830061647        4.7416612838507601E-002   1.5805537612835867E-002   36.890583359729305     
  0.53182508455576405       0.58102809926903642        4.7416612838507601E-002   1.5805537612835867E-002   113.69158444846268     
  0.96206820856598141        5.6063025605204146E-002   4.7416612838507601E-002   1.5805537612835867E-002   44.474932651440270     
  0.47717143352747410       0.82877662529788954        4.7416612838507601E-002   1.5805537612835867E-002   177.23045154781468     
  0.99381720191548473       0.61848914340502359        4.7416612838507601E-002   1.5805537612835867E-002   165.58568800603200     
  0.24839190099015301       0.79550878196978358        4.7416612838507601E-002   1.5805537612835867E-002   99.229439091404132     
  0.95879001283706866       0.24646417507303436        4.7416612838507601E-002   1.5805537612835867E-002   154.11426199121038     
  0.19171523978578070       0.86718528170630416        4.7416612838507601E-002   1.5805537612835867E-002   100.52237218194718     
  0.82656320610088019       0.52245228029334079        4.7416612838507601E-002   1.5805537612835867E-002   33.151303218845634     
  0.23324468561253925       0.89038100338570647        4.7416612838507601E-002   1.5805537612835867E-002   75.391963172153041     
   8.8386033301880385E-002  0.70241660709451548        4.7416612838507601E-002   1.5805537612835867E-002   20.842397907564333     
  0.92342901506773367       0.81267436840744856        4.7416612838507601E-002   1.5805537612835867E-002   66.731687852504407     
  0.36396089478107113       0.10390911462578184        4.7416612838507601E-002   1.5805537612835867E-002   30.043147051784910     
  0.97186635795755161       0.49603556546623373        4.7416612838507601E-002   1.5805537612835867E-002   8.6946665651847876     
  0.20530213889980731       0.92326936713228913        4.7416612838507601E-002   1.5805537612835867E-002   91.223754644635662     
  0.66223267004133557       0.70216199363571241        4.7416612838507601E-002   1.5805537612835867E-002   137.05315793120226     
  0.65215190364622200       0.82964640892642394        4.7416612838507601E-002   1.5805537612835867E-002   94.371849576061223     
   7.3009387047875407E-002  0.15337959798701484        4.7416612838507601E-002   1.5805537612835867E-002   95.917614739154132     
  0.51833558503537080       0.52805450401371656        4.7416612838507601E-002   1.5805537612835867E-002   154.48132533832108     
  0.38787787752043207       0.17464512232907220        4.7416612838507601E-002   1.5805537612835867E-002   156.33490442436505     
  0.62670694566780405       0.12833983952799388        4.7416612838507601E-002   1.5805537612835867E-002   59.855360967202891     
  0.87604908825817507       0.85078198574724229        4.7416612838507601E-002   1.5805537612835867E-002   17.745247484578773     
  0.33836938318636223       0.26173367719379331        4.7416612838507601E-002   1.5805537612835867E-002   58.781797965500886     
  0.78462593078093124       0.98086859873690946        4.7416612838507601E-002   1.5805537612835867E-002   174.77495374640964     
   9.1567090114739125E-002  0.59443979590377238        4.7416612838507601E-002   1.5805537612835867E-002   4.3900603929791302     
  0.33507724032028835       0.41273847450419843        4.7416612838507601E-002   1.5805537612835867E-002   157.93510979925483     
  0.50911572494790136       0.38999662037641436        4.7416612838507601E-002   1.5805537612835867E-002   157.60838747546677     
  0.56657043167013710       0.99356643627905772        4.7416612838507601E-002   1.5805537612835867E-002   166.88210790952627     
  0.39987581734012895       0.54130952126645948        4.7416612838507601E-002   1.5805537612835867E-002   140.04290202546241     
  0.62015025838847659       0.99657974673594296        4.7416612838507601E-002   1.5805537612835867E-002   166.08953908649775     
  0.89302516667414056       0.99242072773431511        4.7416612838507601E-002   1.5805537612835867E-002   28.624676767549257     
  0.16216419978441804       0.24571361959844706        4.7416612838507601E-002   1.5805537612835867E-002   50.749604826893851     
  0.30172226798134427        4.8159757381309835E-002   4.7416612838507601E-002   1.5805537612835867E-002   48.313449249203870     
  0.99355145906319164       0.65716855742229874        4.7416612838507601E-002   1.5805537612835867E-002   139.11528204535082     
   5.1953839961018988E-002   7.6570140036202716E-002   4.7416612838507601E-002   1.5805537612835867E-002   140.61888254578457     
  0.53528244175451523       0.29065421243384293        4.7416612838507601E-002   1.5805537612835867E-002   133.20982592987605     
  0.42376342787700089       0.23956604937883141        4.7416612838507601E-002   1.5805537612835867E-002   45.810180440715200     
  0.84779449102302451       0.67399978284167450        4.7416612838507601E-002   1.5805537612835867E-002   89.992411194301653     
  0.14274708280029702       0.13650497017920066        4.7416612838507601E-002   1.5805537612835867E-002   163.57679193770852     
  0.17475818031326729       0.37010887565259049        4.7416612838507601E-002   1.5805537612835867E-002   44.272822662112269     
  0.55633391082797268       0.61292526590387442        4.7416612838507601E-002   1.5805537612835867E-002   68.670760258806226     
  0.59036146799312583       0.16958656117870036        4.7416612838507601E-002   1.5805537612835867E-002   122.77565660440867     
  0.31924787724434739       0.16530981138404532        4.7416612838507601E-002   1.5805537612835867E-002   130.59172445665885     
  0.23217831838170652       0.48067932567810723        4.7416612838507601E-002   1.5805537612835867E-002   52.228849778860905     
  0.36218196466872637       0.53656209689231182        4.7416612838507601E-002   1.5805537612835867E-002   77.904453918514108     
  0.79591056839733965       0.88255853757633229        4.7416612838507601E-002   1.5805537612835867E-002   68.563475162906272     
  0.90687136740230867       0.24936029083026007        4.7416612838507601E-002   1.5805537612835867E-002   90.760175282654771     
  0.39186174175250682       0.97734281610199525        4.7416612838507601E-002   1.5805537612835867E-002   137.12359165307379     
  0.52367790022966876        8.5544552770115634E-002   4.7416612838507601E-002   1.5805537612835867E-002   131.88540412334692     
  0.29630977844544065       0.96400572604438417        4.7416612838507601E-002   1.5805537612835867E-002   110.01797807800033     
  0.35875238598967524       0.47345020465995624        4.7416612838507601E-002   1.5805537612835867E-002   152.21333446569432     
  0.55225114858788615       0.15631224974475999        4.7416612838507601E-002   1.5805537612835867E-002   127.80200200046885     
  0.77994385461573679       0.42285893975357902        4.7416612838507601E-002   1.5805537612835867E-002   127.22193798439797     
   6.4368477726820750E-002  0.52493299575641028        4.7416612838507601E-002   1.5805537612835867E-002   148.56278126679192     
  0.74333039534963852       0.76447510713877098        4.7416612838507601E-002   1.5805537612835867E-002   47.015853459177322     
   1.4793846315254596E-002  0.50556936216394899        4.7416612838507601E-002   1.5805537612835867E-002   117.16916890529886     
  0.66512481981277882       0.60577870738179995        4.7416612838507601E-002   1.5805537612835867E-002   100.06916349771380     
  0.98907335033692201       0.81784178091202353        4.7416612838507601E-002   1.5805537612835867E-002   126.75808730020067     
   5.5468746362753417E-003  0.74728603645999325        4.7416612838507601E-002   1.5805537612835867E-002   36.709236602664511     
  0.45068896132018810       0.54712382679479021        4.7416612838507601E-002   1.5805537612835867E-002   154.68275496854173     
  0.36360299456337697       0.61905469977872918        4.7416612838507601E-002   1.5805537612835867E-002   145.40266412018164     
  0.81874589259580721       0.62769725401678778        4.7416612838507601E-002   1.5805537612835867E-002   159.86244226005280     
  0.56876545184813987       0.81344553475663739        4.7416612838507601E-002   1.5805537612835867E-002   100.79234408696612     
  0.99346324076449777       0.29823879476033427        4.7416612838507601E-002   1.5805537612835867E-002   6.5112683772844324     
  0.20598751669928944       0.16263315481636803        4.7416612838507601E-002   1.5805537612835867E-002   47.843658980546060     
  0.34678641502919477       0.60552890244298618        4.7416612838507601E-002   1.5805537612835867E-002   172.08601068789648     
  0.89057435429002807       0.88463957346568478        4.7416612838507601E-002   1.5805537612835867E-002   75.412912734131126     
   1.5540397722125506E-002   2.4814350114153561E-002   4.7416612838507601E-002   1.5805537612835867E-002   134.56987996256899     
  0.60927903000703332        6.7867625583473423E-002   4.7416612838507601E-002   1.5805537612835867E-002   34.602997356911544     
  0.47052970692829471       0.97174451659964822        4.7416612838507601E-002   1.5805537612835867E-002   43.968914706193722     
  0.88511069761783001       0.22153047091895983        4.7416612838507601E-002   1.5805537612835867E-002   91.328281256092666     
   5.3258957795294271E-002  0.92428673097004899        4.7416612838507601E-002   1.5805537612835867E-002   8.2445901144715776     
  0.29999852720700110        8.6754748963014383E-002   4.7416612838507601E-002   1.5805537612835867E-002   59.259865866782420     
  0.32324244910785344       0.90823048039496124        4.7416612838507601E-002   1.5805537612835867E-002   134.83331531068856     
  0.22088296327686566       0.11199945808398548        4.7416612838507601E-002   1.5805537612835867E-002   146.69857756415340     
  0.98090050469442425       0.36087136604280579        4.7416612838507601E-002   1.5805537612835867E-002   106.91840166345433     
  0.23431548813776398       0.71335966655777838        4.7416612838507601E-002   1.5805537612835867E-002   35.677203753526470     
  0.72735951530702858       0.43011985021228366        4.7416612838507601E-002   1.5805537612835867E-002   45.050458546396797     
  0.13466916648082428       0.47001875142646315        4.7416612838507601E-002   1.5805537612835867E-002   163.36828370616030     
  0.65004472747678954       0.76239641912124601        4.7416612838507601E-002   1.5805537612835867E-002   155.59927345273934     
  0.57292771240184248       0.57029277145010648        4.7416612838507601E-002   1.5805537612835867E-002   7.6477812344959943     
   2.3147553460177991E-002  0.98307465792938364        4.7416612838507601E-002   1.5805537612835867E-002   89.064191908089597     
  0.47609505390913948       0.59438594591119065        4.7416612838507601E-002   1.5805537612835867E-002   144.13663165928500     
  0.58670890068330950       0.90282126772914162        4.7416612838507601E-002   1.5805537612835867E-002   71.237176484270023     
  0.30180604241302439       0.69200691723065400        4.7416612838507601E-002   1.5805537612835867E-002   166.80652493287556     
  0.34080674681001571       0.98842654238868899        4.7416612838507601E-002   1.5805537612835867E-002   177.92335880826479     
  0.88078735688334742       0.36185840449654250        4.7416612838507601E-002   1.5805537612835867E-002   28.562246673875940     
  0.73028097591988705       0.17857440926976298        4.7416612838507601E-002   1.5805537612835867E-002   170.18849181966939     
  0.81089558033060893       0.38750797614656074        4.7416612838507601E-002   1.5805537612835867E-002   75.271938504937467     
  0.40405082975629825        5.5051442039210079E-002   4.7416612838507601E-002   1.5805537612835867E-002   160.57580008331826     
  0.80146850912754841        5.2520284636885066E-002   4.7416612838507601E-002   1.5805537612835867E-002   128.23759192353825     
  0.44128228695283628       0.59682739220164871        4.7416612838507601E-002   1.5805537612835867E-002   121.34495829642817     
  0.23695901517936388       0.66651684396631394        4.7416612838507601E-002   1.5805537612835867E-002   31.253928100263650     
  0.38976285833027918       0.67245254727955239        4.7416612838507601E-002   1.5805537612835867E-002   3.6171434456283200     
  0.10133144054385612       0.82866073532230633        4.7416612838507601E-002   1.5805537612835867E-002   71.863505254917769     
  0.71655797520920173       0.81739298917608472        4.7416612838507601E-002   1.5805537612835867E-002   80.415889802319285     
  0.30912075796111388       0.36202702600892733        4.7416612838507601E-002   1.5805537612835867E-002   68.293940219788297     
  0.73547893340661308       0.36587508096236271        4.7416612838507601E-002   1.5805537612835867E-002   143.84031108623668     
  0.46401501534203599       0.63621563444115858        4.7416612838507601E-002   1.5805537612835867E-002   106.62213951227342     
  0.54227238823295798       0.91645896714847486        4.7416612838507601E-002   1.5805537612835867E-002   5.2829419931164345     
   3.7826852596292093E-002  0.44574817180682835        4.7416612838507601E-002   1.5805537612835867E-002   77.903926361507601     
  0.80520993078718983       0.57333427438687168        4.7416612838507601E-002   1.5805537612835867E-002   28.208731260263438     
  0.30485665145415258       0.24664424757302039        4.7416612838507601E-002   1.5805537612835867E-002   57.422228323011382     
  0.60915131258236799       0.69784826227103269        4.7416612838507601E-002   1.5805537612835867E-002   140.02844558885221     
  0.13995994348690388       0.52603790246351601        4.7416612838507601E-002   1.5805537612835867E-002   151.22280310301028     
  0.86518567173908956       0.27756054490984078        4.7416612838507601E-002   1.5805537612835867E-002   81.636997942647369     
  0.80899208822808233       0.91783892007543066        4.7416612838507601E-002   1.5805537612835867E-002   36.147938746528133     
   3.4048959297231729E-002  0.37891842495651684        4.7416612838507601E-002   1.5805537612835867E-002   54.774871408177567     
  0.52808626774986034       0.49278480689519094        4.7416612838507601E-002   1.5805537612835867E-002   69.105669403673105     
  0.88737710170483275       0.61814957057539432        4.7416612838507601E-002   1.5805537612835867E-002   166.32481878255939     
  0.50562701982114888       0.30572424453732483        4.7416612838507601E-002   1.5805537612835867E-002   119.68991775444850     
  0.76122932868122584       0.15237752201795113        4.7416612838507601E-002   1.5805537612835867E-002   11.662404558530259     
  0.31974958563434630       0.77362802286729704        4.7416612838507601E-002   1.5805537612835867E-002   59.425921996684444     
  0.11341279540189442       0.88358376559619711        4.7416612838507601E-002   1.5805537612835867E-002   45.713097713940449     
  0.75295164013409599       0.82141577828687562        4.7416612838507601E-002   1.5805537612835867E-002   125.60524817134539     
  0.24089878526605468       0.99078103546236762        4.7416612838507601E-002   1.5805537612835867E-002   8.0896900231594469     
  0.18045411403347617       0.53706751417205900        4.7416612838507601E-002   1.5805537612835867E-002   77.461013504623494     
  0.70717387040494817       0.86515090877629386        4.7416612838507601E-002   1.5805537612835867E-002   79.464232618436100     
  0.29028168491398304       0.87901983283600071        4.7416612838507601E-002   1.5805537612835867E-002   124.22309281931395     
  0.19808827902762211       0.50996942484317642        4.7416612838507601E-002   1.5805537612835867E-002   43.891657611956305     
  0.10654037974314484       0.17057309442456026        4.7416612838507601E-002   1.5805537612835867E-002   64.248612390659773     
  0.15621972556232772        8.3795740714666833E-002   4.7416612838507601E-002   1.5805537612835867E-002   3.8347238304333415     
  0.94055410822772922        7.9426979183989666E-003   4.7416612838507601E-002   1.5805537612835867E-002   145.91785723227906     
  0.89440672867972415       0.14639868870912565        4.7416612838507601E-002   1.5805537612835867E-002   103.73371469409473     
  0.78604476018110681       0.81514283801735843        4.7416612838507601E-002   1.5805537612835867E-002   118.65974451442169     
  0.78617267115084799       0.94391449439146780        4.7416612838507601E-002   1.5805537612835867E-002   28.382354009430898     
  0.65383315534560016        3.0780460727711789E-002   4.7416612838507601E-002   1.5805537612835867E-002   129.76814133338254     
  0.95788910263533922       0.13764202282803695        4.7416612838507601E-002   1.5805537612835867E-002   119.55869796545680     
  0.95637435058669573       0.51340052946993298        4.7416612838507601E-002   1.5805537612835867E-002   14.080026657926975     
  0.79432538240731188       0.73528995356965188        4.7416612838507601E-002   1.5805537612835867E-002   177.81522537967848     
  0.28155540504222093        1.1933633782144737E-002   4.7416612838507601E-002   1.5805537612835867E-002   93.470506695794441     
  0.13345700716983433       0.93358914450846220        4.7416612838507601E-002   1.5805537612835867E-002   114.06179015978806     
   8.6149385401057821E-002   3.7517104360659914E-002   4.7416612838507601E-002   1.5805537612835867E-002   24.739218827958034     
  0.77858720585316832       0.65414894030972615        4.7416612838507601E-002   1.5805537612835867E-002   89.691913080547280     
  0.16649487468353386       0.60615260663524562        4.7416612838507601E-002   1.5805537612835867E-002   169.30090992947916     
  0.27843497033520154       0.73670992520267120        4.7416612838507601E-002   1.5805537612835867E-002   63.176540613410040     
  0.33326181996619197        7.3101730950468236E-002   4.7416612838507601E-002   1.5805537612835867E-002   140.57348892243883     
  0.46081985027885747        7.8895237773468629E-004   4.7416612838507601E-002   1.5805537612835867E-002   177.49629504125798     
  0.85140840483368485       0.72077012615265079        4.7416612838507601E-002   1.5805537612835867E-002   127.26859492823972     
  0.41861292771936215        7.0347258577961813E-002   4.7416612838507601E-002   1.5805537612835867E-002   126.79888412002713     
  0.19316039618578940       0.81755979589565508        4.7416612838507601E-002   1.5805537612835867E-002   13.459574356006375     
  0.73224417196691804       0.90097783301448486        4.7416612838507601E-002   1.5805537612835867E-002   82.200855296837503     
  0.77812990427259277       0.57811939224800302        4.7416612838507601E-002   1.5805537612835867E-002   69.230280563502504     
  0.29976942972786730       0.78819863584253480        4.7416612838507601E-002   1.5805537612835867E-002   64.873043330716271     
  0.89392024689912597       0.72278959239389418        4.7416612838507601E-002   1.5805537612835867E-002   87.696742521935661     
   2.4416548015238591E-003  0.43969785622866620        4.7416612838507601E-002   1.5805537612835867E-002   115.75128644395589     
  0.73089684908964914        5.9458513075781198E-002   4.7416612838507601E-002   1.5805537612835867E-002   52.226439646327570     
  0.84912922828644477       0.59984168159060691        4.7416612838507601E-002   1.5805537612835867E-002   51.444631191340100     
   1.2311258483844730E-002  0.71577793950597768        4.7416612838507601E-002   1.5805537612835867E-002   33.764425043238383     
  0.63040426771274349       0.24301768708118637        4.7416612838507601E-002   1.5805537612835867E-002   28.103256655520212     
  0.75714201986830054       0.60472690170929366        4.7416612838507601E-002   1.5805537612835867E-002   51.220376951728028     
  0.25583498627855189       0.88352673470574994        4.7416612838507601E-002   1.5805537612835867E-002   73.271542924959732     
  0.56981594499656130       0.27014304238697773        4.7416612838507601E-002   1.5805537612835867E-002   21.591264461054227     
  0.91482834925013001       0.35343860433151963        4.7416612838507601E-002   1.5805537612835867E-002   80.959936862855514     
  0.54994215357414422       0.88369782586151102        4.7416612838507601E-002   1.5805537612835867E-002   44.862239709026355     
   5.7222055802758041E-003  0.91137437284478684        4.7416612838507601E-002   1.5805537612835867E-002   8.1658170691665504     
   8.9685086872329678E-002  0.67216550830148525        4.7416612838507601E-002   1.5805537612835867E-002   7.6363919878347382     
