          50   643.08998090659418     
         100   614.57471554930294     
         150   584.61360464220559     
         200   548.82126458536914     
         250   515.77358489305993     
         300   483.69988892349272     
         350   451.42412690611428     
         400   416.26012700830489     
         450   379.96454594761724     
         500   342.32300382700646     
         550   302.55200308228825     
         600   260.81114279744986     
         650   217.79263073413091     
         700   173.23038975434596     
         750   130.49567585519435     
         800   88.633785001731241     
         850   49.367631153726585     
         900   12.470852371912223     
         950  -22.515219756337480     
        1000  -55.365860140277832     
        1050  -86.660327423794982     
        1100  -116.54163872212879     
        1150  -146.13873183137056     
        1200  -175.87304139012576     
        1250  -205.76465990911015     
        1300  -235.14666766148380     
        1350  -264.02755583591880     
        1400  -292.34435542594429     
        1450  -319.75680354404255     
        1500  -346.63320131154393     
        1550  -373.14482989421390     
        1600  -400.04496255556620     
        1650  -427.11856055257522     
        1700  -453.98831412080818     
        1750  -480.71119287708291     
        1800  -507.17438589373381     
        1850  -533.62918087812182     
        1900  -559.25136045557804     
        1950  -584.09768381878689     
        2000  -608.53435534424943     
        2050  -632.51459843330167     
        2100  -656.73527903768525     
        2150  -680.72133734469378     
        2200  -703.83880516431839     
        2250  -726.61153027858722     
        2300  -749.46236757401243     
        2350  -771.77405205418006     
        2400  -793.93011834497736     
        2450  -815.57953249171908     
        2500  -837.44572771121750     
        2550  -859.03742883326368     
        2600  -880.82326039679583     
        2650  -902.46362073707871     
        2700  -923.66423104188016     
        2750  -944.38943219530051     
        2800  -964.75087907986347     
        2850  -984.94706476166687     
        2900  -1004.6938824746577     
        2950  -1024.2280594362289     
        3001  -1044.0373161140142     
        3050  -1062.9911238309041     
        3100  -1082.5427788496268     
        3150  -1101.6630789590213     
        3200  -1120.2749503137593     
        3250  -1138.5114738598179     
        3300  -1156.6282103743424     
        3350  -1174.7378809333859     
        3400  -1192.4253892998929     
        3450  -1209.7674069694654     
        3500  -1227.1692874898195     
        3550  -1244.6354198106583     
        3600  -1262.2517938524754     
        3650  -1279.5963822133047     
        3700  -1296.5931095351789     
        3750  -1313.3325768107568     
        3800  -1329.8296889664023     
        3850  -1346.3738163619087     
        3900  -1362.8461590729989     
        3950  -1379.0982705738224     
        4000  -1395.2157700209839     
        4050  -1411.3483226395299     
        4100  -1427.8911742658215     
        4150  -1444.4652741471386     
        4200  -1461.2204518844667     
        4250  -1477.7190397452759     
        4300  -1493.9752161290767     
        4350  -1510.0377815618947     
        4400  -1525.9155479818496     
        4450  -1541.7236449574568     
        4500  -1557.5220182307878     
        4550  -1573.2530607400442     
        4600  -1588.7503173108876     
        4650  -1604.5007136639517     
        4700  -1620.1505167170867     
        4750  -1635.6013418631560     
        4800  -1651.0053559642806     
        4850  -1666.5628616879148     
        4900  -1681.9169655912046     
        4950  -1697.1167976969500     
        5000  -1712.1047559645290     
        5050  -1727.0196729293752     
        5100  -1741.9801836938750     
        5150  -1756.9817876365144     
        5200  -1771.9135091765286     
        5250  -1786.6798553293631     
        5300  -1801.2169834306142     
        5350  -1815.5960754306857     
        5400  -1829.7836731409889     
        5450  -1844.1158376607500     
        5500  -1858.3738182568075     
        5550  -1872.5795739304840     
        5600  -1886.9881184871813     
        5650  -1901.2561251254276     
        5700  -1915.3754248937664     
        5750  -1929.3247246963992     
        5800  -1943.0785953797997     
        5850  -1956.6641086530205     
        5900  -1970.0983842862995     
        5950  -1983.3753557758139     
        6000  -1996.4766319501066     
        6050  -2008.8543487017560     
        6100  -2020.7842915261645     
        6150  -2032.5514021704605     
        6200  -2044.1651932805701     
        6250  -2055.7748098258985     
        6300  -2067.4012629028848     
        6350  -2078.9913052886295     
        6400  -2090.5366220985065     
        6450  -2102.0741703776062     
        6500  -2113.6051781335432     
        6550  -2125.0221166064666     
        6600  -2136.3774142078214     
        6650  -2147.6353158937864     
        6700  -2158.8138800286206     
        6750  -2170.2332552639141     
        6800  -2181.6029649434886     
        6850  -2192.8555303530406     
        6900  -2204.0167225904988     
        6950  -2215.0427645664008     
        7000  -2226.0187945241619     
        7050  -2236.9510269564275     
        7100  -2247.8896484232814     
        7150  -2258.8458202053698     
        7200  -2269.7647170785322     
        7250  -2280.7178954867800     
        7300  -2291.6605579665702     
        7350  -2302.7061779017558     
        7400  -2313.6595065150377     
        7450  -2324.5957316423915     
        7500  -2335.4572346652449     
        7550  -2346.3683303672501     
        7600  -2357.1603248788097     
        7650  -2367.8347862774635     
        7700  -2378.5189297201932     
        7750  -2389.1335216945081     
        7800  -2399.6513354395925     
        7850  -2410.0639896134467     
        7900  -2420.3967471701212     
        7950  -2430.8170920032680     
        8000  -2441.3350344161186     
        8050  -2451.8131177727446     
        8100  -2462.2571992018479     
        8150  -2472.6701053469255     
        8200  -2483.0253268439192     
        8250  -2493.2781762224195     
        8300  -2503.4364776461452     
        8350  -2513.5416987255717     
        8400  -2523.6765020321609     
        8450  -2533.8093927350342     
        8500  -2543.9424286673861     
        8550  -2553.9795124647603     
        8600  -2563.9316605522927     
        8650  -2573.8156105195658     
        8700  -2583.6004198225401     
        8750  -2593.3211182148129     
        8800  -2602.9694593462377     
        8850  -2612.6000496349666     
        8900  -2622.1503995283233     
        8950  -2631.6169208159163     
        9000  -2641.0936839668275     
        9050  -2650.5213565527743     
        9100  -2659.8758998269150     
        9150  -2669.2645147931448     
        9200  -2678.5905485672829     
        9250  -2687.9003962351835     
        9300  -2697.1533212541262     
        9350  -2706.3395391322210     
        9400  -2715.4785799886581     
        9450  -2724.5686661930299     
        9500  -2733.6935065468056     
        9550  -2742.7727898963954     
        9600  -2751.8047948052035     
        9650  -2761.0255387597872     
        9700  -2770.1838255314683     
        9750  -2779.2806630182058     
        9800  -2788.2985027918417     
        9850  -2797.2553689633046     
        9900  -2806.1268297823658     
        9950  -2814.9318419785518     
       10000  -2823.6680609780433     
       10050  -2832.3338016946623     
       10100  -2840.9140375654497     
       10150  -2849.4960436245578     
       10200  -2858.0436477068270     
       10250  -2866.5845748852153     
       10300  -2875.0467345844513     
       10350  -2883.5107753614157     
       10400  -2892.0335909779919     
       10450  -2900.5352154040752     
       10500  -2909.0376337875095     
       10550  -2917.5992172226092     
       10600  -2926.0992331386637     
       10650  -2934.5381861374285     
       10700  -2942.9595637113098     
       10750  -2951.3383511472734     
       10800  -2959.6473408519032     
       10850  -2967.9159756905410     
       10900  -2976.1504306248917     
       10950  -2984.3652246941601     
       11000  -2992.5248524187800     
       11050  -3000.6453297539829     
       11100  -3008.7396972616780     
       11150  -3016.7856637390487     
       11200  -3024.7772004499029     
       11250  -3032.8353642791049     
       11300  -3040.8887789367272     
       11350  -3048.8854199030247     
       11400  -3056.8624680469816     
       11450  -3064.8090821223423     
       11500  -3072.7206539738841     
       11550  -3080.6183806610698     
       11600  -3088.5218518572510     
       11650  -3096.3650829581361     
       11700  -3104.2008981210465     
       11750  -3112.0847866273193     
       11800  -3119.9255332918879     
       11850  -3127.7061244310694     
       11900  -3135.4548769801149     
       11950  -3143.2429932148243     
       12000  -3151.0061283339151     
       12050  -3158.6535930683999     
       12100  -3165.8731826193698     
       12150  -3173.0726084812791     
       12200  -3180.2450873421699     
       12250  -3187.3592016510597     
       12300  -3194.4350262848616     
       12350  -3201.4582879880213     
       12400  -3208.4575122514452     
       12450  -3215.4436198147496     
       12500  -3222.4181016035413     
       12550  -3229.3508244830687     
       12600  -3236.2801142192152     
       12650  -3243.3078280108334     
       12700  -3250.3317674800460     
       12750  -3257.3239324661540     
       12800  -3264.3062702819457     
       12850  -3271.2975757829827     
       12900  -3278.3516064142118     
       12950  -3285.3853192991751     
       13000  -3292.4443424035844     
       13050  -3299.4692666361793     
       13100  -3306.4429055779515     
       13150  -3313.4289584175021     
       13200  -3320.5457502523145     
       13250  -3327.6245276970362     
       13300  -3334.6605339106154     
       13350  -3341.6708439379645     
       13400  -3348.7397223284379     
       13450  -3355.7690402711710     
       13500  -3362.8164385500718     
       13550  -3369.8508577084863     
       13600  -3376.8657046449425     
       13650  -3383.8747215941858     
       13700  -3390.8894267124247     
       13750  -3397.9205106033196     
       13800  -3405.0184647141682     
       13850  -3412.1225248868045     
       13900  -3419.1767161595139     
       13950  -3426.1844259034733     
       14000  -3433.3358100550686     
       14050  -3440.4790348078309     
       14100  -3447.6179555717913     
       14150  -3454.7592305434227     
       14200  -3461.8935221975476     
       14250  -3468.9941382448596     
       14300  -3476.0457874093122     
       14350  -3483.0487428794709     
       14400  -3490.0057673036881     
       14450  -3496.9288650891831     
       14500  -3503.8286667523130     
       14550  -3510.7091803624185     
       14600  -3517.5518337452691     
       14650  -3524.3477795964968     
       14700  -3531.1001741278510     
       14750  -3537.8378490221789     
       14800  -3544.5622293249189     
       14850  -3551.2739090636014     
       14900  -3557.9509899489753     
       14950  -3564.5957535487169     
       15000  -3571.2021745783177     
       15051  -3577.9014163341881     
       15100  -3584.2989167969067     
       15150  -3590.8150659274243     
       15200  -3597.3117454274870     
       15250  -3603.8259775853803     
       15300  -3610.3235235569723     
       15350  -3616.7820479345960     
       15400  -3623.2139684259864     
       15450  -3629.6103758328977     
       15500  -3636.0106702417493     
       15550  -3642.4142406524688     
       15600  -3648.8114742741786     
       15650  -3655.1875220605225     
       15700  -3661.5865447412566     
       15750  -3667.9719876359291     
       15800  -3674.3237177762912     
       15850  -3680.6700020721355     
       15900  -3687.0437132260031     
       15950  -3693.3774638083732     
       16000  -3699.7388427251885     
       16050  -3706.1506513771064     
       16100  -3712.5261911206535     
       16150  -3718.8623045882719     
       16200  -3725.1842485715424     
       16250  -3731.5083951491424     
       16300  -3737.7982048369722     
       16350  -3744.0760128420175     
       16400  -3750.3580138275179     
       16450  -3756.6224767936387     
       16500  -3762.8614572016741     
       16550  -3769.0664801306953     
       16600  -3775.2525000211849     
       16650  -3781.4164948665998     
       16700  -3787.5986605013841     
       16750  -3793.8001853061437     
       16800  -3800.0024572083998     
       16850  -3806.1952901250374     
       16900  -3812.3944310505435     
       16950  -3818.5997797829177     
       17000  -3824.7838858143200     
       17050  -3830.9757822143056     
       17100  -3837.1561879736869     
       17150  -3843.3300271039561     
       17200  -3849.4819743520584     
       17250  -3855.6044024448506     
       17300  -3861.6923855242812     
       17350  -3867.7476619320773     
       17400  -3873.7689200843101     
       17450  -3879.7561287719900     
       17500  -3885.7810854830682     
       17550  -3891.8294310489123     
       17600  -3897.8818502478512     
       17650  -3903.9643801990283     
       17700  -3910.0148396849318     
       17750  -3916.0365738586356     
       17800  -3922.0718501727938     
       17850  -3928.1498795423604     
       17900  -3934.2441301100625     
       17950  -3940.3623965369725     
       18000  -3946.4582199034103     
       18051  -3952.6585784024173     
       18100  -3957.7600395218083     
       18150  -3962.9428873184643     
       18200  -3968.1087256467422     
       18250  -3973.2596196562431     
       18300  -3978.3867200892246     
       18350  -3983.5078232623200     
       18400  -3988.6649344664597     
       18450  -3993.8088591327451     
       18500  -3998.9385679995594     
       18550  -4004.1189310839991     
       18600  -4009.3083563173773     
       18650  -4014.4864551521714     
       18700  -4019.6553129174795     
       18750  -4024.8018517385667     
       18800  -4029.9360054513559     
       18850  -4035.0709579136401     
       18900  -4040.1925349720441     
       18950  -4045.3997092440636     
       19000  -4050.6067328391819     
       19050  -4055.7996077154335     
       19100  -4061.0180541277032     
       19150  -4066.2251488796551     
       19200  -4071.4124550172855     
       19250  -4076.5774138559023     
       19300  -4081.7197610470407     
       19350  -4086.8417617074924     
       19400  -4091.9447207736339     
       19450  -4097.0545690322206     
       19500  -4102.1873746925194     
       19550  -4107.3379233421210     
       19600  -4112.4795036271526     
       19650  -4117.6030711213634     
       19700  -4122.7173081088695     
       19750  -4127.8213922362702     
       19800  -4132.9197076875444     
       19850  -4137.9973877064949     
       19900  -4143.0825211669880     
       19950  -4148.1751860143713     
       20000  -4153.2639386799938     
       20050  -4158.3311195345523     
       20100  -4163.3771727460507     
       20150  -4168.4049661333156     
       20200  -4173.4137622858761     
       20250  -4178.3999687268115     
       20300  -4183.3620272861990     
       20350  -4188.3134316345777     
       20400  -4193.2527202972260     
       20450  -4198.2030750974736     
       20500  -4203.1556736022585     
       20550  -4208.1039742302473     
       20600  -4213.0361841280073     
       20650  -4217.9522730995468     
       20700  -4222.8512531353435     
       20750  -4227.7655991773090     
       20800  -4232.6943793834243     
       20850  -4237.6090730377491     
       20900  -4242.5394502041572     
       20950  -4247.4607860155238     
       21000  -4252.3601996001371     
       21050  -4257.2563381021782     
       21100  -4261.8344387343031     
       21150  -4266.2670936532149     
       21200  -4270.6847284123096     
       21250  -4275.0816083284326     
       21300  -4279.4893219030682     
       21350  -4283.9244625962701     
       21400  -4288.3527511747161     
       21450  -4292.7804894682386     
       21500  -4297.2046593420655     
       21550  -4301.6273120790156     
       21600  -4306.0330475474420     
       21650  -4310.4184331984625     
       21700  -4314.7836096990168     
       21750  -4319.1297708785896     
       21800  -4323.4629702772118     
       21850  -4327.7977781979353     
       21900  -4332.1277083152472     
       21950  -4336.4384493321268     
       22000  -4340.7313837862566     
       22050  -4345.0191514001581     
       22100  -4349.2936081512207     
       22150  -4353.5487671291412     
       22200  -4357.7963064728929     
       22250  -4362.0536156134112     
       22300  -4366.3056960679141     
       22350  -4370.5437355347722     
       22400  -4374.7837766963057     
       22450  -4379.0393759375311     
       22500  -4383.3122403134676     
       22550  -4387.5885082578452     
       22600  -4391.8508844534090     
       22650  -4396.1091613417948     
       22700  -4400.3543907800677     
       22750  -4404.5941009079206     
       22800  -4408.8517971199726     
       22850  -4413.0965314121322     
       22900  -4417.3332688770834     
       22950  -4421.5884503613224     
       23000  -4425.8440892261870     
       23050  -4430.0864652197815     
       23100  -4434.3145416453581     
       23150  -4438.5629385773591     
       23200  -4442.8478459418393     
       23250  -4447.1664227359943     
       23300  -4451.4968545356987     
       23350  -4455.8378725637513     
       23400  -4460.1738784072231     
       23450  -4464.5001277656147     
       23500  -4468.8140146362821     
       23550  -4473.1291835306092     
       23600  -4477.4335887716907     
       23650  -4481.7197935677787     
       23700  -4485.9880716502394     
       23750  -4490.2390987467752     
       23800  -4494.4732784564721     
       23850  -4498.7046034302721     
       23900  -4502.9214509110116     
       23950  -4507.1237471451141     
       24000  -4511.3115640630767     
       24050  -4515.4896610206479     
       24100  -4519.4647017506868     
       24150  -4523.2278439348111     
       24200  -4527.0387053413388     
       24250  -4530.8354933034552     
       24300  -4534.6232089058394     
       24350  -4538.4142481920480     
       24400  -4542.2121860552115     
       24450  -4546.0736033003013     
       24500  -4549.9225547430169     
       24550  -4553.7695144203235     
       24600  -4557.6162146641082     
       24650  -4561.4955052025189     
       24700  -4565.3745293892853     
       24750  -4569.2755250078380     
       24800  -4573.1880300211142     
       24850  -4577.1065517660281     
       24900  -4581.0143130933338     
       24950  -4584.9122392270747     
       25000  -4588.8085355691182     
       25050  -4592.6946536967725     
       25100  -4596.5685542670808     
       25150  -4600.4298242849600     
       25200  -4604.2757976256626     
       25250  -4608.1202985571508     
       25300  -4611.9614696783065     
       25350  -4615.8162923354794     
       25400  -4619.6784829679536     
       25450  -4623.5366518503661     
       25500  -4627.3955257392518     
       25550  -4631.2669773754033     
       25600  -4635.1366972400310     
       25650  -4639.0065191237418     
       25700  -4642.8784105201630     
       25750  -4646.7421458153667     
       25800  -4650.5914070376693     
       25850  -4654.4257775008909     
       25900  -4658.2459772924030     
       25950  -4662.0537100021265     
       26000  -4665.8548012167394     
       26050  -4669.6501193895110     
       26100  -4673.4850529318901     
       26150  -4677.3128437011592     
       26200  -4681.1263646536418     
       26250  -4684.9292737782107     
       26300  -4688.7318827495174     
       26350  -4692.5324497719866     
       26400  -4696.3244589148935     
       26450  -4700.1091063889135     
       26500  -4703.8828787622060     
       26550  -4707.6537740233580     
       26600  -4711.4117798190837     
       26650  -4715.1602513027201     
       26700  -4718.9005711681011     
       26750  -4722.6403497193187     
       26800  -4726.3672685031315     
       26850  -4730.0886634998114     
       26900  -4733.8018101871003     
       26950  -4737.5016315342918     
       27000  -4741.2438709273420     
       27050  -4744.9968701248781     
       27100  -4748.6962734208591     
       27150  -4752.2409071503507     
       27200  -4755.7775483449232     
       27250  -4759.3153686765654     
       27300  -4762.8584719265409     
       27350  -4766.3938253331180     
       27400  -4769.9309566001193     
       27450  -4773.4692702624016     
       27500  -4776.9977685995364     
       27550  -4780.5224721631239     
       27600  -4784.0423423723660     
       27650  -4787.5659566234035     
       27700  -4791.1122531663696     
       27750  -4794.6900396411984     
       27800  -4798.2550650500752     
       27850  -4801.8112534890433     
       27900  -4805.3584769893678     
       27950  -4808.8936839130229     
       28000  -4812.4198653737667     
       28050  -4815.9564667520999     
       28100  -4819.4806147389563     
       28150  -4822.9983321718009     
       28200  -4826.5135653427569     
       28250  -4830.0223664960740     
       28300  -4833.5209809672633     
       28350  -4837.0280475405370     
       28400  -4840.5578261201872     
       28450  -4844.0926055733744     
       28500  -4847.6386408497447     
       28550  -4851.1857159988967     
       28600  -4854.7215525607426     
       28650  -4858.2457453068737     
       28700  -4861.7576586357709     
       28750  -4865.2586515139246     
       28800  -4868.7566787882361     
       28850  -4872.2430604331739     
       28900  -4875.7174951049510     
       28950  -4879.1863686403667     
       29000  -4882.6443361550355     
       29050  -4886.0912852472275     
       29100  -4889.5491731471338     
       29150  -4892.9971740571291     
       29200  -4896.4333667448300     
       29250  -4899.8578117652223     
       29300  -4903.2705692599475     
       29350  -4906.6727373828971     
       29400  -4910.0728188594894     
       29450  -4913.4702896305207     
       29500  -4916.8709605290469     
       29550  -4920.2865475255976     
       29600  -4923.6951241631277     
       29650  -4927.0983192316635     
       29700  -4930.5279438584666     
       29750  -4933.9600833577624     
       29800  -4937.4034209030442     
       29850  -4940.8407141048338     
       29900  -4944.2676531988982     
       29950  -4947.6864560939302     
       30000  -4951.1023675344977     
       30050  -4954.5069115493070     
       30101  -4957.9697903130691     
       30150  -4961.2888976194681     
       30200  -4964.6646392409684     
       30250  -4968.0337590427880     
       30300  -4971.3938640246024     
       30350  -4974.7440903520946     
       30400  -4978.0852953156327     
       30450  -4981.4517350418610     
       30500  -4984.8690200234814     
       30550  -4988.2754514446333     
       30600  -4991.6777547979418     
       30650  -4995.0775372048765     
       30700  -4998.5088415017572     
       30750  -5001.9550340238584     
       30800  -5005.3994727869722     
       30850  -5008.8383059066864     
       30900  -5012.2684047359498     
       30950  -5015.6907799212549     
       31000  -5019.1021151866071     
       31050  -5022.5143250467581     
       31100  -5025.9158461702145     
       31150  -5029.3069181978699     
       31200  -5032.6907459521135     
       31250  -5036.0664045334433     
       31300  -5039.4312782630759     
       31350  -5042.7868468272818     
       31400  -5046.1428960640060     
       31450  -5049.5118032022247     
       31500  -5052.8727158418142     
       31550  -5056.2229794831028     
       31600  -5059.5751012302599     
       31650  -5062.9174231556544     
       31700  -5066.2492014787604     
       31750  -5069.5704860118722     
       31800  -5072.8822567577736     
       31850  -5076.1837327063549     
       31900  -5079.4866331348449     
       31950  -5082.7962270086555     
       32000  -5086.1223619692300     
       32050  -5089.4387956595801     
       32100  -5092.7526675481577     
       32150  -5096.0562319036444     
       32200  -5099.3507049161926     
       32250  -5102.6559463251479     
       32300  -5106.0178971711321     
       32350  -5109.3734710688814     
       32400  -5112.7197556609899     
       32450  -5116.0566359969816     
       32500  -5119.3864129187195     
       32550  -5122.7066314033473     
       32600  -5126.0170152608416     
       32650  -5129.3177238613844     
       32700  -5132.6083385518323     
       32750  -5135.8965300722130     
       32800  -5139.2068092767577     
       32850  -5142.5107072043656     
       32900  -5145.8053807092956     
       32950  -5149.0965217433140     
       33000  -5152.3806234972408     
       33050  -5155.6578337503825     
       33101  -5159.0054198903063     
       33150  -5162.2169184354470     
       33200  -5165.5080205267059     
       33250  -5168.7945937190052     
       33300  -5172.0721661163379     
       33350  -5175.3481921292469     
       33400  -5178.6176711481057     
       33450  -5181.8773759397045     
       33500  -5185.1298919411247     
       33550  -5188.3807574640969     
       33600  -5191.6231726724427     
       33650  -5194.8710726197269     
       33700  -5198.1169801457572     
       33750  -5201.3574756399657     
       33800  -5204.5884724860571     
       33850  -5207.8099242897661     
       33900  -5211.0218732857957     
       33950  -5214.2243614600393     
       34000  -5217.4220386047682     
       34050  -5220.6347717047029     
       34100  -5223.8540740580056     
       34150  -5227.0655686292848     
       34200  -5230.2779908580042     
       34250  -5233.4932884663513     
       34300  -5236.7020523635601     
       34350  -5239.9041660801495     
       34400  -5243.0994105759137     
       34450  -5246.2857005087290     
       34500  -5249.4627548185517     
       34550  -5252.6325141483821     
       34600  -5255.7983247383936     
       34650  -5258.9616172394644     
       34700  -5262.1237643998138     
       34750  -5265.2805379214524     
       34800  -5268.4282402548106     
       34850  -5271.5669104437393     
       34900  -5274.6966301948569     
       34950  -5277.8174861003608     
       35000  -5280.9297522615670     
       35050  -5284.0376458289811     
       35100  -5287.1453153706680     
       35150  -5290.2444027063939     
       35200  -5293.3550252314171     
       35250  -5296.4777834034294     
       35300  -5299.5962354919575     
       35350  -5302.7076235515551     
       35400  -5305.8118113062274     
       35450  -5308.9110499889066     
       35500  -5312.0033864978404     
       35550  -5315.0870795493029     
       35600  -5318.1627623910663     
       35650  -5321.2318890377483     
       35700  -5324.2944414505782     
       35750  -5327.3484272832320     
       35800  -5330.4003600949918     
       35850  -5333.4530911753154     
       35900  -5336.4974254225908     
       35950  -5339.5440993260872     
       36000  -5342.5931031372356     
       36050  -5345.6336492401706     
       36100  -5348.6701486052016     
       36150  -5351.6986352169488     
       36200  -5354.7188070173079     
       36250  -5357.7306473092522     
       36300  -5360.7409395802242     
       36350  -5363.7448796998788     
       36400  -5366.7408536460835     
       36450  -5369.7326656408768     
       36500  -5372.7456767010026     
       36550  -5375.7504442288155     
       36600  -5378.7543440507188     
       36650  -5381.7555615143738     
       36700  -5384.7672983358652     
       36750  -5387.7708399551202     
       36800  -5390.7664524629636     
       36850  -5393.7610746075534     
       36900  -5396.7519549955459     
       36950  -5399.7758741008256     
       37000  -5402.7916204517678     
       37050  -5405.7992271364446     
       37100  -5408.7987270645590     
       37150  -5411.7910321737745     
       37200  -5414.7807070524068     
       37250  -5417.7856320133033     
       37300  -5420.7897548220999     
       37350  -5423.7858344640717     
       37400  -5426.7739031979108     
       37450  -5429.7541374939092     
       37500  -5432.7302087266607     
       37550  -5435.7024629895632     
       37600  -5438.6709706775482     
       37650  -5441.6379496979534     
       37700  -5444.6304231643026     
       37750  -5447.6195499720643     
       37800  -5450.6014691577602     
       37850  -5453.5799952814168     
       37900  -5456.5662965471884     
       37950  -5459.5447287714160     
       38000  -5462.5163502800597     
       38050  -5465.4809049114183     
       38100  -5468.4376785594923     
       38150  -5471.3867951349557     
       38200  -5474.3431191116206     
       38250  -5477.3029333058030     
       38300  -5480.2550195255881     
       38350  -5483.1994079977330     
       38400  -5486.1361736732197     
       38450  -5489.0734073511012     
       38500  -5492.0182846098205     
       38550  -5494.9575939174647     
       38600  -5497.8904443824567     
       38650  -5500.8187359668418     
       38700  -5503.7445955618850     
       38750  -5506.6637403687473     
       38800  -5509.5828909907159     
       38850  -5512.4948878792857     
       38900  -5515.4004673383697     
       38950  -5518.2990286335817     
       39000  -5521.1901577203444     
       39050  -5524.0782054596584     
       39100  -5526.9686513402530     
       39150  -5529.8632233962262     
       39200  -5532.7504113398109     
       39250  -5535.6302433905466     
       39300  -5538.5027476243586     
       39350  -5541.3680700342911     
       39400  -5544.2266571978435     
       39450  -5547.0779982595868     
       39500  -5549.9252951967765     
       39550  -5552.7733714697906     
       39600  -5555.6163072992595     
       39650  -5558.4531108851406     
       39700  -5561.2838380090943     
       39750  -5564.1172788615022     
       39800  -5566.9543256808138     
       39850  -5569.7844717919361     
       39900  -5572.6075248050356     
       39950  -5575.4429088550305     
       40000  -5578.2715998174654     
       40050  -5581.1001010266846     
       40100  -5583.9269422120115     
       40150  -5586.7467426970015     
       40200  -5589.5595287529241     
       40250  -5592.3657347020489     
       40300  -5595.1650033827937     
       40350  -5597.9586378808690     
       40400  -5600.7666686192206     
       40450  -5603.5683841060918     
       40500  -5606.3631817769456     
       40550  -5609.1532578384949     
       40600  -5611.9375786109440     
       40650  -5614.7150498857973     
       40700  -5617.4858920382485     
       40750  -5620.2557780933603     
       40800  -5623.0249547092226     
       40850  -5625.7905848095807     
       40900  -5628.5551161524754     
       40950  -5631.3164600717646     
       41000  -5634.0728854377103     
       41050  -5636.8324427880616     
       41100  -5639.5868543299403     
       41150  -5642.3356606728548     
       41200  -5645.0780300155457     
       41250  -5647.8151921517929     
       41300  -5650.5457267768143     
       41350  -5653.2701167544865     
       41400  -5655.9967795744760     
       41450  -5658.7208983905584     
       41500  -5661.4399060443657     
       41550  -5664.1539419236633     
       41600  -5666.8614536782516     
       41650  -5669.5722979167049     
       41700  -5672.2898290162057     
       41750  -5675.0060907685356     
       41800  -5677.7158542870084     
       41850  -5680.4224147649466     
       41900  -5683.1265900384897     
       41950  -5685.8301910143446     
       42000  -5688.5316681967452     
       42050  -5691.2271781493564     
       42100  -5693.9171719378846     
       42150  -5696.6022011130099     
       42200  -5699.2813147108227     
       42250  -5701.9540872113630     
       42300  -5704.6205411007904     
       42350  -5707.2806987590748     
       42400  -5709.9345824606171     
       42450  -5712.5822143748774     
       42500  -5715.2252389080240     
       42550  -5717.8633250663006     
       42600  -5720.4952185340635     
       42650  -5723.1209410910005     
       42700  -5725.7405144147824     
       42750  -5728.3539600816666     
       42800  -5730.9612995670859     
       42850  -5733.5808462207815     
       42900  -5736.2163428153117     
       42950  -5738.8498303165115     
       43000  -5741.4795655686858     
       43050  -5744.1031922604598     
       43100  -5746.7207316513250     
       43150  -5749.3324536288337     
       43200  -5751.9420221602404     
       43250  -5754.5455570071817     
       43300  -5757.1430790715667     
       43350  -5759.7346091588706     
       43400  -5762.3201679786926     
       43450  -5764.8997761453047     
       43500  -5767.4734541782000     
       43550  -5770.0412225026394     
       43600  -5772.6031628755345     
       43650  -5775.1597861640994     
       43700  -5777.7105590561223     
       43750  -5780.2559202020284     
       43800  -5782.8020204749801     
       43850  -5785.3423143619048     
       43900  -5787.8791155058361     
       43950  -5790.4136263110759     
       44000  -5792.9426949502586     
       44050  -5795.4682583225604     
       44100  -5797.9921406110116     
       44150  -5800.5103062917888     
       44200  -5803.0263474099565     
       44250  -5805.5395793937951     
       44300  -5808.0523824412003     
       44350  -5810.5608677479731     
       44400  -5813.0641450261555     
       44450  -5815.5641070196107     
       44500  -5818.0584511209463     
       44550  -5820.5471962456231     
       44600  -5823.0303612242815     
       44650  -5825.5080075241258     
       44700  -5827.9803053908936     
       44750  -5830.4470785696922     
       44800  -5832.9094433110940     
       44850  -5835.3689025055392     
       44900  -5837.8228840625807     
       44950  -5840.2714062613195     
       45000  -5842.7144872996168     
       45050  -5845.1534974465421     
       45100  -5847.5953964567607     
       45151  -5850.0856528113864     
       45200  -5852.4751417766965     
       45250  -5854.9082464696494     
       45300  -5857.3401119011714     
       45350  -5859.7787607014725     
       45400  -5862.2133283503845     
       45450  -5864.6425394148100     
       45500  -5867.0664115538193     
       45550  -5869.4849623489445     
       45600  -5871.8982093046070     
       45650  -5874.3086632499908     
       45700  -5876.7152436828956     
       45750  -5879.1165638307002     
       45800  -5881.5204248152431     
       45850  -5883.9283410469552     
       45900  -5886.3310301952224     
       45950  -5888.7284904226017     
       46000  -5891.1207387799213     
       46050  -5893.5077922439568     
       46100  -5895.8896677178309     
       46150  -5898.2711922173867     
       46200  -5900.6500371948086     
       46250  -5903.0237387236302     
       46300  -5905.3923134672923     
       46350  -5907.7557780173329     
       46400  -5910.1141488937747     
       46450  -5912.4674425455087     
       46500  -5914.8156753506801     
       46550  -5917.1588636170654     
       46600  -5919.4970235824494     
       46650  -5921.8301714150030     
       46700  -5924.1583232136536     
       46750  -5926.4841766065110     
       46800  -5928.8061019566985     
       46850  -5931.1230712228944     
       46900  -5933.4404111816457     
       46950  -5935.7569792847253     
       47000  -5938.0686674509434     
       47050  -5940.3754423585724     
       47100  -5942.6806975180125     
       47150  -5944.9812280570704     
       47200  -5947.2797393785559     
       47250  -5949.5760084481362     
       47300  -5951.8674228262371     
       47350  -5954.1539978920300     
       47400  -5956.4357489597933     
       47450  -5958.7126912792583     
       47500  -5960.9848400359451     
       47550  -5963.2522103515039     
       47600  -5965.5150880547835     
       47650  -5967.7732168017092     
       47700  -5970.0266115261038     
       47750  -5972.2752870992435     
       47800  -5974.5192583301805     
       47850  -5976.7585399660675     
       47900  -5978.9931466924854     
       47950  -5981.2230931337599     
       48000  -5983.4491194946659     
       48050  -5985.6722045277656     
       48100  -5987.8959250019807     
       48151  -5990.1687206706638     
       48200  -5992.3521319996271     
       48250  -5994.5875571909746     
       48300  -5996.8183541728167     
       48350  -5999.0455124849968     
       48400  -6001.2691245855476     
       48450  -6003.4881471874387     
       48500  -6005.7025944849956     
       48550  -6007.9124806140717     
       48600  -6010.1186073858025     
       48650  -6012.3212861717384     
       48700  -6014.5194420032876     
       48750  -6016.7130887972344     
       48800  -6018.9022404133248     
       48850  -6021.0869247382107     
       48900  -6023.2712430951451     
       48950  -6025.4581532162692     
       49000  -6027.6439128097327     
       49050  -6029.8252162164599     
       49100  -6032.0020770500578     
       49150  -6034.1745088687348     
       49200  -6036.3425251755853     
       49250  -6038.5061394188688     
       49300  -6040.6653649922873     
       49350  -6042.8202152352633     
       49400  -6044.9707034332123     
       49450  -6047.1168428178198     
       49500  -6049.2586521603644     
       49550  -6051.3961892682619     
       49600  -6053.5294168255377     
       49650  -6055.6583478519842     
       49700  -6057.7829953149967     
       49750  -6059.9160850340168     
       49800  -6062.0531468688687     
       49850  -6064.1859217190968     
       49900  -6066.3144224714288     
       49950  -6068.4386619609932     
       50000  -6070.5586529715783     
       50050  -6072.6744082358891     
       50100  -6074.7859404357996     
       50150  -6076.8932622026095     
       50200  -6078.9963861172946     
       50250  -6081.0953247107564     
       50300  -6083.1901347901048     
       50350  -6085.2809413726400     
       50400  -6087.3730641441716     
       50450  -6089.4637752078233     
       50500  -6091.5522132467140     
       50550  -6093.6375754651408     
       50600  -6095.7239732172966     
       50650  -6097.8062517241378     
       50700  -6099.8844231727799     
       50750  -6101.9584997023112     
       50800  -6104.0284934040283     
       50850  -6106.0944163216709     
       50900  -6108.1562804516561     
       50950  -6110.2140977433100     
       51000  -6112.2678800990980     
       51050  -6114.3280083801374     
       51100  -6116.3903390456080     
       51150  -6118.4491010621405     
       51200  -6120.5038420591090     
       51250  -6122.5545738053524     
       51300  -6124.6013080238245     
       51350  -6126.6440563918222     
       51400  -6128.6828305412064     
       51450  -6130.7176420586184     
       51500  -6132.7485024857051     
       51550  -6134.7760819123532     
       51600  -6136.8005693185851     
       51650  -6138.8211370976996     
       51700  -6140.8378022528686     
       51750  -6142.8508461203328     
       51800  -6144.8605218810317     
       51850  -6146.8732973574461     
       51900  -6148.8859254202098     
       51950  -6150.8968894438285     
       52000  -6152.9039862289392     
       52050  -6154.9120687239638     
       52100  -6156.9256867093163     
       52150  -6158.9431072193074     
       52200  -6160.9598910439108     
       52250  -6162.9754670726970     
       52300  -6164.9871892276233     
       52350  -6166.9950685513077     
       52400  -6168.9991160442214     
       52450  -6171.0117938065005     
       52500  -6173.0244966984646     
       52550  -6175.0397579460350     
       52600  -6177.0536689960445     
       52650  -6179.0660728243556     
       52700  -6181.0749738229488     
       52750  -6183.0800664784174     
       52800  -6185.0813866860426     
       52850  -6187.0791455720882     
       52900  -6189.0731279763077     
       52950  -6191.0633445969488     
       53000  -6193.0513045982343     
       53050  -6195.0400889863904     
       53100  -6197.0308533337356     
       53150  -6199.0178721225720     
       53200  -6201.0011559136847     
       53250  -6202.9822140858560     
       53300  -6204.9638174285910     
       53350  -6206.9417064257914     
       53400  -6208.9219230839371     
       53450  -6210.8988195739757     
       53500  -6212.8720209303883     
       53550  -6214.8475942432324     
       53600  -6216.8203069335532     
       53650  -6218.7898020242064     
       53700  -6220.7580245257659     
       53750  -6222.7233104778106     
       53800  -6224.6849434819887     
       53850  -6226.6435016681971     
       53900  -6228.5987381286614     
       53950  -6230.5509306894601     
       54000  -6232.4995080788494     
       54050  -6234.4444803296838     
       54100  -6236.3883333885469     
       54150  -6238.3301283587971     
       54200  -6240.2683849242412     
       54250  -6242.2048709369365     
       54300  -6244.1384909146063     
       54350  -6246.0685531738272     
       54400  -6247.9950675244827     
       54450  -6249.9180437404257     
       54500  -6251.8374915596432     
       54550  -6253.7534206844157     
       54600  -6255.6658407814884     
       54650  -6257.5747614822249     
       54700  -6259.4801923827781     
       54750  -6261.3821430442431     
       54800  -6263.2806229928219     
       54850  -6265.1756417199822     
       54900  -6267.0672086826116     
       54950  -6268.9553333031790     
       55000  -6270.8400249698916     
       55050  -6272.7235951187276     
       55100  -6274.6121896511931     
       55150  -6276.4978446072682     
       55200  -6278.3802892725371     
       55250  -6280.2599118665676     
       55300  -6282.1361355047320     
       55350  -6284.0089693982927     
       55400  -6285.8784227252581     
       55450  -6287.7445046305338     
       55500  -6289.6072242260707     
       55550  -6291.4665905910124     
       55600  -6293.3226127718444     
       55650  -6295.1752997825406     
       55700  -6297.0250779665357     
       55750  -6298.8719615489954     
       55800  -6300.7198675432046     
       55850  -6302.5676639600060     
       55900  -6304.4151262133473     
       55950  -6306.2603912825971     
       56000  -6308.1105883201053     
       56050  -6309.9630339871082     
       56100  -6311.8121776119242     
       56150  -6313.6580280156804     
       56200  -6315.5005939881130     
       56250  -6317.3398842877059     
       56300  -6319.1759693680651     
       56350  -6321.0088134843236     
       56400  -6322.8384078769714     
       56450  -6324.6647611812350     
       56500  -6326.4878820017748     
       56550  -6328.3077789128174     
       56600  -6330.1244604582935     
       56650  -6331.9379351519674     
       56700  -6333.7482114775748     
       56750  -6335.5552978889527     
       56800  -6337.3592028101693     
       56850  -6339.1599346356579     
       56900  -6340.9575017303468     
       56950  -6342.7519124297851     
       57000  -6344.5448440923174     
       57050  -6346.3348774605092     
       57100  -6348.1268197699774     
       57150  -6349.9168060720376     
       57200  -6351.7036630274160     
       57250  -6353.4873988352747     
       57300  -6355.2744887262816     
       57350  -6357.0704778172030     
       57400  -6358.8633380072688     
       57450  -6360.6530774659341     
       57500  -6362.4397043342360     
       57550  -6364.2232267249210     
       57600  -6366.0036527225675     
       57650  -6367.7817617742267     
       57700  -6369.5572615591282     
       57750  -6371.3296868855268     
       57800  -6373.0990457321222     
       57850  -6374.8653460500282     
       57900  -6376.6285957628952     
       57950  -6378.3888027670255     
       58000  -6380.1459749314936     
       58050  -6381.9001200982621     
       58100  -6383.6512460822996     
       58150  -6385.3993606716949     
       58200  -6387.1444716277765     
       58250  -6388.8865866852202     
       58300  -6390.6257135521710     
       58350  -6392.3618599103520     
       58400  -6394.0950334151803     
       58450  -6395.8252416958776     
       58500  -6397.5524923555813     
       58550  -6399.2767929714601     
       58600  -6400.9981510948210     
       58650  -6402.7165742512188     
       58700  -6404.4471063443916     
       58750  -6406.1825216704101     
       58800  -6407.9158363532970     
       58850  -6409.6486042657380     
       58900  -6411.3803132638286     
       58950  -6413.1090846724392     
       59000  -6414.8358037198796     
       59050  -6416.5623758222891     
       59100  -6418.2860264829005     
       59150  -6420.0067631102729     
       59200  -6421.7245930879380     
       59250  -6423.4395237745002     
       59300  -6425.1515625037509     
       59350  -6426.8607165847625     
       59400  -6428.5669933020017     
       59450  -6430.2703999154273     
       59500  -6431.9709436605954     
       59550  -6433.6686317487602     
       59600  -6435.3634713669790     
       59650  -6437.0554696782092     
       59700  -6438.7446338214140     
       59750  -6440.4312801544011     
       59800  -6442.1165136031541     
       59850  -6443.7989312900881     
       59900  -6445.4785402663601     
       59950  -6447.1553475596020     
       60000  -6448.8293601740215     
       60050  -6450.5008363353045     
       60100  -6452.1704213742114     
       60150  -6453.8404682334003     
       60201  -6455.5411905695873     
       60250  -6457.1739062429524     
       60300  -6458.8378270941266     
       60350  -6460.4992603943338     
       60400  -6462.1582299619267     
       60450  -6463.8159289874784     
       60500  -6465.4746366099862     
       60550  -6467.1310668442438     
       60600  -6468.7868666858358     
       60650  -6470.4433706101036     
       60700  -6472.1022931105936     
       60750  -6473.7604627400360     
       60800  -6475.4184326655923     
       60850  -6477.0755066976362     
       60900  -6478.7298597542576     
       60950  -6480.3814985318695     
       61000  -6482.0356951549265     
       61050  -6483.6888257790533     
       61100  -6485.3397328180872     
       61150  -6486.9879400909076     
       61200  -6488.6334542145905     
       61250  -6490.2762817846015     
       61300  -6491.9166786746309     
       61350  -6493.5546139244680     
       61400  -6495.1898815273180     
       61450  -6496.8224879949321     
       61500  -6498.4524398178828     
       61550  -6500.0797434656542     
       61600  -6501.7044053867248     
       61650  -6503.3264320086537     
       61700  -6504.9458297381643     
       61750  -6506.5626049612301     
       61800  -6508.1767640431581     
       61850  -6509.7883133286732     
       61900  -6511.3972591419979     
       61950  -6513.0036077869390     
       62000  -6514.6073655469700     
       62050  -6516.2085386853078     
       62100  -6517.8071334450015     
       62150  -6519.4148522993246     
       62200  -6521.0212507408778     
       62250  -6522.6282009195620     
       62300  -6524.2343035659142     
       62350  -6525.8378966458667     
       62400  -6527.4389198651152     
       62450  -6529.0375334979599     
       62500  -6530.6360016775088     
       62550  -6532.2319143523746     
       62600  -6533.8259088391451     
       62650  -6535.4219840968362     
       62700  -6537.0155137799538     
       62750  -6538.6065039735367     
       62800  -6540.1949688730101     
       62850  -6541.7809351828173     
       62900  -6543.3643800835462     
       62950  -6544.9457522354332     
       63000  -6546.5297007320005     
       63050  -6548.1111370184226     
       63100  -6549.6900670666728     
       63150  -6551.2664968298104     
       63201  -6552.8718855485822     
       63250  -6554.4120008952023     
       63300  -6555.9829915742430     
       63350  -6557.5515023942808     
       63400  -6559.1175392224877     
       63450  -6560.6811079075469     
       63500  -6562.2422142797150     
       63550  -6563.8008641509041     
       63600  -6565.3570633147492     
       63650  -6566.9160715105181     
       63700  -6568.4744768220125     
       63750  -6570.0304375761552     
       63800  -6571.5839595203388     
       63850  -6573.1350483839524     
       63900  -6574.6837098784517     
       63950  -6576.2299496974329     
       64000  -6577.7737735166957     
       64050  -6579.3154362821679     
       64100  -6580.8548600197855     
       64150  -6582.3918840321685     
       64200  -6583.9265139261533     
       64250  -6585.4587552911189     
       64300  -6586.9886136990635     
       64350  -6588.5160947046652     
       64400  -6590.0439858010895     
       64450  -6591.5720722033202     
       64500  -6593.0977894793459     
       64550  -6594.6212235983921     
       64600  -6596.1462391396135     
       64650  -6597.6688958014201     
       64700  -6599.1891990526219     
       64750  -6600.7071543451348     
       64800  -6602.2227671140481     
       64850  -6603.7360427776885     
       64900  -6605.2469867376876     
       64950  -6606.7556043790419     
       65000  -6608.2619010701783     
       65050  -6609.7658821630193     
       65100  -6611.2683251000371     
       65150  -6612.7690050436931     
       65200  -6614.2676056876871     
       65250  -6615.7639096257135     
       65300  -6617.2579221335136     
       65350  -6618.7496484706817     
       65400  -6620.2390938807284     
       65450  -6621.7262635911420     
       65500  -6623.2111628134480     
       65550  -6624.6937967432714     
       65600  -6626.1741705603963     
       65650  -6627.6545727316188     
       65700  -6629.1371505476045     
       65750  -6630.6174734923870     
       65800  -6632.0955467062504     
       65850  -6633.5713753138671     
       65900  -6635.0449644243554     
       65950  -6636.5163191313395     
       66000  -6637.9855109327882     
       66050  -6639.4535186547282     
       66100  -6640.9193297121537     
       66150  -6642.3829248798493     
       66200  -6643.8443091787103     
       66250  -6645.3034876144793     
       66300  -6646.7604651777956     
       66350  -6648.2267540432777     
       66400  -6649.6982111538437     
       66450  -6651.1692458243933     
       66500  -6652.6411419605902     
       66550  -6654.1109241167223     
       66600  -6655.5784993927409     
       66650  -6657.0438727553656     
       66700  -6658.5070491564284     
       66750  -6659.9681008803209     
       66800  -6661.4272719762166     
       66850  -6662.8842603180428     
       66900  -6664.3390707998660     
       66950  -6665.7917083011343     
       67000  -6667.2421776867286     
       67050  -6668.6904838070195     
       67100  -6670.1374846020826     
       67150  -6671.5831829877588     
       67200  -6673.0267300365513     
       67250  -6674.4681762875334     
       67300  -6675.9076889352646     
       67350  -6677.3450642219750     
       67400  -6678.7811064283196     
       67450  -6680.2172934688715     
       67500  -6681.6514153601120     
       67550  -6683.0834361545203     
       67600  -6684.5133385749723     
       67650  -6685.9444376288629     
       67700  -6687.3804520135463     
       67750  -6688.8143468198014     
       67800  -6690.2461267369627     
       67850  -6691.6761543154671     
       67900  -6693.1051918426019     
       67950  -6694.5323041296324     
       68000  -6695.9573177221228     
       68050  -6697.3802372461460     
       68100  -6698.8010673141862     
       68150  -6700.2198125251934     
       68200  -6701.6364774646299     
       68250  -6703.0510667045219     
       68300  -6704.4686412237743     
       68350  -6705.8863072015902     
       68400  -6707.3019005683273     
       68450  -6708.7154258658657     
       68500  -6710.1268876228232     
       68550  -6711.5362903546065     
       68600  -6712.9436385634572     
       68650  -6714.3489367385009     
       68700  -6715.7521893557932     
       68750  -6717.1553564320548     
       68800  -6718.5578591710346     
       68850  -6719.9588213293855     
       68900  -6721.3577501609470     
       68950  -6722.7546500891985     
       69000  -6724.1495255248019     
       69050  -6725.5426043313673     
       69100  -6726.9344298364358     
       69150  -6728.3250173962688     
       69200  -6729.7144334641425     
       69250  -6731.1044949931384     
       69300  -6732.4925506613417     
       69350  -6733.8786048073125     
       69400  -6735.2626617571077     
       69450  -6736.6451618227402     
       69500  -6738.0256908331758     
       69550  -6739.4047670728924     
       69600  -6740.7901932834620     
       69650  -6742.1736303681000     
       69700  -6743.5550826075669     
       69750  -6744.9345542703468     
       69800  -6746.3120496126921     
       69850  -6747.6875728786717     
       69900  -6749.0611283002063     
       69950  -6750.4327200971220     
       70000  -6751.8023524771852     
       70050  -6753.1700296361487     
       70100  -6754.5369034603791     
       70150  -6755.9041214301014     
       70200  -6757.2694842067458     
       70250  -6758.6329034064838     
       70300  -6759.9946825316383     
       70350  -6761.3560964349090     
       70400  -6762.7155765116131     
       70450  -6764.0731268791942     
       70500  -6765.4287516434169     
       70550  -6766.7824548984063     
       70600  -6768.1342407266893     
       70650  -6769.4851864873999     
       70700  -6770.8376177759537     
       70750  -6772.1892568398243     
       70800  -6773.5421703700304     
       70850  -6774.8932028953204     
       70900  -6776.2424110498132     
       70950  -6777.5897175719538     
       71000  -6778.9415821492576     
       71050  -6780.2935236142330     
       71100  -6781.6454533931028     
       71150  -6782.9963636856437     
       71200  -6784.3456151235860     
       71250  -6785.6929728753003     
       71300  -6787.0384409246972     
       71350  -6788.3820232445232     
       71400  -6789.7238578264169     
       71450  -6791.0641269211683     
       71500  -6792.4031171899769     
       71550  -6793.7405427029007     
       71600  -6795.0761003030975     
       71650  -6796.4097939010608     
       71700  -6797.7418457102995     
       71750  -6799.0726019887916     
       71800  -6800.4015048462834     
       71850  -6801.7285581521292     
       71900  -6803.0547309489975     
       71950  -6804.3795144478454     
       72000  -6805.7024579696117     
       72050  -6807.0235653449208     
       72100  -6808.3428403937742     
       72150  -6809.6602869255812     
       72200  -6810.9771795913448     
       72250  -6812.2932474039626     
       72300  -6813.6074949291487     
       72350  -6814.9207222333489     
       72400  -6816.2336107400761     
       72450  -6817.5449911737478     
       72500  -6818.8551771609700     
       72550  -6820.1638283576885     
       72600  -6821.4706770045486     
       72650  -6822.7757268232644     
       72700  -6824.0789815253102     
       72750  -6825.3804448119590     
       72800  -6826.6801203743125     
       72850  -6827.9784592820679     
       72900  -6829.2801586452479     
       72950  -6830.5800736364426     
       73000  -6831.8782079221701     
       73050  -6833.1745651589099     
       73100  -6834.4691489931365     
       73150  -6835.7619630613553     
       73200  -6837.0530109901374     
       73250  -6838.3422963961502     
       73300  -6839.6298228861924     
       73350  -6840.9155940572300     
       73400  -6842.1996134964274     
       73450  -6843.4818847811803     
       73500  -6844.7624114791506     
       73550  -6846.0411971483009     
       73600  -6847.3182453369218     
       73650  -6848.5935803118855     
       73700  -6849.8681998393495     
       73750  -6851.1410910691493     
       73800  -6852.4122575140846     
       73850  -6853.6817309187445     
       73900  -6854.9495196278203     
       73950  -6856.2155939505410     
       74000  -6857.4799573620148     
       74050  -6858.7426133279641     
       74100  -6860.0042607981777     
       74150  -6861.2649018127686     
       74200  -6862.5238438502511     
       74250  -6863.7810903429026     
       74300  -6865.0367244777062     
       74350  -6866.2923943281139     
       74400  -6867.5481813487804     
       74450  -6868.8022816172361     
       74500  -6870.0546985296260     
       74550  -6871.3054354729857     
       74600  -6872.5547000828965     
       74650  -6873.8024979173733     
       74700  -6875.0486589693828     
       74750  -6876.2931529163052     
       74800  -6877.5359841040899     
       74850  -6878.7772039682750     
       74900  -6880.0195819484752     
       74950  -6881.2641875011177     
       75000  -6882.5071335796893     
       75050  -6883.7512490319705     
       75100  -6884.9947475898362     
       75150  -6886.2365914590027     
       75200  -6887.4767839400447     
       75251  -6888.7400824244414     
       75300  -6889.9522278962295     
       75350  -6891.1874859287773     
       75400  -6892.4212845344200     
       75450  -6893.6577373546161     
       75500  -6894.8928985711391     
       75550  -6896.1278083078096     
       75600  -6897.3610845659932     
       75650  -6898.5927305845753     
       75700  -6899.8227495938863     
       75750  -6901.0511448157258     
       75800  -6902.2779194633949     
       75850  -6903.5030767417193     
       75900  -6904.7266198470807     
       75950  -6905.9485519674454     
       76000  -6907.1688762823887     
       76050  -6908.3875959631241     
       76100  -6909.6047141725321     
       76150  -6910.8202340651833     
       76200  -6912.0341587873727     
       76250  -6913.2464914771390     
       76300  -6914.4580045062257     
       76350  -6915.6683411717413     
       76400  -6916.8771036902690     
       76450  -6918.0842850936651     
       76500  -6919.2898884821543     
       76550  -6920.4939169478639     
       76600  -6921.6963735748441     
       76650  -6922.8973843640924     
       76700  -6924.0974109172021     
       76750  -6925.2960501318657     
       76800  -6926.4946082619572     
       76850  -6927.6916067848524     
       76900  -6928.8870487426984     
       76950  -6930.0810098483144     
       77000  -6931.2736113803676     
       77050  -6932.4648609827145     
       77100  -6933.6545655142409     
       77150  -6934.8427279789730     
       77200  -6936.0293513731549     
       77250  -6937.2144647861460     
       77300  -6938.4003340534964     
       77350  -6939.5899738571798     
       77400  -6940.7780766585329     
       77450  -6941.9646454343192     
       77500  -6943.1496831536206     
       77550  -6944.3335115463224     
       77600  -6945.5159935786978     
       77650  -6946.6969527752308     
       77700  -6947.8763920757574     
       77750  -6949.0543144125531     
       77800  -6950.2307227103556     
       77850  -6951.4093702741002     
       77900  -6952.5866969691942     
       77950  -6953.7635987478052     
       78000  -6954.9389916779828     
       78050  -6956.1194377204374     
       78100  -6957.3009300849035     
       78150  -6958.4809168926213     
       78200  -6959.6593947658012     
       78251  -6960.8598906917941     
       78300  -6962.0118352712689     
       78350  -6963.1858036664671     
       78400  -6964.3582746529983     
       78450  -6965.5292510939753     
       78500  -6966.7047129372277     
       78550  -6967.8799137200967     
       78600  -6969.0559583526629     
       78650  -6970.2313230998561     
       78700  -6971.4051943721488     
       78750  -6972.5775750142548     
       78800  -6973.7487972263953     
       78850  -6974.9191192208737     
       78900  -6976.0880681792414     
       78950  -6977.2572628580019     
       79000  -6978.4251480767143     
       79050  -6979.5927772645391     
       79100  -6980.7618765992092     
       79150  -6981.9302760089040     
       79200  -6983.0976528011133     
       79250  -6984.2635565626697     
       79300  -6985.4279900798856     
       79350  -6986.5909561320523     
       79400  -6987.7524574914578     
       79450  -6988.9130106354587     
       79500  -6990.0721144415093     
       79550  -6991.2297611717504     
       79600  -6992.3859535719293     
       79650  -6993.5406943808957     
       79700  -6994.6939863306288     
       79750  -6995.8458321462567     
       79800  -6996.9962345460744     
       79850  -6998.1451962415722     
       79900  -6999.2927199374508     
       79950  -7000.4388083316462     
       80000  -7001.5834641153488     
       80050  -7002.7266899730257     
       80100  -7003.8684885824405     
       80150  -7005.0088626146762     
       80200  -7006.1478147341531     
       80250  -7007.2853475986522     
       80300  -7008.4214638593357     
       80350  -7009.5561661607644     
       80400  -7010.6894571409239     
       80450  -7011.8213394312370     
       80500  -7012.9518156565946     
       80550  -7014.0809103395159     
       80600  -7015.2087646913451     
       80650  -7016.3352205876854     
       80700  -7017.4608523456636     
       80750  -7018.5851398162295     
       80800  -7019.7080358419062     
       80850  -7020.8295430042235     
       80900  -7021.9505461148819     
       80950  -7023.0714869536996     
       81000  -7024.1910439149378     
       81050  -7025.3092195597528     
       81100  -7026.4260164429843     
       81150  -7027.5417170871769     
       81200  -7028.6563998269321     
       81250  -7029.7697106494697     
       81300  -7030.8816520860018     
       81350  -7031.9922266615176     
       81400  -7033.1020578501930     
       81450  -7034.2133535071198     
       81500  -7035.3232856110926     
       81550  -7036.4318566701804     
       81600  -7037.5390691863040     
       81650  -7038.6449256552551     
       81700  -7039.7497094970422     
       81750  -7040.8532865544530     
       81800  -7041.9565608683424     
       81850  -7043.0587251734041     
       81900  -7044.1596740899367     
       81950  -7045.2594826357863     
       82000  -7046.3579499517018     
       82050  -7047.4550784896574     
       82100  -7048.5509663417679     
       82150  -7049.6461291226969     
       82200  -7050.7409178158841     
       82250  -7051.8343754589887     
       82300  -7052.9265044779822     
       82350  -7054.0173072929456     
       82400  -7055.1067863180851     
       82450  -7056.1949439617511     
       82500  -7057.2817826264545     
       82550  -7058.3673047088869     
       82600  -7059.4516206075832     
       82650  -7060.5358423648067     
       82700  -7061.6197058212174     
       82750  -7062.7022594728469     
       82800  -7063.7835056925296     
       82850  -7064.8634468473729     
       82900  -7065.9420852987723     
       82950  -7067.0194234024302     
       83000  -7068.0955953800312     
       83050  -7069.1709684082134     
       83100  -7070.2451800573344     
       83150  -7071.3180998103062     
       83200  -7072.3897299962664     
       83250  -7073.4600729387594     
       83300  -7074.5297388627077     
       83350  -7075.5992015193879     
       83400  -7076.6694144240682     
       83450  -7077.7407295081002     
       83500  -7078.8107615800545     
       83550  -7079.8801291500431     
       83600  -7080.9490684912780     
       83650  -7082.0168368918576     
       83700  -7083.0849158412993     
       83750  -7084.1525361478543     
       83800  -7085.2188824444975     
       83850  -7086.2839570103151     
       83900  -7087.3477621189631     
       83950  -7088.4103000386785     
       84000  -7089.4715730322996     
       84050  -7090.5315833572777     
       84100  -7091.5903332656990     
       84150  -7092.6478250042937     
       84200  -7093.7040608144580     
       84250  -7094.7590525289315     
       84300  -7095.8128098210536     
       84350  -7096.8653178454897     
       84400  -7097.9165788225046     
       84450  -7098.9665949671007     
       84500  -7100.0154501881243     
       84550  -7101.0630701061482     
       84600  -7102.1096580467538     
       84650  -7103.1553767607138     
       84700  -7104.1999166538953     
       84750  -7105.2432240516282     
       84800  -7106.2853011340330     
       84850  -7107.3261500760937     
       84900  -7108.3659907054143     
       84950  -7109.4057493033697     
       85000  -7110.4443220897838     
       85050  -7111.4817610385116     
       85100  -7112.5179809050442     
       85150  -7113.5529838369130     
       85200  -7114.5867719766075     
       85250  -7115.6193693911000     
       85300  -7116.6510019150346     
       85350  -7117.6819641928269     
       85400  -7118.7117192548376     
       85450  -7119.7402692202286     
       85500  -7120.7676464045726     
       85550  -7121.7938505423535     
       85600  -7122.8188558435240     
       85650  -7123.8426644076244     
       85700  -7124.8652783292937     
       85750  -7125.8866996982833     
       85800  -7126.9069305994781     
       85850  -7127.9259731129014     
       85900  -7128.9438293137364     
       85950  -7129.9607597533295     
       86000  -7130.9767875739417     
       86050  -7131.9916346533328     
       86100  -7133.0064692583246     
       86150  -7134.0201744415754     
       86200  -7135.0327036327344     
       86250  -7136.0440588770052     
       86300  -7137.0542615619806     
       86350  -7138.0667424624653     
       86400  -7139.0832148180789     
       86450  -7140.1013516092098     
       86500  -7141.1183113635889     
       86550  -7142.1340961211399     
       86600  -7143.1487079170774     
       86650  -7144.1621487819175     
       86700  -7145.1746658782413     
       86750  -7146.1983397882859     
       86800  -7147.2214536226111     
       86850  -7148.2433894329470     
       86900  -7149.2641492527082     
       86950  -7150.2837351106282     
       87000  -7151.3039187581871     
       87050  -7152.3258162458760     
       87100  -7153.3465404873104     
       87150  -7154.3660935018461     
       87200  -7155.3844902030105     
       87250  -7156.4017229101773     
       87300  -7157.4177904023300     
       87350  -7158.4326946804103     
       87400  -7159.4464377407812     
       87450  -7160.4590215752405     
       87500  -7161.4704481710314     
       87550  -7162.4807195108588     
       87600  -7163.4898375729008     
       87650  -7164.4978043308220     
       87700  -7165.5086881913367     
       87750  -7166.5228228446531     
       87800  -7167.5358687978032     
       87850  -7168.5485241954520     
       87900  -7169.5609382607427     
       87950  -7170.5731370373442     
       88000  -7171.5871452056090     
       88050  -7172.6000017461993     
       88100  -7173.6120482725246     
       88150  -7174.6232600506382     
       88200  -7175.6333253301364     
       88250  -7176.6469209636280     
       88300  -7177.6605349624433     
       88350  -7178.6739298827115     
       88400  -7179.6880094324006     
       88450  -7180.7011701841475     
       88500  -7181.7145863732603     
       88550  -7182.7301235151990     
       88600  -7183.7445144526882     
       88650  -7184.7583850732199     
       88700  -7185.7725210483650     
       88750  -7186.7855143350871     
       88800  -7187.7973668636041     
       88850  -7188.8080805597865     
       88900  -7189.8176573451756     
       88950  -7190.8261425468545     
       89000  -7191.8371072542850     
       89050  -7192.8474726928671     
       89100  -7193.8567041635042     
       89150  -7194.8648035741644     
       89200  -7195.8717728285337     
       89250  -7196.8776138260355     
       89300  -7197.8846368368177     
       89350  -7198.8939934181381     
       89400  -7199.9022209652512     
       89450  -7200.9093213714505     
       89500  -7201.9152965257999     
       89550  -7202.9201483131419     
       89600  -7203.9238786141150     
       89650  -7204.9264893051595     
       89700  -7205.9279822585322     
       89750  -7206.9283593423188     
       89800  -7207.9276224204450     
       89850  -7208.9257733526856     
       89900  -7209.9228139946781     
       89950  -7210.9187461979363     
       90000  -7211.9135718098578     
       90050  -7212.9072926737372     
       90100  -7213.8999106287774     
       90150  -7214.8914275101015     
       90200  -7215.8818454993270     
       90250  -7216.8711676686262     
       90301  -7217.8791476119732     
       90350  -7218.8465270415263     
       90400  -7219.8325678789388     
       90450  -7220.8175185661721     
       90500  -7221.8013809101049     
       90550  -7222.7841567136247     
       90600  -7223.7658477756395     
       90650  -7224.7464558910879     
       90700  -7225.7259828509514     
       90750  -7226.7110935557230     
       90800  -7227.6960274428584     
       90850  -7228.6798771980311     
       90900  -7229.6626446102400     
       90950  -7230.6443314645458     
       91000  -7231.6249395420891     
       91050  -7232.6053579989039     
       91100  -7233.5849018472882     
       91150  -7234.5633710452630     
       91200  -7235.5408465238806     
       91250  -7236.5172507964935     
       91300  -7237.4925856230257     
       91350  -7238.4668527595441     
       91400  -7239.4400539582766     
       91450  -7240.4121909676178     
       91500  -7241.3832655321403     
       91550  -7242.3532793926042     
       91600  -7243.3224561385841     
       91650  -7244.2908093684719     
       91700  -7245.2582223692971     
       91750  -7246.2247695779351     
       91800  -7247.1902639029031     
       91850  -7248.1547070636634     
       91900  -7249.1181007759351     
       91950  -7250.0804467517073     
       92000  -7251.0417466992440     
       92050  -7252.0020023231009     
       92100  -7252.9612153241305     
       92150  -7253.9193873994946     
       92200  -7254.8765202426721     
       92250  -7255.8326155434725     
       92300  -7256.7876749880434     
       92350  -7257.7417002588772     
       92400  -7258.6946930348304     
       92450  -7259.6470977230047     
       92500  -7260.5994130811960     
       92550  -7261.5518580064108     
       92600  -7262.5050112464551     
       92650  -7263.4580114757118     
       92700  -7264.4105671802663     
       92750  -7265.3637470829563     
       92800  -7266.3160051918776     
       92850  -7267.2672377131757     
       92900  -7268.2174463028032     
       92950  -7269.1669095668813     
       93000  -7270.1155364392707     
       93050  -7271.0631438308737     
       93100  -7272.0097333842468     
       93150  -7272.9553067384213     
       93200  -7273.8998655289115     
       93250  -7274.8441466913082     
       93301  -7275.8063665537320     
       93350  -7276.7301607001682     
       93400  -7277.6718086228257     
       93450  -7278.6143889890318     
       93500  -7279.5559612478937     
       93550  -7280.4965270158327     
       93600  -7281.4360879058149     
       93650  -7282.3746455273604     
       93700  -7283.3122014865576     
       93750  -7284.2551034188082     
       93800  -7285.1978650319370     
       93850  -7286.1396221041887     
       93900  -7287.0803762402620     
       93950  -7288.0201290414370     
       94000  -7288.9590183234395     
       94050  -7289.8969477180544     
       94100  -7290.8338803757997     
       94150  -7291.7698178846795     
       94200  -7292.7047618293236     
       94250  -7293.6387137910024     
       94300  -7294.5716753476327     
       94350  -7295.5036480737836     
       94400  -7296.4346335406908     
       94450  -7297.3646333162624     
       94500  -7298.2936489650865     
       94550  -7299.2216820484446     
       94600  -7300.1487341243146     
       94650  -7301.0748067473842     
       94700  -7301.9999014690566     
       94750  -7302.9240198374600     
       94800  -7303.8471633974586     
       94850  -7304.7693336906568     
       94900  -7305.6905322554121     
       94950  -7306.6107606268388     
       95000  -7307.5307656149980     
       95050  -7308.4521614923660     
       95100  -7309.3725884992000     
       95150  -7310.2920481628844     
       95200  -7311.2105420075950     
       95250  -7312.1291269541962     
       95300  -7313.0494498415737     
       95350  -7313.9700318286496     
       95400  -7314.8896488450882     
       95450  -7315.8083024073458     
       95500  -7316.7259940287004     
       95550  -7317.6427252192625     
       95600  -7318.5584974859858     
       95650  -7319.4733123326714     
       95700  -7320.3877267515836     
       95750  -7321.3017413700263     
       95800  -7322.2148232760728     
       95850  -7323.1269608743860     
       95900  -7324.0381473386033     
       95950  -7324.9483841556466     
       96000  -7325.8576728093376     
       96050  -7326.7660147804118     
       96100  -7327.6734115465215     
       96150  -7328.5798645822451     
       96200  -7329.4854027719730     
       96250  -7330.3912051426050     
       96300  -7331.2964173036262     
       96350  -7332.2006899605894     
       96400  -7333.1040245753766     
       96450  -7334.0064226068407     
       96500  -7334.9088755826424     
       96550  -7335.8106110786048     
       96600  -7336.7114131009685     
       96650  -7337.6112830984775     
       96700  -7338.5102225168794     
       96750  -7339.4082327989299     
       96800  -7340.3053153844094     
       96850  -7341.2014717101201     
       96900  -7342.0967157453151     
       96950  -7342.9910629965498     
       97000  -7343.8844882403082     
       97050  -7344.7769929016422     
       97100  -7345.6685784026649     
       97150  -7346.5592461625656     
       97200  -7347.4489975976094     
       97250  -7348.3378341211528     
       97300  -7349.2257571436439     
       97350  -7350.1127680726349     
       97400  -7350.9988683127867     
       97450  -7351.8840592658780     
       97500  -7352.7683423308126     
       97550  -7353.6517189036258     
       97600  -7354.5341903774915     
       97650  -7355.4157581427298     
       97700  -7356.2964511700193     
       97750  -7357.1764454059294     
       97800  -7358.0555398522310     
       97850  -7358.9350347442160     
       97900  -7359.8136853670976     
       97950  -7360.6916073384746     
       98000  -7361.5695170593626     
       98050  -7362.4465314108256     
       98100  -7363.3226517619296     
       98150  -7364.1978794789529     
       98200  -7365.0722159253883     
       98250  -7365.9456624619552     
       98300  -7366.8182204466020     
       98350  -7367.6898912345187     
       98400  -7368.5606761781382     
       98450  -7369.4308475419430     
       98500  -7370.3004288250904     
       98550  -7371.1691277325062     
       98600  -7372.0369456065473     
       98650  -7372.9038837868484     
       98700  -7373.7699436103312     
       98750  -7374.6351264112081     
       98800  -7375.4994437679607     
       98850  -7376.3628915717354     
       98900  -7377.2254663241420     
       98950  -7378.0871693486524     
       99000  -7378.9480019660677     
       99050  -7379.8080723858475     
       99100  -7380.6672793758344     
       99150  -7381.5256197929602     
       99200  -7382.3830949475705     
       99250  -7383.2397061473639     
       99300  -7384.0954546974099     
       99350  -7384.9504280088977     
       99400  -7385.8047961418133     
       99450  -7386.6583051815833     
       99500  -7387.5109564233235     
       99550  -7388.3627511595478     
       99600  -7389.2136906801734     
       99650  -7390.0644170656342     
       99700  -7390.9154287812862     
       99750  -7391.7655873523618     
       99800  -7392.6150682250509     
       99850  -7393.4638724174301     
       99900  -7394.3118269559627     
       99950  -7395.1589331157666     
      100000  -7396.0051921694112     
