  0.24644291881228686       0.84380279096275790        4.2410707827876898E-002   1.4136902609292299E-002   88.293086379259961     
  0.37044703313641053        5.8198107524590648E-002   4.2410707827876898E-002   1.4136902609292299E-002   126.79057934307457     
  0.11972357852981552       0.35428944077327490        4.2410707827876898E-002   1.4136902609292299E-002   101.78312576751492     
  0.25489684239630633       0.53295888242156664        4.2410707827876898E-002   1.4136902609292299E-002   124.69887110027675     
  0.49839149842397956       0.99877404311269347        4.2410707827876898E-002   1.4136902609292299E-002   93.439193153908207     
   6.8709521725620559E-002  0.99538974168865979        4.2410707827876898E-002   1.4136902609292299E-002   50.993542846269506     
  0.83430293339080597       0.39377090829991090        4.2410707827876898E-002   1.4136902609292299E-002   150.48793695889159     
  0.45988471855836938       0.61690656417867462        4.2410707827876898E-002   1.4136902609292299E-002   68.986783465080237     
  0.60949937942700727       0.64718482063325689        4.2410707827876898E-002   1.4136902609292299E-002   105.93386239971888     
   2.2982659646644244E-002  0.41124465778855568        4.2410707827876898E-002   1.4136902609292299E-002   47.114792977579590     
  0.51341108598306306       0.68417419393591361        4.2410707827876898E-002   1.4136902609292299E-002   38.835509851583438     
   4.5973149550947223E-002  0.59357980917002906        4.2410707827876898E-002   1.4136902609292299E-002   22.358730528732806     
  0.24742017694514901       0.19043786651054875        4.2410707827876898E-002   1.4136902609292299E-002   148.50015374227104     
   9.3945265837771255E-002  0.94694177789799883        4.2410707827876898E-002   1.4136902609292299E-002   35.532307932035145     
  0.49606504521041517       0.77369676836483414        4.2410707827876898E-002   1.4136902609292299E-002   143.05419396823572     
  0.19500882955331672       0.75235872318111097        4.2410707827876898E-002   1.4136902609292299E-002   92.776493912563637     
  0.90165938057008843       0.72798597806526344        4.2410707827876898E-002   1.4136902609292299E-002   3.5823940832649814     
  0.92587955394026777       0.87188609334360700        4.2410707827876898E-002   1.4136902609292299E-002   143.43115302205459     
  0.42581014157918379       0.62108865573190608        4.2410707827876898E-002   1.4136902609292299E-002   81.232728047660501     
  0.56211587628711124        7.9486144559943614E-002   4.2410707827876898E-002   1.4136902609292299E-002   142.48719691527623     
  0.95570571685529482       0.97710593816440672        4.2410707827876898E-002   1.4136902609292299E-002   46.527663966571652     
  0.18259635185287121       0.39388131650493624        4.2410707827876898E-002   1.4136902609292299E-002   32.819717074127844     
  0.19416332363730621       0.62911534475904574        4.2410707827876898E-002   1.4136902609292299E-002   65.546892697916306     
  0.63650455891205460       0.59301642069829175        4.2410707827876898E-002   1.4136902609292299E-002   122.64610856115782     
  0.18516548066635122       0.49975475187649748        4.2410707827876898E-002   1.4136902609292299E-002   110.19275344623442     
  0.94083765185564183       0.98806742611640763        4.2410707827876898E-002   1.4136902609292299E-002   78.278506721916187     
  0.13915716589982033       0.13862414593237696        4.2410707827876898E-002   1.4136902609292299E-002   129.67343700618582     
  0.17239302939428366       0.49191497619744934        4.2410707827876898E-002   1.4136902609292299E-002   122.76679688840068     
  0.34782630118907171       0.23008341875969601        4.2410707827876898E-002   1.4136902609292299E-002   94.727527660941618     
  0.31189933123498936       0.21350787143404359        4.2410707827876898E-002   1.4136902609292299E-002   154.34820053428277     
  0.34885158414994599       0.46008933713682282        4.2410707827876898E-002   1.4136902609292299E-002   17.606391190105697     
  0.75556403695968155       0.21998882337140307        4.2410707827876898E-002   1.4136902609292299E-002   19.322667411261577     
  0.99406454318123150       0.31192177299601953        4.2410707827876898E-002   1.4136902609292299E-002   155.60993792132695     
  0.35977631832201296       0.92250224020248639        4.2410707827876898E-002   1.4136902609292299E-002   129.64567695273203     
  0.23386305316325318       0.43928615565502421        4.2410707827876898E-002   1.4136902609292299E-002   72.536460032965579     
  0.50526586288887687       0.87064836085546493        4.2410707827876898E-002   1.4136902609292299E-002   1.7262799019151323     
  0.11330428589641749       0.11870810862538311        4.2410707827876898E-002   1.4136902609292299E-002   133.41515696504544     
  0.68277716404536959       0.25478303229224691        4.2410707827876898E-002   1.4136902609292299E-002   102.05800863631571     
   7.7603287551026592E-002  0.82069211293686861        4.2410707827876898E-002   1.4136902609292299E-002   64.275630037732682     
  0.17750118158108411       0.23123355279264832        4.2410707827876898E-002   1.4136902609292299E-002   61.939539500913057     
  0.28218268543726643        9.6282176407656697E-002   4.2410707827876898E-002   1.4136902609292299E-002   103.29486156723614     
  0.64395002221741349       0.93401643055426709        4.2410707827876898E-002   1.4136902609292299E-002   135.18496365715836     
  0.96468518618451904       0.29118000883216449        4.2410707827876898E-002   1.4136902609292299E-002   116.35345427740533     
  0.66568847382118801       0.24001220376987784        4.2410707827876898E-002   1.4136902609292299E-002   152.72666173184581     
   2.4597179211924849E-002  0.67959917212189846        4.2410707827876898E-002   1.4136902609292299E-002   34.986450370563318     
  0.61940680335446408       0.45221732116092461        4.2410707827876898E-002   1.4136902609292299E-002   116.78105949861467     
   8.0806961245336539E-002  0.86730980802550062        4.2410707827876898E-002   1.4136902609292299E-002   46.673340969595117     
  0.56024391482920777       0.69768524287720601        4.2410707827876898E-002   1.4136902609292299E-002   178.29248095506841     
  0.11704419060247176       0.47863838472260734        4.2410707827876898E-002   1.4136902609292299E-002   174.16224083574045     
  0.33888921435749880       0.67003006171925428        4.2410707827876898E-002   1.4136902609292299E-002   102.27708926636380     
   6.5365644203921242E-002  0.12011094695494132        4.2410707827876898E-002   1.4136902609292299E-002   167.68947492521505     
  0.29823397359440840       0.75583293883555802        4.2410707827876898E-002   1.4136902609292299E-002   106.69972057383330     
  0.91495213740083003       0.40024851455931154        4.2410707827876898E-002   1.4136902609292299E-002   34.047561676261360     
  0.31731838010110092       0.75621113150295849        4.2410707827876898E-002   1.4136902609292299E-002   73.883865400044513     
  0.17972284249769510       0.57302207596427179        4.2410707827876898E-002   1.4136902609292299E-002   25.446488399035999     
   9.3390165540874204E-003  0.69348710718181861        4.2410707827876898E-002   1.4136902609292299E-002   70.492242143648014     
  0.46617373063436518       0.97468093955728785        4.2410707827876898E-002   1.4136902609292299E-002   33.429445665563868     
   4.4254754399457190E-002  0.34041049038457571        4.2410707827876898E-002   1.4136902609292299E-002   8.1577739475345155     
  0.27464242225123259       0.79199085601353969        4.2410707827876898E-002   1.4136902609292299E-002   93.343491107782697     
  0.75827949534670935       0.56484480066578158        4.2410707827876898E-002   1.4136902609292299E-002   132.56957852696726     
  0.72151643895372197       0.68227449374318494        4.2410707827876898E-002   1.4136902609292299E-002   87.258421775403349     
  0.11124838081068346        2.8186518010283799E-002   4.2410707827876898E-002   1.4136902609292299E-002   94.126405602202041     
  0.60523361810440479       0.43854582318312313        4.2410707827876898E-002   1.4136902609292299E-002   151.05061462302797     
  0.49487667276211528        7.3701620619741504E-002   4.2410707827876898E-002   1.4136902609292299E-002   152.42398539187326     
  0.70688588811911945       0.99012456937736715        4.2410707827876898E-002   1.4136902609292299E-002   62.370421864085763     
  0.97544129395584167       0.73867643954068407        4.2410707827876898E-002   1.4136902609292299E-002   26.300258134269129     
  0.41190105420107570       0.14531734718927453        4.2410707827876898E-002   1.4136902609292299E-002   59.833148782056590     
  0.88082966895618220       0.88353725297345020        4.2410707827876898E-002   1.4136902609292299E-002   173.93757306560579     
  0.14475454135262664       0.46295368241925977        4.2410707827876898E-002   1.4136902609292299E-002   1.4250975873476339     
  0.41126754528710407       0.28858895772392662        4.2410707827876898E-002   1.4136902609292299E-002   155.64803210067689     
  0.60864729613777424       0.25383184232960682        4.2410707827876898E-002   1.4136902609292299E-002   162.02705558822475     
  0.26343731043700347       0.22388782200969259        4.2410707827876898E-002   1.4136902609292299E-002   43.456944694901026     
  0.64762199299776435       0.86723821960618463        4.2410707827876898E-002   1.4136902609292299E-002   167.77836636694201     
  0.48874675094786402       0.40519796873071706        4.2410707827876898E-002   1.4136902609292299E-002   142.79731584725525     
  0.67741183990132825       0.85095983712565471        4.2410707827876898E-002   1.4136902609292299E-002   169.96916343009980     
   1.2098687644807239E-002  0.89639392899357384        4.2410707827876898E-002   1.4136902609292299E-002   32.897822438653058     
  0.26000720575729996       0.10302738760047433        4.2410707827876898E-002   1.4136902609292299E-002   51.269897154039363     
  0.38996888563677523       0.92024991660670896        4.2410707827876898E-002   1.4136902609292299E-002   46.199215569735202     
   5.4439703763832836E-002  0.51282455357309076        4.2410707827876898E-002   1.4136902609292299E-002   143.23089864273851     
  0.13375334003204439       0.95371688113407127        4.2410707827876898E-002   1.4136902609292299E-002   143.56294764082438     
  0.62778461012135978       0.15677465950834599        4.2410707827876898E-002   1.4136902609292299E-002   131.11742031456939     
  0.52901408880304612        7.7536337838702798E-002   4.2410707827876898E-002   1.4136902609292299E-002   49.340914577701000     
  0.93381031526898817       0.55210957644014835        4.2410707827876898E-002   1.4136902609292299E-002   90.888669651717379     
  0.23286572896163640       0.99857771523099415        4.2410707827876898E-002   1.4136902609292299E-002   164.92452711872050     
  0.64545045983290550       0.49086226661348986        4.2410707827876898E-002   1.4136902609292299E-002   66.433783480604916     
  0.68598422947588611        4.4570791461601540E-002   4.2410707827876898E-002   1.4136902609292299E-002   129.65182093666158     
  0.38828956275454496        2.4610250887081561E-002   4.2410707827876898E-002   1.4136902609292299E-002   131.81600489181486     
  0.31281478036185689       0.36279487270848648        4.2410707827876898E-002   1.4136902609292299E-002   52.270931731224614     
  0.44999852699223819       0.39984368473759307        4.2410707827876898E-002   1.4136902609292299E-002   69.875979151557303     
  0.88728517037433507       0.74996151443556713        4.2410707827876898E-002   1.4136902609292299E-002   60.224885991129689     
  0.99217251850625066       0.11048831777622138        4.2410707827876898E-002   1.4136902609292299E-002   94.059410530398551     
  0.47318844786892555       0.84828378692753004        4.2410707827876898E-002   1.4136902609292299E-002   138.01985011048953     
  0.60421758312242335       0.95146119977993582        4.2410707827876898E-002   1.4136902609292299E-002   136.96181883767926     
  0.37841835916992578       0.83159399297834879        4.2410707827876898E-002   1.4136902609292299E-002   109.75209623432168     
  0.44866860530261521       0.32748058577408101        4.2410707827876898E-002   1.4136902609292299E-002   150.85267591615090     
  0.63213670505727981        3.5812124654423287E-002   4.2410707827876898E-002   1.4136902609292299E-002   126.22136790972026     
  0.90190513498388258       0.29850094872105437        4.2410707827876898E-002   1.4136902609292299E-002   130.47521635815193     
  0.14190641129790540       0.44655320015205774        4.2410707827876898E-002   1.4136902609292299E-002   157.19706448691454     
  0.82747404206138264       0.67806651276641794        4.2410707827876898E-002   1.4136902609292299E-002   43.849831066204068     
  0.10413297910769620       0.34968704782997290        4.2410707827876898E-002   1.4136902609292299E-002   118.06542736271459     
  0.76728870451381948       0.44030289556011187        4.2410707827876898E-002   1.4136902609292299E-002   106.24890496426119     
   6.9717869267678881E-002  0.67458186734699987        4.2410707827876898E-002   1.4136902609292299E-002   122.61105032262358     
  0.10046222327582817       0.58340331495341058        4.2410707827876898E-002   1.4136902609292299E-002   40.400963505069683     
  0.46285580321678643       0.39366187462887398        4.2410707827876898E-002   1.4136902609292299E-002   69.100754729501972     
  0.54250073929008047       0.42186994038665276        4.2410707827876898E-002   1.4136902609292299E-002   149.55800981769841     
  0.24850063171356623       0.23289545870429151        4.2410707827876898E-002   1.4136902609292299E-002   64.771413042009868     
  0.43162792941078176       0.48951206536168990        4.2410707827876898E-002   1.4136902609292299E-002   153.75608660106886     
  0.90138706231124577       0.53382952054130561        4.2410707827876898E-002   1.4136902609292299E-002   161.24100441880773     
  0.63962966155296663       0.70366520221342133        4.2410707827876898E-002   1.4136902609292299E-002   104.89691328943596     
  0.15317732951725627       0.17522591516263922        4.2410707827876898E-002   1.4136902609292299E-002   4.9861724492277295     
  0.25879029504080403        3.4103244233607700E-002   4.2410707827876898E-002   1.4136902609292299E-002   47.709395907492684     
  0.42983366727725175       0.47265797460152137        4.2410707827876898E-002   1.4136902609292299E-002   178.54983508923837     
  0.99478412993800869       0.72620555720200752        4.2410707827876898E-002   1.4136902609292299E-002   77.234445415403627     
   9.9826753448782057E-002  0.89948866816258399        4.2410707827876898E-002   1.4136902609292299E-002   131.65934334115320     
  0.67616086861785829       0.92911800738400807        4.2410707827876898E-002   1.4136902609292299E-002   39.989579702547871     
  0.56329489946128375       0.84546495482194628        4.2410707827876898E-002   1.4136902609292299E-002   38.620989821517902     
  0.97632536413491056       0.11219622120687174        4.2410707827876898E-002   1.4136902609292299E-002   93.846054547426590     
  0.13703408308899304       0.81222113315010513        4.2410707827876898E-002   1.4136902609292299E-002   9.8583078258466745     
  0.38908764411902907       0.97524929926740422        4.2410707827876898E-002   1.4136902609292299E-002   54.906294637376000     
  0.38621597962922766       0.75511802335687883        4.2410707827876898E-002   1.4136902609292299E-002   131.51324871514277     
  0.27546618042851045       0.98160279943676132        4.2410707827876898E-002   1.4136902609292299E-002   155.61281367605051     
   8.9759729256278384E-002  0.19235296293796847        4.2410707827876898E-002   1.4136902609292299E-002   101.01528393165168     
  0.31825519066696906       0.55339880467345337        4.2410707827876898E-002   1.4136902609292299E-002   31.585624564335721     
  0.83074221303447393       0.30003335446734603        4.2410707827876898E-002   1.4136902609292299E-002   48.683797012606064     
  0.22396291328447296       0.33699877806762102        4.2410707827876898E-002   1.4136902609292299E-002   164.26454216357604     
  0.74849792095825185       0.64643518394459987        4.2410707827876898E-002   1.4136902609292299E-002   162.99391008353902     
  0.67341124485302606       0.43738361643713630        4.2410707827876898E-002   1.4136902609292299E-002   9.5790080850551291     
  0.10363577751280584       0.85805508810586084        4.2410707827876898E-002   1.4136902609292299E-002   91.182720033233593     
  0.54233313076989942       0.48008003209357253        4.2410707827876898E-002   1.4136902609292299E-002   143.65895789443115     
  0.69804669844696410       0.77799709167630937        4.2410707827876898E-002   1.4136902609292299E-002   69.740412481797421     
  0.40586223414352107       0.56731670989760774        4.2410707827876898E-002   1.4136902609292299E-002   173.08713992261647     
  0.43586917968029876       0.85545136760077911        4.2410707827876898E-002   1.4136902609292299E-002   3.3520646241612044     
  0.99235999308108724       0.21581689514064664        4.2410707827876898E-002   1.4136902609292299E-002   34.786481300765132     
  0.82450601250751865        5.0393473301180033E-002   4.2410707827876898E-002   1.4136902609292299E-002   172.40698423194402     
  0.90271887204541446       0.24999524142475940        4.2410707827876898E-002   1.4136902609292299E-002   77.839977221981655     
  0.50870739923983666       0.88855617517629382        4.2410707827876898E-002   1.4136902609292299E-002   159.91988007849540     
  0.90087237406853682       0.91442778078271447        4.2410707827876898E-002   1.4136902609292299E-002   130.02550280963430     
  0.52930881944084485       0.47026840202249282        4.2410707827876898E-002   1.4136902609292299E-002   123.14976415002251     
  0.32470843388835247       0.53845663086259843        4.2410707827876898E-002   1.4136902609292299E-002   36.447922414668561     
  0.47412428629184045       0.54035834441047115        4.2410707827876898E-002   1.4136902609292299E-002   6.3701574033887027     
  0.18122020208146000       0.69364649474660445        4.2410707827876898E-002   1.4136902609292299E-002   73.258168821197174     
  0.78173520442160249       0.70594873418600856        4.2410707827876898E-002   1.4136902609292299E-002   80.185727056249405     
  0.14836871085977921       0.98899214893152043        4.2410707827876898E-002   1.4136902609292299E-002   156.92446677832851     
  0.36442975171498149       0.22614544955798610        4.2410707827876898E-002   1.4136902609292299E-002   68.447355869703571     
  0.82336702340878032       0.21878024761756407        4.2410707827876898E-002   1.4136902609292299E-002   145.02141956697253     
  0.55681223052923523       0.50947919833314870        4.2410707827876898E-002   1.4136902609292299E-002   111.52148152809865     
  0.62114506645959799       0.77459994289405010        4.2410707827876898E-002   1.4136902609292299E-002   11.851777705550710     
   4.9500699127892553E-002   9.0732283686702192E-002   4.2410707827876898E-002   1.4136902609292299E-002   53.567244184769578     
  0.12730854522225568       0.31605853924605110        4.2410707827876898E-002   1.4136902609292299E-002   78.832510121056501     
  0.89964237519996482       0.42772394194271884        4.2410707827876898E-002   1.4136902609292299E-002   23.995497496154758     
  0.39883902032080182       0.15172238542530636        4.2410707827876898E-002   1.4136902609292299E-002   60.968253044551943     
  0.66612022303388030       0.56425446674670987        4.2410707827876898E-002   1.4136902609292299E-002   137.62802773615459     
  0.22555370053736909       0.39498480002735431        4.2410707827876898E-002   1.4136902609292299E-002   148.96698627466981     
  0.93430345840881823       0.16612819310718840        4.2410707827876898E-002   1.4136902609292299E-002   83.538751635604484     
  0.90028652697435096       0.80476840859926746        4.2410707827876898E-002   1.4136902609292299E-002   35.006304839177012     
  0.13185490123173640       0.25401579180431960        4.2410707827876898E-002   1.4136902609292299E-002   58.274727956788553     
  0.26962821790204911       0.96663350954857330        4.2410707827876898E-002   1.4136902609292299E-002   172.96986963969604     
  0.63690439136750721       0.37233571011381250        4.2410707827876898E-002   1.4136902609292299E-002   75.475392658453629     
  0.97033760309548978       0.49750094655931115        4.2410707827876898E-002   1.4136902609292299E-002   168.22968513286824     
  0.61363627451167213       0.20178154367642731        4.2410707827876898E-002   1.4136902609292299E-002   124.34044200691281     
  0.82784433044232109        3.4790183193763445E-002   4.2410707827876898E-002   1.4136902609292299E-002   11.992671216315150     
  0.38586174621386415       0.66523343462989348        4.2410707827876898E-002   1.4136902609292299E-002   64.922333836740989     
  0.21445530909534444       0.74059684320813857        4.2410707827876898E-002   1.4136902609292299E-002   44.229406693717266     
  0.80457227696460731       0.71039771132598151        4.2410707827876898E-002   1.4136902609292299E-002   126.06608488416171     
  0.28709731828573720       0.52438671395253456        4.2410707827876898E-002   1.4136902609292299E-002   30.016214023985988     
  0.30707354208055415       0.91584038528472933        4.2410707827876898E-002   1.4136902609292299E-002   14.477731081707004     
  0.26656029969008338       0.42540923458890967        4.2410707827876898E-002   1.4136902609292299E-002   78.025417574756062     
  0.76499124792802720       0.78487214602886679        4.2410707827876898E-002   1.4136902609292299E-002   79.574718841747895     
  0.37305398431817488       0.74687457237615373        4.2410707827876898E-002   1.4136902609292299E-002   123.91708212460019     
  0.44663708545978820        9.7555617218483937E-002   4.2410707827876898E-002   1.4136902609292299E-002   146.53401958145744     
  0.47654631473809139       0.91381705386303935        4.2410707827876898E-002   1.4136902609292299E-002   130.59478709989082     
  0.30033438378513660       0.37328490652117430        4.2410707827876898E-002   1.4136902609292299E-002   43.966717859809762     
  0.18749528776080635        3.9112155474924033E-002   4.2410707827876898E-002   1.4136902609292299E-002   67.600784401906040     
  0.26914430566248820       0.95208878481195736        4.2410707827876898E-002   1.4136902609292299E-002   179.02993075435242     
   4.6955277196834393E-002  0.86481396779675612        4.2410707827876898E-002   1.4136902609292299E-002   146.05908743176724     
  0.97412793705386957        6.9432321140242309E-002   4.2410707827876898E-002   1.4136902609292299E-002   100.82153624311584     
  0.85675560139136520       0.67436818895354478        4.2410707827876898E-002   1.4136902609292299E-002   119.62532259228287     
  0.44085673666966657       0.66041629189885809        4.2410707827876898E-002   1.4136902609292299E-002   73.113503082025687     
  0.89414328773152529       0.81946487308724314        4.2410707827876898E-002   1.4136902609292299E-002   29.335637864670350     
  0.74992257806552964       0.89388232823654190        4.2410707827876898E-002   1.4136902609292299E-002   130.10562904760170     
   4.0943303364836328E-002   3.5556217156688802E-003   4.2410707827876898E-002   1.4136902609292299E-002   120.97688939633574     
  0.51539323536849557       0.16200136484617247        4.2410707827876898E-002   1.4136902609292299E-002   137.40765245265814     
   3.1525924034226702E-002  0.39131232051838449        4.2410707827876898E-002   1.4136902609292299E-002   12.472788424318201     
  0.89822004730625704       0.59752338958508155        4.2410707827876898E-002   1.4136902609292299E-002   176.59066427415539     
  0.36494966186968519       0.86631828832296764        4.2410707827876898E-002   1.4136902609292299E-002   90.343149104466505     
  0.25763688716737726       0.78579963359645599        4.2410707827876898E-002   1.4136902609292299E-002   125.03490192045766     
  0.17798366203778471       0.83974751293132266        4.2410707827876898E-002   1.4136902609292299E-002   20.814300204960400     
  0.86089339443942625       0.53580494794718359        4.2410707827876898E-002   1.4136902609292299E-002   86.686919638136473     
  0.36192016891919754       0.61162157263743655        4.2410707827876898E-002   1.4136902609292299E-002   67.526339390892005     
  0.38315740779948537       0.22486794106747124        4.2410707827876898E-002   1.4136902609292299E-002   95.813071512436053     
  0.42222621160655127       0.92400632567116503        4.2410707827876898E-002   1.4136902609292299E-002   140.58346100970832     
  0.55407044258230587       0.89684198194480536        4.2410707827876898E-002   1.4136902609292299E-002   179.35938297097920     
  0.95157950812660608       0.59883915995358317        4.2410707827876898E-002   1.4136902609292299E-002   126.41433497994134     
  0.48812423450206838       0.92365744388528104        4.2410707827876898E-002   1.4136902609292299E-002   127.32878565622808     
  0.31098388923721748       0.69160762477405946        4.2410707827876898E-002   1.4136902609292299E-002   13.331316571059592     
  0.82690005214691376       0.79122135764609547        4.2410707827876898E-002   1.4136902609292299E-002   83.620307079621639     
  0.85289676501139866       0.45065648624716032        4.2410707827876898E-002   1.4136902609292299E-002   65.876752445485423     
  0.37178468667292741       0.66972211476650956        4.2410707827876898E-002   1.4136902609292299E-002   70.201793138940076     
  0.22232928436981053       0.98032020584891977        4.2410707827876898E-002   1.4136902609292299E-002   130.97682382144501     
  0.97171137535407204       0.60243198342687565        4.2410707827876898E-002   1.4136902609292299E-002   83.758249062556388     
  0.10601379768103865       0.25496902712999459        4.2410707827876898E-002   1.4136902609292299E-002   120.45174991963373     
  0.81925230980222541       0.93647223324730156        4.2410707827876898E-002   1.4136902609292299E-002   53.739231131195389     
  0.63648181240113821       0.63052868486152114        4.2410707827876898E-002   1.4136902609292299E-002   15.292710743090332     
  0.94194514091313386       0.45770377999056922        4.2410707827876898E-002   1.4136902609292299E-002   49.510685650356237     
  0.10951808165372183       0.57173922830692658        4.2410707827876898E-002   1.4136902609292299E-002   34.306360457111445     
  0.74764880092252095        9.2609477431916512E-002   4.2410707827876898E-002   1.4136902609292299E-002   31.852418164701920     
  0.83496458465178824       0.46256405785096855        4.2410707827876898E-002   1.4136902609292299E-002   48.118965674243903     
  0.33273382399675733       0.75321172403570136        4.2410707827876898E-002   1.4136902609292299E-002   68.143947230063134     
  0.66001642088179546       0.14227099344129890        4.2410707827876898E-002   1.4136902609292299E-002   22.576463974313548     
   7.8364961191090907E-003  0.20163883133150104        4.2410707827876898E-002   1.4136902609292299E-002   79.048532966117051     
  0.63276765786158984       0.75856652395359014        4.2410707827876898E-002   1.4136902609292299E-002   47.782854528419037     
   9.0965020753366169E-002  0.79896293425729537        4.2410707827876898E-002   1.4136902609292299E-002   1.6688614533530655     
  0.18389431693420955       0.55788049393029771        4.2410707827876898E-002   1.4136902609292299E-002   7.9577944411023180     
  0.40860981417780473       0.55165286296705252        4.2410707827876898E-002   1.4136902609292299E-002   6.4422643175779362     
  0.21391091694758560       0.48768317604693273        4.2410707827876898E-002   1.4136902609292299E-002   31.332672658505466     
  0.68777861042533128       0.67927647830052307        4.2410707827876898E-002   1.4136902609292299E-002   102.01274609639469     
  0.86488400511351393       0.10330409860458420        4.2410707827876898E-002   1.4136902609292299E-002   14.519425291405593     
  0.82656420025420307        1.9506982395017296E-002   4.2410707827876898E-002   1.4136902609292299E-002   177.91746732126208     
  0.93432374776633775       0.30075238345230126        4.2410707827876898E-002   1.4136902609292299E-002   34.149001316244302     
  0.80169731865172345       0.78094388403862680        4.2410707827876898E-002   1.4136902609292299E-002   153.70661243566406     
  0.42546575920562879       0.67268451636762328        4.2410707827876898E-002   1.4136902609292299E-002   33.598963101819095     
  0.33406946386296421       0.13718300209251358        4.2410707827876898E-002   1.4136902609292299E-002   127.89221273867324     
  0.95576146317490507       0.44943139930491421        4.2410707827876898E-002   1.4136902609292299E-002   60.783111975791172     
  0.55357136035847498       0.75526279271996244        4.2410707827876898E-002   1.4136902609292299E-002   112.16337735456746     
  0.76977421409953761       0.89886902808568847        4.2410707827876898E-002   1.4136902609292299E-002   91.998508106858083     
  0.39697119001173686       0.58276502465301894        4.2410707827876898E-002   1.4136902609292299E-002   14.038898994357520     
  0.47662689514145540       0.52606422877181591        4.2410707827876898E-002   1.4136902609292299E-002   2.0149652619250338     
  0.53688673235516482       0.96442375182287965        4.2410707827876898E-002   1.4136902609292299E-002   42.188191545426974     
  0.53162014252094814       0.52545721307594007        4.2410707827876898E-002   1.4136902609292299E-002   31.381621055508866     
  0.38799142712212070       0.44463863992554475        4.2410707827876898E-002   1.4136902609292299E-002   114.79796683011912     
  0.80805803129427412       0.94788430307316363        4.2410707827876898E-002   1.4136902609292299E-002   36.015248193543442     
   2.4732389953744174E-002  0.19257105835256319        4.2410707827876898E-002   1.4136902609292299E-002   50.457374491438649     
  0.62630869816750190       0.57062155006909776        4.2410707827876898E-002   1.4136902609292299E-002   174.11632722145308     
  0.16364942978845198       0.69481345061858113        4.2410707827876898E-002   1.4136902609292299E-002   102.20384490505178     
  0.96910946501138084       0.43632880683119629        4.2410707827876898E-002   1.4136902609292299E-002   28.233422273695883     
  0.34415640191231889       0.52576243161641356        4.2410707827876898E-002   1.4136902609292299E-002   85.728951423410720     
  0.88684879314045439       0.99157899391753623        4.2410707827876898E-002   1.4136902609292299E-002   139.51648641326528     
  0.30258142721565584       0.92963536383686718        4.2410707827876898E-002   1.4136902609292299E-002   13.562156591696343     
  0.54841267019268425       0.23910337569837650        4.2410707827876898E-002   1.4136902609292299E-002   102.98163774676584     
  0.19645259399708195       0.22575990090728715        4.2410707827876898E-002   1.4136902609292299E-002   96.477639357838484     
  0.76350581964900344       0.85751870257724183        4.2410707827876898E-002   1.4136902609292299E-002   75.220088443582640     
   2.7010147126463397E-002  0.97004232980732097        4.2410707827876898E-002   1.4136902609292299E-002   68.091047520394923     
  0.96008450643375698       0.33666177211952575        4.2410707827876898E-002   1.4136902609292299E-002   140.85679754746508     
  0.15012286938322866       0.32351229422063660        4.2410707827876898E-002   1.4136902609292299E-002   131.97175276284057     
  0.60058256566209978       0.30228459360009019        4.2410707827876898E-002   1.4136902609292299E-002   119.25813418624057     
  0.32812669268250627       0.29435841870586249        4.2410707827876898E-002   1.4136902609292299E-002   43.561383542473237     
  0.72409504234609745       0.74434468740078064        4.2410707827876898E-002   1.4136902609292299E-002   159.31593250476490     
  0.31840185735298326       0.30826569541582988        4.2410707827876898E-002   1.4136902609292299E-002   32.205399332781766     
  0.44420853003952332       0.62250113521012218        4.2410707827876898E-002   1.4136902609292299E-002   88.440571196120487     
  0.73750442464745480       0.40851517427713724        4.2410707827876898E-002   1.4136902609292299E-002   12.891695395481824     
  0.66630632759169661       0.12565272016264414        4.2410707827876898E-002   1.4136902609292299E-002   179.36399456622991     
  0.95931951576030594       0.51359592742079685        4.2410707827876898E-002   1.4136902609292299E-002   6.8288587676142338     
  0.53213296787638920       0.29532431698735828        4.2410707827876898E-002   1.4136902609292299E-002   173.05321421568431     
   4.4950297686068036E-002  0.50000972717205738        4.2410707827876898E-002   1.4136902609292299E-002   124.99820243257433     
  0.76310821669333073       0.13817093954346346        4.2410707827876898E-002   1.4136902609292299E-002   67.764474315559639     
  0.88906660420008621       0.90589582933830204        4.2410707827876898E-002   1.4136902609292299E-002   130.62776519398207     
  0.45459250663035367       0.15287747496753010        4.2410707827876898E-002   1.4136902609292299E-002   153.63097356079737     
  0.97072449854979392        6.2608582322158501E-003   4.2410707827876898E-002   1.4136902609292299E-002   169.71681377474647     
  0.58650374917910375       0.29225206302821471        4.2410707827876898E-002   1.4136902609292299E-002   143.19578314742145     
  0.24689402778329220       0.88646508620974540        4.2410707827876898E-002   1.4136902609292299E-002   69.285820655894810     
  0.29608550053626798       0.80613128217305907        4.2410707827876898E-002   1.4136902609292299E-002   150.93064331477726     
  0.91438651777319147       0.15886397382119949        4.2410707827876898E-002   1.4136902609292299E-002   122.48908397512145     
  0.69983811304621368        5.2213374803488262E-002   4.2410707827876898E-002   1.4136902609292299E-002   114.90409776957161     
  0.55508204031511532       0.91139567736772320        4.2410707827876898E-002   1.4136902609292299E-002  0.97605661953093659     
  0.15039419392810374       0.59991254152684581        4.2410707827876898E-002   1.4136902609292299E-002   62.515243555556857     
  0.87701656823931984       0.24381296447405279        4.2410707827876898E-002   1.4136902609292299E-002   144.07091394929571     
  0.18293529875265779       0.82511124376051403        4.2410707827876898E-002   1.4136902609292299E-002   35.749747612154380     
  0.99104575866071165       0.60552240303043181        4.2410707827876898E-002   1.4136902609292299E-002   110.82021217267871     
  0.57129721319259430       0.71758986370461730        4.2410707827876898E-002   1.4136902609292299E-002   126.61262917056375     
  0.53635662470015333       0.71977965074036565        4.2410707827876898E-002   1.4136902609292299E-002   65.734593156697443     
   8.9995526038451693E-002   3.9156256693563936E-002   4.2410707827876898E-002   1.4136902609292299E-002   37.527362728643155     
  0.69562444882832242       0.39220786435200117        4.2410707827876898E-002   1.4136902609292299E-002   9.1750818755859314     
  0.54867276062424164       0.93540494663226825        4.2410707827876898E-002   1.4136902609292299E-002   31.193257408182546     
  0.97790251506188752       0.29651068962819921        4.2410707827876898E-002   1.4136902609292299E-002   112.98038748900078     
  0.49793675564484097       0.25789033429437452        4.2410707827876898E-002   1.4136902609292299E-002   64.494508036194915     
  0.43435737612901992       0.31367147521641087        4.2410707827876898E-002   1.4136902609292299E-002   111.12515885016809     
  0.56475208094505902       0.62966757301603238        4.2410707827876898E-002   1.4136902609292299E-002   102.61797650602085     
  0.82582719322537346       0.87703328525820334        4.2410707827876898E-002   1.4136902609292299E-002   145.40325939854469     
  0.21848901011633590       0.82726022756353501        4.2410707827876898E-002   1.4136902609292299E-002   177.92871453144619     
  0.33697518689816403       0.97545591950455757        4.2410707827876898E-002   1.4136902609292299E-002   53.234271235025048     
  0.78798373440735470       0.92039825206954606        4.2410707827876898E-002   1.4136902609292299E-002   165.73394764279274     
  0.29802607091812033       0.71375709434858781        4.2410707827876898E-002   1.4136902609292299E-002   53.532407705557837     
  0.90300518162287191       0.71139572517890715        4.2410707827876898E-002   1.4136902609292299E-002   165.29688746679361     
  0.42287231150242777       0.39465762794652642        4.2410707827876898E-002   1.4136902609292299E-002   126.54391745907861     
  0.20302978357162307       0.38340082066994835        4.2410707827876898E-002   1.4136902609292299E-002   85.839960588559805     
   1.8736476100081462E-002  0.73867370496883566        4.2410707827876898E-002   1.4136902609292299E-002   139.11008472477886     
  0.57406052909685878        8.9625457594300045E-002   4.2410707827876898E-002   1.4136902609292299E-002   123.55670842799368     
  0.76238011604454825       0.38579538841434197        4.2410707827876898E-002   1.4136902609292299E-002   117.49298524665822     
  0.43827437322355944        8.5878637865447527E-002   4.2410707827876898E-002   1.4136902609292299E-002   152.57151280137646     
  0.24983353599930899       0.43277023813902166        4.2410707827876898E-002   1.4136902609292299E-002   54.456191322894888     
  0.20472856038694473        2.2477146729424892E-002   4.2410707827876898E-002   1.4136902609292299E-002   13.034343516183645     
  0.41892918115877820       0.44274277771499654        4.2410707827876898E-002   1.4136902609292299E-002   30.138112094132005     
  0.20257306518906931        8.5673991053995757E-002   4.2410707827876898E-002   1.4136902609292299E-002   6.9964755769821005     
  0.67638368897413781       0.30452041472741520        4.2410707827876898E-002   1.4136902609292299E-002   121.37196338601267     
  0.16716442586911370       0.59056704655548364        4.2410707827876898E-002   1.4136902609292299E-002   38.988212619907252     
  0.71007511819693059       0.21973754534402837        4.2410707827876898E-002   1.4136902609292299E-002   159.25932918979927     
  0.89056291834268797       0.58176756845859945        4.2410707827876898E-002   1.4136902609292299E-002   150.18923858720123     
  0.20615329920566833       0.97394148087016297        4.2410707827876898E-002   1.4136902609292299E-002   106.67587679435941     
  0.35474688560089629       0.67285074203125372        4.2410707827876898E-002   1.4136902609292299E-002   94.002554639809389     
  0.95366381856679194       0.79384785095472110        4.2410707827876898E-002   1.4136902609292299E-002   145.03283831653710     
  0.21914301045610407       0.58606421636981143        4.2410707827876898E-002   1.4136902609292299E-002   152.91410806109158     
   9.8577869345653504E-002   8.7227912777411570E-002   4.2410707827876898E-002   1.4136902609292299E-002   170.94627096011914     
  0.13613863365679624       0.82688742581866870        4.2410707827876898E-002   1.4136902609292299E-002   3.2390684251770461     
  0.82249476073361760       0.38008959176027490        4.2410707827876898E-002   1.4136902609292299E-002   121.24201970550774     
   5.4035812681325582E-002  0.26187678757873667        4.2410707827876898E-002   1.4136902609292299E-002   65.258143286659461     
  0.65160478056846272       0.30553861774968583        4.2410707827876898E-002   1.4136902609292299E-002   62.693779512527989     
  0.23034200003487476       0.17581683592206881        4.2410707827876898E-002   1.4136902609292299E-002   102.80398500796348     
   6.3595361484602556E-002  0.82695435805971207        4.2410707827876898E-002   1.4136902609292299E-002   67.351369334089753     
  0.19285803213199890       0.10185002467980110        4.2410707827876898E-002   1.4136902609292299E-002   39.436103664370620     
  0.58595523189029786       0.34712266280062642        4.2410707827876898E-002   1.4136902609292299E-002   52.803335420453678     
  0.81554954214759257       0.20140873170497448        4.2410707827876898E-002   1.4136902609292299E-002   169.29430559790504     
  0.54910376973035313       0.62771857047807189        4.2410707827876898E-002   1.4136902609292299E-002   99.038663523172218     
  0.73503016137023880       0.80843378181655079        4.2410707827876898E-002   1.4136902609292299E-002   51.679480381661939     
  0.15877786886586079       0.47831476065276562        4.2410707827876898E-002   1.4136902609292299E-002   159.30863387847032     
  0.74642884692582590       0.36358083853328271        4.2410707827876898E-002   1.4136902609292299E-002   178.68358383123046     
  0.86837987355365465       0.44560209890903718        4.2410707827876898E-002   1.4136902609292299E-002   80.823442945951896     
  0.48224578807847368       0.46430239889325342        4.2410707827876898E-002   1.4136902609292299E-002   128.98464067079800     
  0.86654753852778510       0.63933776508167173        4.2410707827876898E-002   1.4136902609292299E-002   120.81694995236619     
  0.57019551517072642       0.16790308556287767        4.2410707827876898E-002   1.4136902609292299E-002   31.028470944808802     
  0.54674466597632643       0.17950104410320616        4.2410707827876898E-002   1.4136902609292299E-002   97.513447580227179     
   7.4232937873129040E-002  0.19149611855392212        4.2410707827876898E-002   1.4136902609292299E-002   86.665000157442421     
  0.93920467296678189       0.78149846176722282        4.2410707827876898E-002   1.4136902609292299E-002   109.08709312598356     
  0.22738477004676655       0.71118587675629585        4.2410707827876898E-002   1.4136902609292299E-002   4.5668416687667097     
  0.55045197039007210        2.1582994556000459E-002   4.2410707827876898E-002   1.4136902609292299E-002   8.5793507889587506     
  0.53584487826817562       0.31157180915355870        4.2410707827876898E-002   1.4136902609292299E-002   163.80889270676104     
  0.10229873391692040       0.63691399259883197        4.2410707827876898E-002   1.4136902609292299E-002   167.34383416465755     
  0.47175827172503482       0.55482604377628153        4.2410707827876898E-002   1.4136902609292299E-002   11.796903591946142     
  0.90108172320278090       0.61350328942097310        4.2410707827876898E-002   1.4136902609292299E-002   160.61867222170673     
  0.24849297237949106        5.0425742791582157E-002   4.2410707827876898E-002   1.4136902609292299E-002   15.814796897469895     
   5.0910483506800844E-002  0.56000125915474974        4.2410707827876898E-002   1.4136902609292299E-002   158.06147090542362     
  0.91683837854727268       0.85783234576531298        4.2410707827876898E-002   1.4136902609292299E-002   167.35160263785451     
  0.31505603460058140       0.47146948382659498        4.2410707827876898E-002   1.4136902609292299E-002   85.589075712986030     
  0.39996607107362087        3.4617707242238033E-002   4.2410707827876898E-002   1.4136902609292299E-002   122.24233777010753     
  0.56937829515186478       0.52007507831441080        4.2410707827876898E-002   1.4136902609292299E-002   131.11296379431241     
  0.12536573055359296       0.12976602744441626        4.2410707827876898E-002   1.4136902609292299E-002   148.76895461550967     
  0.52481891358813415       0.98437034633886578        4.2410707827876898E-002   1.4136902609292299E-002   10.898621422649740     
  0.26105368521620287       0.93399091266384804        4.2410707827876898E-002   1.4136902609292299E-002   150.20382125597669     
  0.47636996700099032       0.68856553456327296        4.2410707827876898E-002   1.4136902609292299E-002   177.87320641741277     
  0.53982218935866988       0.67793868485126496        4.2410707827876898E-002   1.4136902609292299E-002   108.74913078298611     
  0.99312882774808642       0.93832982394706355        4.2410707827876898E-002   1.4136902609292299E-002   16.579283698573292     
  0.20874270578056051       0.61958488935791933        4.2410707827876898E-002   1.4136902609292299E-002   42.158622435984626     
  0.95938509185204168        6.7072966551605953E-002   4.2410707827876898E-002   1.4136902609292299E-002   101.39570609626128     
   5.6604790849179180E-002  0.43650331464799041        4.2410707827876898E-002   1.4136902609292299E-002   20.118771420137755     
  0.32404580639438557       0.12352512936172405        4.2410707827876898E-002   1.4136902609292299E-002   149.90666131422213     
  0.21147352332554348        6.9398473368928390E-002   4.2410707827876898E-002   1.4136902609292299E-002   165.07325763731583     
  0.47557166471326368       0.31518187150531318        4.2410707827876898E-002   1.4136902609292299E-002   72.957569739498851     
  0.63948469038972144       0.20165189920034585        4.2410707827876898E-002   1.4136902609292299E-002   63.241441387460796     
  0.28698983421425256       0.14390331517691413        4.2410707827876898E-002   1.4136902609292299E-002   58.900404181114560     
   3.9470677076491566E-002  0.27673551766107740        4.2410707827876898E-002   1.4136902609292299E-002   23.326036567433320     
  0.46375304541039714       0.66611138330740227        4.2410707827876898E-002   1.4136902609292299E-002   113.94159951924158     
  0.63022931069832433       0.27044885223138354        4.2410707827876898E-002   1.4136902609292299E-002   98.636848676079964     
  0.75323126352594161       0.96557213631233652        4.2410707827876898E-002   1.4136902609292299E-002   124.86529328885952     
  0.14707847833009299       0.28176577275912129        4.2410707827876898E-002   1.4136902609292299E-002   120.05979399899137     
  0.72014674699048575       0.97545184513574623        4.2410707827876898E-002   1.4136902609292299E-002   26.408659441972173     
  0.52275695186212590       0.26152594504586157        4.2410707827876898E-002   1.4136902609292299E-002   126.31592547560746     
  0.88875825676369957        8.6276762672584745E-002   4.2410707827876898E-002   1.4136902609292299E-002   92.145583009754574     
  0.79034257565160260       0.40571959068331787        4.2410707827876898E-002   1.4136902609292299E-002   133.29127268086103     
  0.59507529460389486       0.87882166967277553        4.2410707827876898E-002   1.4136902609292299E-002   14.454243886103260     
  0.67434884304376075       0.49525904903263718        4.2410707827876898E-002   1.4136902609292299E-002   142.28497467223690     
  0.35472220857211412       0.73341650959688387        4.2410707827876898E-002   1.4136902609292299E-002   114.18260593527066     
  0.93229536897410847       0.92782184839114490        4.2410707827876898E-002   1.4136902609292299E-002   83.394089609849104     
  0.78834640387469601       0.64264295355032652        4.2410707827876898E-002   1.4136902609292299E-002   169.22702963338119     
  0.27058808545439011       0.28755200717235357        4.2410707827876898E-002   1.4136902609292299E-002   154.30485508191057     
  0.80756878020980705       0.10351477657068402        4.2410707827876898E-002   1.4136902609292299E-002   15.071764716226607     
  0.66562421274517458       0.72647112900295652        4.2410707827876898E-002   1.4136902609292299E-002   172.83719100624378     
  0.33118925971238755       0.35557966901136112        4.2410707827876898E-002   1.4136902609292299E-002   90.825420510797159     
  0.84871568595052593       0.94054159268382564        4.2410707827876898E-002   1.4136902609292299E-002   134.59618018156633     
  0.44397580572603473       0.81713155803412107        4.2410707827876898E-002   1.4136902609292299E-002   151.60932838744151     
  0.72044032916306888       0.46429015036572169        4.2410707827876898E-002   1.4136902609292299E-002   55.952320851361037     
  0.27546833468795634       0.89225245089797178        4.2410707827876898E-002   1.4136902609292299E-002   143.88345821043194     
  0.76023967086926869       0.70403669654434553        4.2410707827876898E-002   1.4136902609292299E-002   123.24944592137024     
  0.46350575771540936       0.90510887988934530        4.2410707827876898E-002   1.4136902609292299E-002   127.53619946030756     
  0.23044741486454884       0.90748096713640458        4.2410707827876898E-002   1.4136902609292299E-002   2.9781209044811616     
  0.32144835069179933       0.62570017907657594        4.2410707827876898E-002   1.4136902609292299E-002   28.647451855024986     
  0.54305609259686083       0.94967577862762431        4.2410707827876898E-002   1.4136902609292299E-002   21.800491078077691     
  0.98944356194859506       0.77480153673571239        4.2410707827876898E-002   1.4136902609292299E-002   139.06279716726294     
  0.79826748481116494       0.85797978396102048        4.2410707827876898E-002   1.4136902609292299E-002   97.144963308154544     
  0.55650672313098359       0.43664148460980845        4.2410707827876898E-002   1.4136902609292299E-002   113.47307323557847     
  0.78118930835237088       0.85733073814873451        4.2410707827876898E-002   1.4136902609292299E-002   98.874068412136211     
  0.27520861683855169       0.16429310670303010        4.2410707827876898E-002   1.4136902609292299E-002   3.6307583859257688     
  0.60642309380899295       0.13479564682023087        4.2410707827876898E-002   1.4136902609292299E-002   143.40892956627485     
  0.45535775260320349       0.83000160247925281        4.2410707827876898E-002   1.4136902609292299E-002   139.49091222916149     
  0.29909129376571297       0.47309312435463441        4.2410707827876898E-002   1.4136902609292299E-002   87.828950250735872     
  0.95551778205192517       0.68123840646134515        4.2410707827876898E-002   1.4136902609292299E-002   57.899802811668827     
  0.70518955226012603       0.81850713539234787        4.2410707827876898E-002   1.4136902609292299E-002   80.543063078383156     
   4.8253388150047871E-002  0.32355565910722545        4.2410707827876898E-002   1.4136902609292299E-002   35.972617227664436     
   3.2713754921911517E-002  0.37537755820983804        4.2410707827876898E-002   1.4136902609292299E-002   1.9896115735717972     
  0.70480048409309970       0.30474348958356767        4.2410707827876898E-002   1.4136902609292299E-002   46.041813005718453     
  0.11843753986485193       0.43308425968441006        4.2410707827876898E-002   1.4136902609292299E-002   87.212475081933846     
  0.79846220969654980       0.55060991545520688        4.2410707827876898E-002   1.4136902609292299E-002   13.261629122886097     
  0.27977141867418337       0.30050378789881871        4.2410707827876898E-002   1.4136902609292299E-002   135.67522148247519     
  0.89523667894236514       0.19658511869744785        4.2410707827876898E-002   1.4136902609292299E-002   116.13615630151394     
  0.57625757868116756       0.36171673096007373        4.2410707827876898E-002   1.4136902609292299E-002   30.923452253916039     
  0.67212960396679999       0.71178402667162077        4.2410707827876898E-002   1.4136902609292299E-002   3.2045849784695188     
  0.77710800108603262       0.13424118233525245        4.2410707827876898E-002   1.4136902609292299E-002   74.020267507165087     
  0.34361134240576680       0.61297873323675778        4.2410707827876898E-002   1.4136902609292299E-002   89.209620457523371     
  0.17706506673893499       0.73963633715121069        4.2410707827876898E-002   1.4136902609292299E-002   140.91867991052001     
  0.17886634820167235       0.27407397845770726        4.2410707827876898E-002   1.4136902609292299E-002   24.868922992776358     
  0.81965486014051359        8.7166894776397122E-002   4.2410707827876898E-002   1.4136902609292299E-002   56.969309200714946     
  0.13012829286088462       0.65651132995971395        4.2410707827876898E-002   1.4136902609292299E-002   69.360005397163548     
  0.62334263378870103       0.70164179012612904        4.2410707827876898E-002   1.4136902609292299E-002   83.889163775639105     
  0.85031488517526610       0.35292471799620795        4.2410707827876898E-002   1.4136902609292299E-002   131.85777180032366     
   5.0273344373225060E-002  0.57921490945059229        4.2410707827876898E-002   1.4136902609292299E-002   10.971490569448424     
  0.82205907020547153       0.47408452026054460        4.2410707827876898E-002   1.4136902609292299E-002   61.026435975798890     
  0.72108813254431081       0.23289417832208378        4.2410707827876898E-002   1.4136902609292299E-002   132.29712907236814     
  0.43932757588931448       0.50352811052583590        4.2410707827876898E-002   1.4136902609292299E-002   144.58339562992970     
  0.35363360974844060       0.34400409844859514        4.2410707827876898E-002   1.4136902609292299E-002   37.220659552726922     
   9.6385727787004605E-002  0.42369955079740673        4.2410707827876898E-002   1.4136902609292299E-002   138.11552447654287     
   1.1741543562346097E-002  0.50854337781598957        4.2410707827876898E-002   1.4136902609292299E-002   26.093125755393736     
  0.29664214781757425       0.94323954451719239        4.2410707827876898E-002   1.4136902609292299E-002   20.466815197458160     
  0.49108606687845591       0.30289893116485961        4.2410707827876898E-002   1.4136902609292299E-002   34.762799709959872     
  0.98468215030652673       0.68542262960563838        4.2410707827876898E-002   1.4136902609292299E-002   135.91554577337644     
  0.75053431817609517       0.66453170578555831        4.2410707827876898E-002   1.4136902609292299E-002   6.8568966769781978     
  0.51253568145062256       0.85302869876471465        4.2410707827876898E-002   1.4136902609292299E-002   33.709200093886814     
  0.59989639480158174       0.86391121311557095        4.2410707827876898E-002   1.4136902609292299E-002   28.277667586040565     
  0.63485636418511915       0.92072519880527337        4.2410707827876898E-002   1.4136902609292299E-002   156.72676097637728     
  0.50664385129317835       0.46717691207859002        4.2410707827876898E-002   1.4136902609292299E-002   75.970038007923051     
  0.35919164298711054       0.15527050401519263        4.2410707827876898E-002   1.4136902609292299E-002   112.40452577168340     
  0.35601533497135335       0.40558312299875116        4.2410707827876898E-002   1.4136902609292299E-002   130.64012574703003     
   4.7568322627365440E-004  0.92351131858451130        4.2410707827876898E-002   1.4136902609292299E-002   23.523155328570031     
  0.61507761586180254       0.14704771072529485        4.2410707827876898E-002   1.4136902609292299E-002   147.92808628146884     
  0.14722296247740310       0.97044625909223026        4.2410707827876898E-002   1.4136902609292299E-002   3.9539866832033121     
  0.92223288908788748       0.25054954100870364        4.2410707827876898E-002   1.4136902609292299E-002   103.16030256153350     
   4.3118493475519097E-002  0.96363370563382877        4.2410707827876898E-002   1.4136902609292299E-002   77.957747441906733     
  0.90752023442198859       0.41539222222205019        4.2410707827876898E-002   1.4136902609292299E-002   24.081506738405707     
  0.80265147847496354       0.11734803565554495        4.2410707827876898E-002   1.4136902609292299E-002   26.210535539963992     
  0.80256826093361378       0.30409026435015846        4.2410707827876898E-002   1.4136902609292299E-002   122.61756936413859     
  0.77650768407188098       0.39529984700329279        4.2410707827876898E-002   1.4136902609292299E-002   107.74299425150012     
  0.91475379965314385       0.92190630689561426        4.2410707827876898E-002   1.4136902609292299E-002   117.02726754374697     
  0.36346037776041440       0.98124593248802905        4.2410707827876898E-002   1.4136902609292299E-002   115.60824785763447     
  0.74513832988244655       0.79554459257676002        4.2410707827876898E-002   1.4136902609292299E-002   36.004713392770206     
  0.64298264410282890        5.0306051036781464E-002   4.2410707827876898E-002   1.4136902609292299E-002   158.56622528896159     
  0.32088886447972453       0.59285872914450399        4.2410707827876898E-002   1.4136902609292299E-002   170.78541501693439     
   6.1617044376884016E-003  0.91034602110812124        4.2410707827876898E-002   1.4136902609292299E-002   17.920762236819041     
  0.96347789136528572       0.80615743373133930        4.2410707827876898E-002   1.4136902609292299E-002   139.02875048734424     
  0.56628716054212769        1.9057924026668616E-003   4.2410707827876898E-002   1.4136902609292299E-002   63.730326951284788     
  0.30242892945149680       0.20056427642961988        4.2410707827876898E-002   1.4136902609292299E-002   133.69253450346432     
  0.98837607724598753        7.0400343210368269E-002   4.2410707827876898E-002   1.4136902609292299E-002   102.68127898658101     
  0.66327351697628478       0.38518433241286293        4.2410707827876898E-002   1.4136902609292299E-002   151.45676447047151     
  0.53176036626083367       0.17271726273837440        4.2410707827876898E-002   1.4136902609292299E-002   117.50385826818085     
  0.71107911432242243       0.72911379404077548        4.2410707827876898E-002   1.4136902609292299E-002   118.22891781547014     
  0.37827782263129822        3.7933205814055385E-003   4.2410707827876898E-002   1.4136902609292299E-002   173.17581590006330     
  0.58641913339033924       0.61605632384134956        4.2410707827876898E-002   1.4136902609292299E-002   38.575620325015741     
  0.18425784054095093       0.34285055430598976        4.2410707827876898E-002   1.4136902609292299E-002   78.644495079425184     
  0.22668829234085397       0.35184374455408041        4.2410707827876898E-002   1.4136902609292299E-002   173.78394619917282     
  0.90866716202478948        7.7788697025743189E-002   4.2410707827876898E-002   1.4136902609292299E-002   43.821010732690766     
  0.14200629264282222       0.16071874107127007        4.2410707827876898E-002   1.4136902609292299E-002   177.58956828741972     
  0.35590451175518889       0.44693496202835648        4.2410707827876898E-002   1.4136902609292299E-002   30.767860129600439     
  0.85921026122620359       0.57166318075478817        4.2410707827876898E-002   1.4136902609292299E-002   69.686267042920321     
  0.79218706344535406       0.56490300669100191        4.2410707827876898E-002   1.4136902609292299E-002   24.191284077595522     
  0.21380895793488522       0.87575614620067899        4.2410707827876898E-002   1.4136902609292299E-002   159.00894456392169     
  0.11896267317813401       0.85790579802334366        4.2410707827876898E-002   1.4136902609292299E-002   86.410814944849932     
  0.78302607504972810       0.62471035831292165        4.2410707827876898E-002   1.4136902609292299E-002   13.006745094001916     
  0.14454569828426600       0.64995636954231906        4.2410707827876898E-002   1.4136902609292299E-002   53.211998655935695     
  0.41762053817670963       0.30283951744717708        4.2410707827876898E-002   1.4136902609292299E-002   148.62051684723417     
  0.12960384399317779       0.89666559790368772        4.2410707827876898E-002   1.4136902609292299E-002   51.851961682511835     
  0.66965371540037666       0.67928655654366521        4.2410707827876898E-002   1.4136902609292299E-002   70.173062179801178     
  0.24909789024530093       0.27175180425744799        4.2410707827876898E-002   1.4136902609292299E-002   87.623279349402864     
  0.67044630110777237       0.40497466670631843        4.2410707827876898E-002   1.4136902609292299E-002   169.50037782966723     
  0.38100570028090236       0.27699447955392520        4.2410707827876898E-002   1.4136902609292299E-002   67.118759164397872     
  0.91694907402691173       0.54813598595501889        4.2410707827876898E-002   1.4136902609292299E-002   115.63019433946653     
  0.70611052358977533       0.68118431045094918        4.2410707827876898E-002   1.4136902609292299E-002   100.22108412594170     
  0.91256935249100035       0.79237348023383447        4.2410707827876898E-002   1.4136902609292299E-002   48.534047272239832     
  0.47524990334191508       0.76247090446772514        4.2410707827876898E-002   1.4136902609292299E-002   91.196446768333189     
  0.28118425683838510       0.47834772484222016        4.2410707827876898E-002   1.4136902609292299E-002   54.330598982098010     
  0.84114959439520798       0.28645333216619351        4.2410707827876898E-002   1.4136902609292299E-002   23.323875646586263     
  0.45461649304030405       0.98700074690323758        4.2410707827876898E-002   1.4136902609292299E-002   56.016471321415182     
  0.22259335585344991       0.72531939654167399        4.2410707827876898E-002   1.4136902609292299E-002   15.990482453578622     
  0.16094220306179616       0.33334728606314967        4.2410707827876898E-002   1.4136902609292299E-002   140.42631342016938     
  0.70648190038604464       0.47058329268528781        4.2410707827876898E-002   1.4136902609292299E-002   72.002039815845606     
  0.43109038092175128       0.14065244094421880        4.2410707827876898E-002   1.4136902609292299E-002   86.281141749768082     
  0.84310662022802318       0.53455185574140329        4.2410707827876898E-002   1.4136902609292299E-002   92.892451957035078     
   9.1963815411978220E-002  0.67909028936933336        4.2410707827876898E-002   1.4136902609292299E-002   72.835121039759940     
  0.36245531914329743       0.82254032540886413        4.2410707827876898E-002   1.4136902609292299E-002   127.17955047137188     
  0.76348816597751290        8.1913573792737740E-002   4.2410707827876898E-002   1.4136902609292299E-002   67.096859353702996     
  0.69389619463959329       0.14497897494168274        4.2410707827876898E-002   1.4136902609292299E-002   21.927086326667265     
  0.53065488141516659       0.28097523577588590        4.2410707827876898E-002   1.4136902609292299E-002   170.80388394688728     
  0.67664562831985120       0.98386345569543554        4.2410707827876898E-002   1.4136902609292299E-002   146.75186908240843     
  0.61144820125748345       0.96693184482460659        4.2410707827876898E-002   1.4136902609292299E-002   161.26293110910296     
  0.17116517465764070        5.9773699455624177E-002   4.2410707827876898E-002   1.4136902609292299E-002   5.2452228150069429     
  0.32399049492571264       0.99483993132695436        4.2410707827876898E-002   1.4136902609292299E-002   1.6559543939103012     
  0.34513874227963065       0.14814276178042068        4.2410707827876898E-002   1.4136902609292299E-002   128.47335428941767     
  0.42782611633783063       0.42978194318682666        4.2410707827876898E-002   1.4136902609292299E-002   34.179022522977057     
  0.75533733146891546       0.20019375113652299        4.2410707827876898E-002   1.4136902609292299E-002   160.62477313056854     
  0.78216132222064305       0.44857433196157748        4.2410707827876898E-002   1.4136902609292299E-002   133.55360218256538     
   3.7516151125058940E-002  0.35907198072036844        4.2410707827876898E-002   1.4136902609292299E-002   29.078725064728239     
  0.56452648137167782       0.24044849712129759        4.2410707827876898E-002   1.4136902609292299E-002   85.518489086102505     
   3.5790102162004726E-002   9.8283099945082844E-002   4.2410707827876898E-002   1.4136902609292299E-002   69.252762987504170     
  0.89569489040320549        6.8385497279260347E-003   4.2410707827876898E-002   1.4136902609292299E-002   136.77962336026505     
  0.67085817823158156       0.41997660741935833        4.2410707827876898E-002   1.4136902609292299E-002   175.78926958776449     
  0.25850450003423925       0.48311575036903748        4.2410707827876898E-002   1.4136902609292299E-002   101.49598359393821     
  0.71900350960346116       0.81318387480679022        4.2410707827876898E-002   1.4136902609292299E-002   73.400005563860972     
  0.98877605433265769       0.14989658588607757        4.2410707827876898E-002   1.4136902609292299E-002   68.985653785653682     
  0.38909305049004472       0.39893782664704308        4.2410707827876898E-002   1.4136902609292299E-002   33.183771392153844     
  0.10403697525474255       0.10333924120157513        4.2410707827876898E-002   1.4136902609292299E-002   164.02324547221693     
  0.66199949821491910       0.20277171448382644        4.2410707827876898E-002   1.4136902609292299E-002   114.20352711263102     
  0.23950407926514569       0.60238577558810802        4.2410707827876898E-002   1.4136902609292299E-002   93.003118819214905     
  0.64431281903447157       0.85079128230554291        4.2410707827876898E-002   1.4136902609292299E-002   154.43159895212665     
  0.26137568308273113       0.59029432439139862        4.2410707827876898E-002   1.4136902609292299E-002   34.457553169639787     
  0.61438787479400114       0.79107470302201177        4.2410707827876898E-002   1.4136902609292299E-002   40.804549846978269     
