          50   1110.5634605620514     
         100   1050.8452501190031     
         150   989.36615953289174     
         200   929.19915667569978     
         250   878.91853684483726     
         300   834.92820393453383     
         350   796.95843060034019     
         400   762.01200073606503     
         450   729.66455911599314     
         500   693.38530249090502     
         550   656.79332692114917     
         600   613.98144481014822     
         650   566.56109037277986     
         700   517.17316955340630     
         750   466.32944101663065     
         800   415.26903116194524     
         850   365.63609076729148     
         900   319.00689561374406     
         950   274.81693994413524     
        1000   232.08076967458996     
        1050   190.11529906122726     
        1100   149.10698067896581     
        1150   108.95786333827472     
        1200   70.503292024666266     
        1250   32.857124567442021     
        1300  -4.3518205872572739     
        1350  -40.008849468347378     
        1400  -73.665735333910149     
        1450  -105.51596894856817     
        1500  -136.53423808301366     
        1550  -167.40930031624484     
        1600  -196.95150732726430     
        1650  -225.36761791961294     
        1700  -253.50748616894600     
        1750  -282.00765076507747     
        1800  -310.16746064717171     
        1850  -337.20850071749436     
        1900  -364.27231702236315     
        1950  -391.75553475410538     
        2000  -419.98169918004908     
        2050  -447.51258718944513     
        2100  -474.78396379575543     
        2150  -501.97850924178613     
        2200  -528.61097058488292     
        2250  -554.74639014877357     
        2300  -581.12696815654215     
        2350  -607.97109435984623     
        2400  -634.84743764261827     
        2450  -661.21538711791129     
        2500  -687.58810499746903     
        2550  -713.37537331282169     
        2600  -739.05924082116462     
        2650  -764.93098983658012     
        2700  -790.91706939201288     
        2750  -816.58076332417249     
        2800  -841.70632836517541     
        2850  -866.25874197641542     
        2900  -890.21035353726438     
        2950  -914.01304061299970     
        3000  -937.83032396074816     
        3050  -961.18509483798914     
        3100  -984.45248957710976     
        3150  -1007.1192471436292     
        3200  -1029.1677464255831     
        3250  -1050.7760954157102     
        3300  -1072.1948659784614     
        3350  -1093.3418772566774     
        3400  -1114.1400365576098     
        3450  -1134.6560676376794     
        3500  -1155.2300047924311     
        3550  -1175.6625830086084     
        3600  -1195.9616542368594     
        3650  -1217.0072126952634     
        3700  -1237.7435036818324     
        3750  -1258.6903897998457     
        3800  -1279.7760578174045     
        3850  -1300.5989063828770     
        3900  -1321.2986293553856     
        3950  -1341.6132819513773     
        4000  -1362.0257718772220     
        4050  -1382.0711618287919     
        4100  -1401.8299386880660     
        4150  -1421.2218650384602     
        4200  -1440.2511010892863     
        4250  -1459.4021120147288     
        4300  -1478.4202505313099     
        4350  -1497.2055849572300     
        4400  -1516.1369379742525     
        4450  -1534.9225046552285     
        4500  -1553.5510020729832     
        4550  -1572.4368506238552     
        4600  -1591.0655256749399     
        4650  -1609.6107696604586     
        4700  -1628.0154966797104     
        4750  -1646.3006479450346     
        4800  -1664.7870423421725     
        4850  -1683.1506940086038     
        4900  -1701.5716798586036     
        4950  -1720.1178948581921     
        5000  -1738.6947829133965     
        5050  -1757.0078290414319     
        5100  -1775.1362328503144     
        5150  -1793.3554966422382     
        5200  -1811.4804433854088     
        5250  -1829.3326034580336     
        5300  -1847.1338212042667     
        5350  -1864.7977154426624     
        5400  -1882.2854314942876     
        5450  -1899.6583354511622     
        5500  -1916.8630497271004     
        5550  -1933.9502109272219     
        5600  -1951.0269977585465     
        5650  -1968.1470516769159     
        5700  -1985.1988419651329     
        5750  -2002.2290385589033     
        5800  -2019.0513580489758     
        5850  -2035.7117045289651     
        5900  -2052.4881670191758     
        5950  -2069.3095346236082     
        6000  -2085.9561971216763     
        6050  -2102.4034962230803     
        6100  -2118.8381066371685     
        6150  -2135.2341644967782     
        6200  -2151.4112175519745     
        6250  -2167.3298633645222     
        6300  -2182.9998098236942     
        6350  -2198.5178994505227     
        6400  -2213.9322320755891     
        6450  -2229.2240084624545     
        6500  -2244.2898780765854     
        6550  -2259.1287099270157     
        6600  -2273.7738711022866     
        6650  -2288.4315791216568     
        6700  -2303.0894806845799     
        6750  -2317.6689130796935     
        6800  -2332.1589968348376     
        6850  -2346.4736566043412     
        6900  -2360.5872567873225     
        6950  -2374.5059593895116     
        7000  -2388.2562986573184     
        7050  -2401.8339405544252     
        7100  -2415.3266674632941     
        7150  -2428.7251960634371     
        7200  -2441.9838352424558     
        7250  -2455.1202358183555     
        7300  -2468.2612467791196     
        7350  -2481.6191631148708     
        7400  -2494.9891343150985     
        7450  -2508.2996747175512     
        7500  -2521.5235634387145     
        7550  -2534.6030414774227     
        7600  -2547.6342992933432     
        7650  -2560.6394189445491     
        7700  -2573.7224908064354     
        7750  -2586.7132355331078     
        7800  -2599.7378436423523     
        7850  -2612.8074278639697     
        7900  -2625.9116953282105     
        7950  -2638.8725507292411     
        8000  -2651.7300774128225     
        8050  -2664.5228503406975     
        8100  -2677.2229686766163     
        8150  -2689.8962286629944     
        8200  -2702.5137959985314     
        8250  -2714.9914187617205     
        8300  -2727.3652154060014     
        8350  -2739.6210014032422     
        8400  -2751.7880272660400     
        8450  -2763.9821211912877     
        8500  -2776.1476393738972     
        8550  -2788.4948522553777     
        8600  -2800.7435835517917     
        8650  -2812.8805526783585     
        8700  -2824.9276033189863     
        8750  -2836.8584361791782     
        8800  -2848.7720465163311     
        8850  -2860.6051520481569     
        8900  -2872.3432661306047     
        8950  -2884.0052320468549     
        9000  -2895.5989184548885     
        9050  -2907.1836492213088     
        9100  -2918.7112500760886     
        9150  -2930.2191521931550     
        9200  -2941.6777456613809     
        9250  -2953.1298553769930     
        9300  -2964.6370746173020     
        9350  -2976.1873660436845     
        9400  -2987.8643196442804     
        9450  -2999.4352103170181     
        9500  -3010.9430518694671     
        9550  -3022.3867945382813     
        9600  -3033.7288997198680     
        9650  -3044.9958347408310     
        9700  -3056.1697871624624     
        9750  -3067.2558714980437     
        9800  -3078.3554019213102     
        9850  -3089.4349505865216     
        9900  -3100.4025846187506     
        9950  -3111.2892833909154     
       10000  -3122.1515591826615     
       10050  -3132.9362052187998     
       10100  -3143.6365365890842     
       10150  -3154.2646735092162     
       10200  -3164.7993248928947     
       10250  -3175.2376227035052     
       10300  -3185.5934374890189     
       10350  -3195.9300771510871     
       10400  -3206.2296872592242     
       10450  -3216.5785216816571     
       10500  -3226.8820628464532     
       10550  -3237.1178800867401     
       10600  -3247.2621473416693     
       10650  -3257.3111632608711     
       10700  -3267.2990523207109     
       10750  -3277.2476024932189     
       10800  -3287.1232424923969     
       10850  -3296.9100551460365     
       10900  -3306.6198821550079     
       10950  -3316.2636818224978     
       11000  -3325.9152365019304     
       11050  -3335.5699852224875     
       11100  -3345.2707159450015     
       11150  -3354.9530550960030     
       11200  -3364.5893573235444     
       11250  -3374.1730047684650     
       11300  -3383.8175442687502     
       11350  -3393.4354677714114     
       11400  -3403.0663026394873     
       11450  -3412.7102316215110     
       11500  -3422.2855723938856     
       11550  -3431.8232314883358     
       11600  -3441.2930790305281     
       11650  -3450.7127369698610     
       11700  -3460.1770666875482     
       11750  -3469.6567542381013     
       11800  -3479.0561054534801     
       11850  -3488.3769311333199     
       11900  -3497.6280205175563     
       11950  -3506.8251665727030     
       12000  -3516.0165176482151     
       12050  -3525.2242133674190     
       12100  -3534.3818274501964     
       12150  -3543.4965703569201     
       12200  -3552.5809623652522     
       12250  -3561.6505474529431     
       12300  -3570.6853156197694     
       12350  -3579.7221353389637     
       12400  -3588.7589836852671     
       12450  -3597.7313187523846     
       12500  -3606.7104635552937     
       12550  -3615.6591093110164     
       12600  -3624.6037100931212     
       12650  -3633.4942524479097     
       12700  -3642.3649796867389     
       12750  -3651.2139685706875     
       12800  -3660.0102552875505     
       12850  -3668.8565843978586     
       12900  -3677.7392476121145     
       12950  -3686.6008953497026     
       13000  -3695.4055074859202     
       13050  -3704.1527910693003     
       13100  -3712.8536428618486     
       13150  -3721.4979995915901     
       13200  -3730.0792848234846     
       13250  -3738.6535635857786     
       13300  -3747.1856015481990     
       13350  -3755.6672367722822     
       13400  -3764.1007687915126     
       13450  -3772.5695591835852     
       13500  -3781.0110297550500     
       13550  -3789.4335745420371     
       13600  -3797.8303399290307     
       13650  -3806.2391262226442     
       13700  -3814.8311361428637     
       13750  -3823.3851149819807     
       13800  -3831.8922019430383     
       13850  -3840.4147600296956     
       13900  -3848.9089368959030     
       13950  -3857.3487199324331     
       14000  -3865.8075734293720     
       14050  -3874.2533537262620     
       14100  -3882.7461458402195     
       14150  -3891.2454065637626     
       14200  -3899.6848133385488     
       14250  -3908.0943270410980     
       14300  -3916.4589742877924     
       14350  -3924.8161794546031     
       14400  -3933.1353455303847     
       14450  -3941.5123317814441     
       14500  -3949.8343032973203     
       14550  -3958.1344544879507     
       14600  -3966.3829135273868     
       14650  -3974.6012301774313     
       14700  -3982.7932607129201     
       14750  -3990.9585494839730     
       14800  -3999.0771282396013     
       14850  -4007.1756630145692     
       14900  -4015.2963000523046     
       14950  -4023.3974779701816     
       15000  -4031.4948654707132     
       15050  -4039.5514531117992     
       15100  -4047.5700572507608     
       15150  -4055.5618754350430     
       15200  -4063.5283936407654     
       15250  -4071.4545397156321     
       15300  -4079.3604077251530     
       15350  -4087.2459056543416     
       15400  -4095.0924904985432     
       15450  -4102.9161709729669     
       15500  -4110.6905973639341     
       15550  -4118.4375616940251     
       15600  -4126.1970584721248     
       15650  -4133.9538536548525     
       15700  -4141.6865880212863     
       15750  -4149.3751456947803     
       15800  -4157.0618357002422     
       15850  -4164.7198495565463     
       15900  -4172.3690909476345     
       15950  -4180.0245569344415     
       16000  -4187.6744089965969     
       16050  -4195.2819614161699     
       16100  -4202.8520129799090     
       16150  -4210.4794139708119     
       16200  -4218.1500621139967     
       16250  -4225.8200799329034     
       16300  -4233.5198297386787     
       16350  -4241.1875405233077     
       16400  -4248.8641762263769     
       16450  -4256.5204078140023     
       16500  -4264.1731722415125     
       16550  -4271.8040595851226     
       16600  -4279.4399919244224     
       16650  -4287.0755866829859     
       16700  -4294.6770109365816     
       16750  -4302.3091168143992     
       16800  -4309.9055899666218     
       16850  -4317.4720656865329     
       16900  -4325.0064880758700     
       16950  -4332.4965614461389     
       17000  -4339.9466276091534     
       17050  -4347.3985698395372     
       17100  -4354.8400518600074     
       17150  -4362.2397149998751     
       17200  -4369.5963568424186     
       17250  -4376.9253031076896     
       17300  -4384.2546194105926     
       17350  -4391.5466163999636     
       17400  -4398.8692383437728     
       17450  -4406.1971205645596     
       17500  -4413.4869601899209     
       17550  -4420.7500848001982     
       17600  -4427.9764590848790     
       17650  -4435.1759664720948     
       17700  -4442.3979076890873     
       17750  -4449.6083516782774     
       17800  -4456.8020704459595     
       17850  -4463.9773507563104     
       17900  -4471.1365076993043     
       17950  -4478.2890956099482     
       18000  -4485.4376210250593     
       18050  -4492.6397027606445     
       18100  -4499.8255247899215     
       18150  -4506.9804486914654     
       18200  -4514.1262738895421     
       18250  -4521.2768506170023     
       18300  -4528.3905688261184     
       18350  -4535.4696574460140     
       18400  -4542.5379550390198     
       18450  -4549.5954619378354     
       18500  -4556.6212624821110     
       18550  -4563.6146612105549     
       18600  -4570.5721606813504     
       18650  -4577.4981260132909     
       18700  -4584.4153602122269     
       18750  -4591.3130670534883     
       18800  -4598.1854095070539     
       18850  -4605.0600557156677     
       18900  -4611.9451824547341     
       18950  -4618.8317230194052     
       19000  -4625.6855696355760     
       19050  -4632.5144861897888     
       19100  -4639.3216737079665     
       19150  -4646.1197034396100     
       19200  -4652.9162902731778     
       19250  -4659.7009477144593     
       19300  -4666.4691224550115     
       19350  -4673.2315854061535     
       19400  -4679.9883847589062     
       19450  -4686.7245855232923     
       19500  -4693.4336538406142     
       19550  -4700.1084046729356     
       19600  -4706.7896458494770     
       19650  -4713.4420489996292     
       19700  -4720.0741899434934     
       19750  -4726.6733382635766     
       19800  -4733.2403624444823     
       19850  -4739.7749167925176     
       19900  -4746.2963800641046     
       19950  -4752.8028575902699     
       20000  -4759.2783363995113     
       20050  -4765.7215185563364     
       20100  -4772.1337455085786     
       20150  -4778.5166569249186     
       20200  -4784.8680912973114     
       20250  -4791.1893994318225     
       20300  -4797.4893343256081     
       20350  -4803.7669382998456     
       20400  -4810.0154139708129     
       20450  -4816.2732559289825     
       20500  -4822.5090603273220     
       20550  -4828.7164244988307     
       20600  -4834.8954656011210     
       20650  -4841.0447845844947     
       20700  -4847.1769767027781     
       20750  -4853.3081267409780     
       20800  -4859.4116062302273     
       20850  -4865.4858124365546     
       20900  -4871.5364170770290     
       20950  -4877.5786767359568     
       21000  -4883.5963357851715     
       21050  -4889.6105128360277     
       21100  -4895.6056979139757     
       21150  -4901.5785910379973     
       21200  -4907.5426316648745     
       21250  -4913.4939885415042     
       21300  -4919.4271226928049     
       21350  -4925.4390407696555     
       21400  -4931.4747693251657     
       21450  -4937.4915312728772     
       21500  -4943.4830714516520     
       21550  -4949.4489184889944     
       21600  -4955.4791331890619     
       21650  -4961.5232960416452     
       21700  -4967.5606324270866     
       21750  -4973.5702903883339     
       21800  -4979.5654742464667     
       21850  -4985.5441348785598     
       21900  -4991.5007122828119     
       21950  -4997.4585453157079     
       22000  -5003.4154935379966     
       22050  -5009.3455941543980     
       22100  -5015.2514882866235     
       22150  -5021.1511083963060     
       22200  -5027.0390311758138     
       22250  -5032.9265437337699     
       22300  -5038.8143947540657     
       22350  -5044.6774933198840     
       22400  -5050.5147197853403     
       22450  -5056.3259452420416     
       22500  -5062.1151035167841     
       22550  -5067.8792000641806     
       22600  -5073.6177917595987     
       22650  -5079.3350900554142     
       22700  -5085.0384439898871     
       22750  -5090.7167282367363     
       22800  -5096.3711994995256     
       22850  -5102.0095144229026     
       22900  -5107.6405886565044     
       22950  -5113.2481623141030     
       23000  -5118.8321769103923     
       23050  -5124.3921007682075     
       23100  -5129.9279556915735     
       23150  -5135.4554641220175     
       23200  -5140.9635064652330     
       23250  -5146.4478583037462     
       23300  -5151.9086721515368     
       23350  -5157.3518146567940     
       23400  -5162.7945087815424     
       23450  -5168.2170316046459     
       23500  -5173.6346473351314     
       23550  -5179.0337952644368     
       23600  -5184.4122225742021     
       23650  -5189.7694255007127     
       23700  -5195.1164706900918     
       23750  -5200.4771672342449     
       23800  -5205.8201180607384     
       23850  -5211.1483709520389     
       23900  -5216.4810762088118     
       23950  -5221.7947753949556     
       24000  -5227.0941374163622     
       24050  -5232.4140027323492     
       24100  -5237.7236449673710     
       24150  -5243.0113011061812     
       24200  -5248.2900029344219     
       24250  -5253.5570482139719     
       24300  -5258.8024184100677     
       24350  -5264.0262470447824     
       24400  -5269.2286665457486     
       24450  -5274.4098082573446     
       24500  -5279.5705139074753     
       24550  -5284.7152271869390     
       24600  -5289.8459824115544     
       24650  -5294.9753054854173     
       24700  -5300.0856788524707     
       24750  -5305.1823844201263     
       24800  -5310.2616990768029     
       24850  -5315.3526739542722     
       24900  -5320.4670844236871     
       24950  -5325.5612871136618     
       25000  -5330.6354537540037     
       25050  -5335.6902864950944     
       25100  -5340.7264821946956     
       25150  -5345.7429024638823     
       25200  -5350.7394822667775     
       25250  -5355.7188905080047     
       25300  -5360.6790424544433     
       25350  -5365.6292466523400     
       25400  -5370.5656285981950     
       25450  -5375.4826141513349     
       25500  -5380.3865421419969     
       25550  -5385.2712766767154     
       25600  -5390.1387412493023     
       25650  -5394.9885382324965     
       25700  -5399.8197408757869     
       25750  -5404.6328910978827     
       25800  -5409.4273856989621     
       25850  -5414.2033329321466     
       25900  -5418.9608402146232     
       25950  -5423.7101236882581     
       26000  -5428.4638036134584     
       26050  -5433.2073746675878     
       26100  -5437.9327711199776     
       26150  -5442.6495300037732     
       26200  -5447.3668052172579     
       26250  -5452.0689045162635     
       26300  -5456.7531251107093     
       26350  -5461.4195687769034     
       26400  -5466.0686085887319     
       26450  -5470.7005544537078     
       26500  -5475.3166071848927     
       26550  -5479.9404258213954     
       26600  -5484.5634268071180     
       26650  -5489.1749025991267     
       26700  -5493.7696122505240     
       26750  -5498.3477019700704     
       26800  -5502.9087996978797     
       26850  -5507.4529100970940     
       26900  -5511.9837757863261     
       26950  -5516.5081925622871     
       27000  -5521.0199839121142     
       27050  -5525.5493537419243     
       27100  -5530.0791963983920     
       27150  -5534.5923545515207     
       27200  -5539.0990612670794     
       27250  -5543.5903543258373     
       27300  -5548.0651957616683     
       27350  -5552.5270489985751     
       27400  -5556.9754863190565     
       27450  -5561.4078990513626     
       27500  -5565.8242713548225     
       27550  -5570.2246132687969     
       27600  -5574.6090119149667     
       27650  -5578.9775537848400     
       27700  -5583.3326240211218     
       27750  -5587.6744142715961     
       27800  -5592.0039762885381     
       27850  -5596.3242834977382     
       27900  -5600.6444623407733     
       27950  -5604.9491843722062     
       28000  -5609.2385323963827     
       28050  -5613.5125886272472     
       28100  -5617.7944096521951     
       28150  -5622.0799134540739     
       28200  -5626.3502204339602     
       28250  -5630.6054112829443     
       28300  -5634.8455661218604     
       28350  -5639.0761876960696     
       28400  -5643.2996083738353     
       28450  -5647.5136837996261     
       28500  -5651.7223257432561     
       28550  -5655.9412739833506     
       28600  -5660.1639245766546     
       28650  -5664.4043770303997     
       28700  -5668.6300543884872     
       28750  -5672.8410337383730     
       28800  -5677.0373916321814     
       28850  -5681.2301059292140     
       28900  -5685.4506786069478     
       28950  -5689.6736304247734     
       29000  -5693.8820203397781     
       29050  -5698.0759235425121     
       29100  -5702.2554147067485     
       29150  -5706.4267482019213     
       29200  -5710.5866996615659     
       29250  -5714.7338919194735     
       29300  -5718.8798165790722     
       29350  -5723.0259721916618     
       29400  -5727.1623057244096     
       29450  -5731.2951910588408     
       29500  -5735.4177835990713     
       29550  -5739.5421179360801     
       29600  -5743.6753796743278     
       29650  -5747.8086800025048     
       29700  -5751.9345457641912     
       29750  -5756.0467982098398     
       29800  -5760.1529279141860     
       29850  -5764.2521601021663     
       29900  -5768.3428630054677     
       29950  -5772.4199074683584     
       30000  -5776.4833617830391     
       30050  -5780.5401588854411     
       30100  -5784.6006584697070     
       30150  -5788.6631160330080     
       30200  -5792.7163921954862     
       30250  -5796.7590536827011     
       30300  -5800.7886762211974     
       30350  -5804.8090589253443     
       30400  -5808.8405405854410     
       30450  -5812.8714586096685     
       30500  -5816.8891605092267     
       30550  -5820.8937111750702     
       30600  -5824.8851750740332     
       30650  -5828.8678401658308     
       30700  -5832.8430340701025     
       30750  -5836.8210036446053     
       30800  -5840.7916733078036     
       30850  -5844.7494720806826     
       30900  -5848.6944624432936     
       30950  -5852.6338572665609     
       31000  -5856.5744802742593     
       31050  -5860.5024120645421     
       31100  -5864.4177138490686     
       31150  -5868.3211231859777     
       31200  -5872.2209931502139     
       31250  -5876.1105826051189     
       31300  -5880.0019601913036     
       31350  -5883.8828973047694     
       31400  -5887.7534517162203     
       31450  -5891.6155306654937     
       31500  -5895.4690655088270     
       31550  -5899.3254409516267     
       31600  -5903.1720234708018     
       31650  -5907.0067224870609     
       31700  -5910.8293246609983     
       31750  -5914.6398871430483     
       31800  -5918.4384667242111     
       31850  -5922.2251198388722     
       31900  -5925.9999025675934     
       31950  -5929.7628706398864     
       32000  -5933.5386868861169     
       32050  -5937.3158122358673     
       32100  -5941.0860146435398     
       32150  -5944.8619262892826     
       32200  -5948.6339097763039     
       32250  -5952.3941971904978     
       32300  -5956.1428428479912     
       32350  -5959.8799007291091     
       32400  -5963.6136441666358     
       32450  -5967.3360489512725     
       32500  -5971.0517267642072     
       32550  -5974.7615013610684     
       32600  -5978.4618533968896     
       32650  -5982.1526480431721     
       32700  -5985.8486594925589     
       32750  -5989.5394935027971     
       32800  -5993.2231092191223     
       32850  -5996.8955114933879     
       32900  -6000.5576693279418     
       32950  -6004.2192524452503     
       33000  -6007.8781795694240     
       33050  -6011.5265736998299     
       33100  -6015.1639454914739     
       33150  -6018.7903448191910     
       33200  -6022.4058212573673     
       33250  -6026.0179503057770     
       33300  -6029.6226877000672     
       33350  -6033.2174412409231     
       33400  -6036.8108994576978     
       33450  -6040.4189376005643     
       33500  -6044.0219999639958     
       33550  -6047.6147013274076     
       33600  -6051.1967521070183     
       33650  -6054.7681578620241     
       33700  -6058.3289659738393     
       33750  -6061.8792235431019     
       33800  -6065.4201675275226     
       33850  -6068.9560645418960     
       33900  -6072.4815311815964     
       33950  -6075.9966780896475     
       34000  -6079.5041237770947     
       34050  -6083.0026542280848     
       34100  -6086.4909250589826     
       34150  -6089.9701217701258     
       34200  -6093.4430846296864     
       34250  -6096.9062794189704     
       34300  -6100.3593774304427     
       34350  -6103.8033398804582     
       34400  -6107.2377217729418     
       34450  -6110.6621344872183     
       34500  -6114.0824750567035     
       34550  -6117.4954210362775     
       34600  -6120.8985030101294     
       34650  -6124.2952875961173     
       34700  -6127.6875614358014     
       34750  -6131.0801252224828     
       34800  -6134.4683786652504     
       34850  -6137.8482817377062     
       34900  -6141.2187853605546     
       34950  -6144.5796451962124     
       35000  -6147.9309025751982     
       35050  -6151.2794172583681     
       35100  -6154.6295013580002     
       35150  -6157.9700546351578     
       35200  -6161.3017763155913     
       35250  -6164.6390864415462     
       35300  -6167.9747788392497     
       35350  -6171.3032290784176     
       35400  -6174.6255033029138     
       35450  -6177.9411556979185     
       35500  -6181.2474682270213     
       35550  -6184.5522552031780     
       35600  -6187.8524717611390     
       35650  -6191.1627476521180     
       35700  -6194.4705439617655     
       35750  -6197.7784359319166     
       35800  -6201.0906329484305     
       35850  -6204.3940754076239     
       35900  -6207.6883160772377     
       35950  -6210.9733933513862     
       36000  -6214.2493454108844     
       36050  -6217.5234762060200     
       36100  -6220.7889530719494     
       36150  -6224.0453968068523     
       36200  -6227.2928448408302     
       36250  -6230.5313343974740     
       36300  -6233.7630115936472     
       36350  -6236.9924679682908     
       36400  -6240.2130522100369     
       36450  -6243.4280460856799     
       36500  -6246.6405227438236     
       36550  -6249.8482622713300     
       36600  -6253.0525898727110     
       36650  -6256.2526263460231     
       36700  -6259.4459671895065     
       36750  -6262.6367883223747     
       36800  -6265.8450743287322     
       36850  -6269.0450593830938     
       36900  -6272.2364173732294     
       36950  -6275.4191383999287     
       37000  -6278.5935273832874     
       37050  -6281.7635713262816     
       37100  -6284.9338156468239     
       37150  -6288.0992691355241     
       37200  -6291.2711383831111     
       37250  -6294.4718040225089     
       37300  -6297.6711060546022     
       37350  -6300.8618423516709     
       37400  -6304.0440472682658     
       37450  -6307.2180216634370     
       37500  -6310.3840056066792     
       37550  -6313.5415581679163     
       37600  -6316.6907129829797     
       37650  -6319.8315035090254     
       37700  -6322.9639630257179     
       37750  -6326.0881246364070     
       37800  -6329.2040212692891     
       37850  -6332.3246423840365     
       37900  -6335.4384674046723     
       37950  -6338.5449592064897     
       38000  -6341.6478472391309     
       38050  -6344.7425805069033     
       38100  -6347.8291911151800     
       38150  -6350.9084811032244     
       38200  -6353.9945568513458     
       38250  -6357.0782042674100     
       38300  -6360.1538128836364     
       38350  -6363.2214906560948     
       38400  -6366.2830168014107     
       38450  -6369.3392539374445     
       38500  -6372.3907271694870     
       38550  -6375.4361055746349     
       38600  -6378.4735943984233     
       38650  -6381.5084226548734     
       38700  -6384.5420165685582     
       38750  -6387.5720469635817     
       38800  -6390.5960783630226     
       38850  -6393.6128616961596     
       38900  -6396.6218898022198     
       38950  -6399.6261247653365     
       39000  -6402.6369804029027     
       39050  -6405.6458102385932     
       39100  -6408.6765110456263     
       39150  -6411.6995789947277     
       39200  -6414.7173872531121     
       39250  -6417.7284541783356     
       39300  -6420.7318593556574     
       39350  -6423.7276319912326     
       39400  -6426.7171764971044     
       39450  -6429.7013840981535     
       39500  -6432.6780367432502     
       39550  -6435.6502238515541     
       39600  -6438.6159794831965     
       39650  -6441.5785127011986     
       39700  -6444.5376418488522     
       39750  -6447.4895797404397     
       39800  -6450.4424083280328     
       39850  -6453.3995775484600     
       39900  -6456.3493353172062     
       39950  -6459.2917107483854     
       40000  -6462.2267931950637     
       40050  -6465.1571752165555     
       40100  -6468.0822348330639     
       40150  -6471.0146278747861     
       40200  -6473.9707243286584     
       40250  -6476.9194764435151     
       40300  -6479.8609115556055     
       40350  -6482.8006774677388     
       40400  -6485.7384779505810     
       40450  -6488.6690211921596     
       40500  -6491.5923285245008     
       40550  -6494.5084267142220     
       40600  -6497.4193946453579     
       40650  -6500.3292717195973     
       40700  -6503.2326066122005     
       40750  -6506.1305321522350     
       40800  -6509.0220892022080     
       40850  -6511.9071329508688     
       40900  -6514.7851718882939     
       40950  -6517.6561826476063     
       41000  -6520.5227366427716     
       41050  -6523.3827214704688     
       41100  -6526.2367607134329     
       41150  -6529.0838642595727     
       41200  -6531.9240573602128     
       41250  -6534.7597676102432     
       41300  -6537.5900246735810     
       41350  -6540.4136216730021     
       41400  -6543.2303983898155     
       41450  -6546.0447635645041     
       41500  -6548.8557876041014     
       41550  -6551.6600462428823     
       41600  -6554.4575638753195     
       41650  -6557.2549861339576     
       41700  -6560.0530850480645     
       41750  -6562.8444819288443     
       41800  -6565.6292008266564     
       41850  -6568.4073942671475     
       41900  -6571.1898452816140     
       41950  -6573.9820520757003     
       42000  -6576.7676107583720     
       42050  -6579.5467120154735     
       42100  -6582.3192835558775     
       42150  -6585.0857319299030     
       42200  -6587.8496376837174     
       42250  -6590.6085364674964     
       42300  -6593.3657051200817     
       42350  -6596.1391705220476     
       42400  -6598.9253102548837     
       42450  -6601.7052514625220     
       42500  -6604.4789847172779     
       42550  -6607.2525144454694     
       42600  -6610.0216373743806     
       42650  -6612.7846711160546     
       42700  -6615.5413477217389     
       42750  -6618.2915759610942     
       42800  -6621.0353784335357     
       42850  -6623.7792615323197     
       42900  -6626.5337701244134     
       42950  -6629.2821491223431     
       43000  -6632.0297714808958     
       43050  -6634.7783657419368     
       43100  -6637.5206249884586     
       43150  -6640.2565299180478     
       43200  -6642.9861017343737     
       43250  -6645.7093624019908     
       43300  -6648.4287308750781     
       43350  -6651.1503152701089     
       43400  -6653.8726816754006     
       43450  -6656.5913249681871     
       43500  -6659.3134237699142     
       43550  -6662.0292720577454     
       43600  -6664.7388913357418     
       43650  -6667.4570666806148     
       43700  -6670.1915072499223     
       43750  -6672.9239247821633     
       43800  -6675.6538530998405     
       43850  -6678.3780664804035     
       43900  -6681.0960743635169     
       43950  -6683.8078979283528     
       44000  -6686.5135582578141     
       44050  -6689.2130763390805     
       44100  -6691.9134304173822     
       44150  -6694.6119148991020     
       44200  -6697.3044196102765     
       44250  -6699.9908684769607     
       44300  -6702.6712531249850     
       44350  -6705.3455940646700     
       44400  -6708.0139117139506     
       44450  -6710.6804970971752     
       44500  -6713.3664194786679     
       44550  -6716.0463128536931     
       44600  -6718.7265416983091     
       44650  -6721.4010318363680     
       44700  -6724.0695387750138     
       44750  -6726.7353051682949     
       44800  -6729.3972526224152     
       44850  -6732.0532648536719     
       44900  -6734.7067111189308     
       44950  -6737.3556988348437     
       45000  -6740.0016570874704     
       45050  -6742.6432292155650     
       45100  -6745.2789602032171     
       45150  -6747.9088534699667     
       45200  -6750.5348768913782     
       45250  -6753.1582310348904     
       45300  -6755.7806828774992     
       45350  -6758.3990469093442     
       45400  -6761.0166126291124     
       45450  -6763.6284191283748     
       45500  -6766.2344853935738     
       45550  -6768.8348303277835     
       45600  -6771.4294727511733     
       45650  -6774.0184314014550     
       45700  -6776.6017249343413     
       45750  -6779.1810648539495     
       45800  -6781.7556441903525     
       45850  -6784.3246083046488     
       45900  -6786.8879755472353     
       45950  -6789.4457641886420     
       46000  -6791.9979924199579     
       46050  -6794.5446783532689     
       46100  -6797.0858400220823     
       46150  -6799.6215887889739     
       46200  -6802.1523387793486     
       46250  -6804.6776168778515     
       46300  -6807.1974408119959     
       46350  -6809.7118282327974     
       46400  -6812.2207967151917     
       46450  -6814.7276387006696     
       46500  -6817.2364557671608     
       46550  -6819.7428835356732     
       46600  -6822.2439327038237     
       46650  -6824.7396474988382     
       46700  -6827.2306638433456     
       46750  -6829.7163518106463     
       46800  -6832.1967284788707     
       46850  -6834.6859358597139     
       46900  -6837.1855013515342     
       46950  -6839.6889514534087     
       47000  -6842.1892164764649     
       47050  -6844.6882653873054     
       47100  -6847.1820084618166     
       47150  -6849.6704625796483     
       47200  -6852.1536445489255     
       47250  -6854.6315711066272     
       47300  -6857.1042589189638     
       47350  -6859.5717472424549     
       47400  -6862.0342902175908     
       47450  -6864.4916434288161     
       47500  -6866.9438232648608     
       47550  -6869.3908460455186     
       47600  -6871.8327280220155     
       47650  -6874.2694853773664     
       47700  -6876.7011342267306     
       47750  -6879.1276906177718     
       47800  -6881.5491705310069     
       47850  -6883.9918823599546     
       47900  -6886.4815143340302     
       47950  -6888.9803724573185     
       48000  -6891.4841745560161     
       48050  -6893.9830211412418     
       48100  -6896.4771877807871     
       48150  -6898.9664638207678     
       48200  -6901.4505753876365     
       48250  -6903.9295385367504     
       48300  -6906.4041306279623     
       48350  -6908.8736531862141     
       48400  -6911.3398685386137     
       48450  -6913.8017131640590     
       48500  -6916.2597465351200     
       48550  -6918.7132778903979     
       48600  -6921.1623266542874     
       48650  -6923.6076153842578     
       48700  -6926.0496404897312     
       48750  -6928.4866563129372     
       48800  -6930.9186782512588     
       48850  -6933.3457216390416     
       48900  -6935.7680114599543     
       48950  -6938.1861907740895     
       49000  -6940.6201687541270     
       49050  -6943.0639026488088     
       49100  -6945.5113157880742     
       49150  -6947.9537494499464     
       49200  -6950.3912188157565     
       49250  -6952.8318458566437     
       49300  -6955.2695469929549     
       49350  -6957.7023085119690     
       49400  -6960.1324219461421     
       49450  -6962.5699964896157     
       49500  -6965.0108343084485     
       49550  -6967.4467461175554     
       49600  -6969.8805492883203     
       49650  -6972.3122501912512     
       49700  -6974.7390583358256     
       49750  -6977.1609884740792     
       49800  -6979.5780552988026     
       49850  -6981.9902734438374     
       49900  -6984.4034683835944     
       49950  -6986.8213317463469     
       50000  -6989.2343593823744     
       50050  -6991.6436336964562     
       50100  -6994.0606951588679     
       50150  -6996.4942683053541     
       50200  -6998.9353657555848     
       50250  -7001.3716053004428     
       50300  -7003.8030014267215     
       50350  -7006.2295685636736     
       50400  -7008.6513210832909     
       50450  -7011.0682733005888     
       50500  -7013.4804394738931     
       50550  -7015.8878338051127     
       50600  -7018.2904704400262     
       50650  -7020.6902690530114     
       50700  -7023.0869560101864     
       50750  -7025.4793384081477     
       50800  -7027.8707448767491     
       50850  -7030.2611991856593     
       50900  -7032.6469571206817     
       50950  -7035.0293744999390     
       51000  -7037.4077513789362     
       51050  -7039.7814693414221     
       51100  -7042.1563165134585     
       51150  -7044.5268497894804     
       51200  -7046.8930670960381     
       51250  -7049.2558155633142     
       51300  -7051.6155423059345     
       51350  -7053.9706736702819     
       51400  -7056.3212230669951     
       51450  -7058.6685565163389     
       51500  -7061.0119576915931     
       51550  -7063.3508129867796     
       51600  -7065.6858723766709     
       51650  -7068.0164258597742     
       51700  -7070.3424715024848     
       51750  -7072.6660489877486     
       51800  -7074.9932394443822     
       51850  -7077.3159415876953     
       51900  -7079.6345952505126     
       51950  -7081.9526237222326     
       52000  -7084.2661944468928     
       52050  -7086.5780784793942     
       52100  -7088.8955290491458     
       52150  -7091.2126855260130     
       52200  -7093.5255909856160     
       52250  -7095.8340698318989     
       52300  -7098.1381347606939     
       52350  -7100.4377984193297     
       52400  -7102.7330885461461     
       52450  -7105.0240294126370     
       52500  -7107.3106065822394     
       52550  -7109.6088569872027     
       52600  -7111.9053442508202     
       52650  -7114.2085146875042     
       52700  -7116.5083129780314     
       52750  -7118.8037514613725     
       52800  -7121.0952505208579     
       52850  -7123.3827088928865     
       52900  -7125.6658431470105     
       52950  -7127.9470087464524     
       53000  -7130.2296023984327     
       53050  -7132.5078933291097     
       53100  -7134.7878262451586     
       53150  -7137.0659101860938     
       53200  -7139.3404238298317     
       53250  -7141.6106660864461     
       53300  -7143.8766489767258     
       53350  -7146.1383844763950     
       53400  -7148.3958845163270     
       53450  -7150.6493038608560     
       53500  -7152.8993880661292     
       53550  -7155.1452704334843     
       53600  -7157.3869627217955     
       53650  -7159.6244766461032     
       53700  -7161.8578238778136     
       53750  -7164.0878693112845     
       53800  -7166.3176531687341     
       53850  -7168.5432962947862     
       53900  -7170.7654398687137     
       53950  -7172.9891261992698     
       54000  -7175.2220467330162     
       54050  -7177.4610003218113     
       54100  -7179.6958153642317     
       54150  -7181.9455838976874     
       54200  -7184.2012304324226     
       54250  -7186.4527190933622     
       54300  -7188.7000613663431     
       54350  -7190.9432705514646     
       54400  -7193.1833119853873     
       54450  -7195.4196498890642     
       54500  -7197.6534903013489     
       54550  -7199.8832356807980     
       54600  -7202.1088972774996     
       54650  -7204.3304863003750     
       54700  -7206.5586540102477     
       54750  -7208.7851357258905     
       54800  -7211.0094437209482     
       54850  -7213.2372721093161     
       54900  -7215.4684523641854     
       54950  -7217.6969673983785     
       55000  -7219.9287407595921     
       55050  -7222.1569197948529     
       55100  -7224.3824992586733     
       55150  -7226.6050881522087     
       55200  -7228.8236506165886     
       55250  -7231.0381975832961     
       55300  -7233.2505640498957     
       55350  -7235.4589706607921     
       55400  -7237.6633909781667     
       55450  -7239.8638357855007     
       55500  -7242.0677732333334     
       55550  -7244.2693211565147     
       55600  -7246.4675205658987     
       55650  -7248.6617699314211     
       55700  -7250.8521752722600     
       55750  -7253.0419865504937     
       55800  -7255.2373601445979     
       55850  -7257.4290262921495     
       55900  -7259.6202065251637     
       55950  -7261.8085541364853     
       56000  -7263.9929939842150     
       56050  -7266.1735365262393     
       56100  -7268.3501921831621     
       56150  -7270.5229713384697     
       56200  -7272.6918843386975     
       56250  -7274.8571221052071     
       56300  -7277.0188083991088     
       56350  -7279.1766585150262     
       56400  -7281.3306826555608     
       56450  -7283.4808909871663     
       56500  -7285.6272936403084     
       56550  -7287.7699007096253     
       56600  -7289.9087222540857     
       56650  -7292.0437682971433     
       56700  -7294.1750853060012     
       56750  -7296.3029139679147     
       56800  -7298.4269964526056     
       56850  -7300.5473426444478     
       56900  -7302.6639623930705     
       56950  -7304.7768655135133     
       57000  -7306.8860617863756     
       57050  -7308.9915609579721     
       57100  -7311.0933727404754     
       57150  -7313.1915068120734     
       57200  -7315.2859728171125     
       57250  -7317.3795503215642     
       57300  -7319.4802085879892     
       57350  -7321.5773207672273     
       57400  -7323.6707794409267     
       57450  -7325.7617396781634     
       57500  -7327.8495018308531     
       57550  -7329.9336362473950     
       57600  -7332.0146130072008     
       57650  -7334.0961221875923     
       57700  -7336.1740238997327     
       57750  -7338.2483275136710     
       57800  -7340.3190423670312     
       57850  -7342.3861777651564     
       57900  -7344.4497429812473     
       57950  -7346.5097964835995     
       58000  -7348.5751571277315     
       58050  -7350.6457973394499     
       58100  -7352.7128736265349     
       58150  -7354.7782177103491     
       58200  -7356.8411387673168     
       58250  -7358.9012513806601     
       58300  -7360.9578303531580     
       58350  -7363.0108847687188     
       58400  -7365.0662486042238     
       58450  -7367.1199338679498     
       58500  -7369.1722040014365     
       58550  -7371.2240502563227     
       58600  -7373.2816992748340     
       58650  -7375.3358399403714     
       58700  -7377.3874875387091     
       58750  -7379.4428872071467     
       58800  -7381.4976442369843     
       58850  -7383.5489097510545     
       58900  -7385.5966926411611     
       58950  -7387.6410017689441     
       59000  -7389.6818459660017     
       59050  -7391.7192340340207     
       59100  -7393.7531747449029     
       59150  -7395.7836768408897     
       59200  -7397.8107490346865     
       59250  -7399.8344000095913     
       59300  -7401.8546384196143     
       59350  -7403.8714728896039     
       59400  -7405.8849120153673     
       59450  -7407.8949643637961     
       59500  -7409.9016384729839     
       59550  -7411.9049428523485     
       59600  -7413.9048859827553     
       59650  -7415.9014763166315     
       59700  -7417.8954802169774     
       59750  -7419.8861952108955     
       59800  -7421.8737314989512     
       59850  -7423.8581231562521     
       59900  -7425.8392019727225     
       59950  -7427.8169762373727     
       60000  -7429.7914542115814     
       60050  -7431.7626441292141     
       60100  -7433.7305541967335     
       60150  -7435.6951925933181     
       60200  -7437.6565674709718     
       60250  -7439.6146869546374     
       60300  -7441.5695591423100     
       60350  -7443.5211921051487     
       60400  -7445.4706917956728     
       60450  -7447.4184814121145     
       60500  -7449.3630515415871     
       60550  -7451.3044101596970     
       60600  -7453.2425652157317     
       60650  -7455.1775246327625     
       60700  -7457.1092963077554     
       60750  -7459.0382225395451     
       60800  -7460.9650343459680     
       60850  -7462.8886796580509     
       60900  -7464.8091662750394     
       60950  -7466.7265019705892     
       61000  -7468.6408235391282     
       61050  -7470.5551040195223     
       61100  -7472.4662514713073     
       61150  -7474.3742735797523     
       61200  -7476.2791780050138     
       61250  -7478.1809723822344     
       61300  -7480.0796643216454     
       61350  -7481.9752614086692     
       61400  -7483.8677712040208     
       61450  -7485.7572012438059     
       61500  -7487.6435590396241     
       61550  -7489.5268520786658     
       61600  -7491.4070878238135     
       61650  -7493.2842737137371     
       61700  -7495.1584171629966     
       61750  -7497.0306979935140     
       61800  -7498.9003191853390     
       61850  -7500.7669175458104     
       61900  -7502.6305004000451     
       61950  -7504.4910750495119     
       62000  -7506.3486487721239     
       62050  -7508.2034763788115     
       62100  -7510.0555278571992     
       62150  -7511.9045993653890     
       62200  -7513.7509521358052     
       62250  -7515.5945081056425     
       62300  -7517.4351049166189     
       62350  -7519.2727496878024     
       62400  -7521.1155519657377     
       62450  -7522.9599573786227     
       62500  -7524.8014117428465     
       62550  -7526.6399221352658     
       62600  -7528.4754956101242     
       62650  -7530.3187656955579     
       62700  -7532.1590959562945     
       62750  -7533.9964934198024     
       62800  -7535.8309650911706     
       62850  -7537.6625179531975     
       62900  -7539.4911589664771     
       62950  -7541.3232772380006     
       63000  -7543.1565783631077     
       63050  -7544.9915029129625     
       63100  -7546.8235194999806     
       63150  -7548.6526350314380     
       63200  -7550.4792228925826     
       63250  -7552.3033889533754     
       63300  -7554.1246732352402     
       63350  -7555.9436737311362     
       63400  -7557.7616946896469     
       63450  -7559.5846941034652     
       63500  -7561.4185735075034     
       63550  -7563.2497507988091     
       63600  -7565.0789176291310     
       63650  -7566.9076604848797     
       63700  -7568.7391421139901     
       63750  -7570.5682382430505     
       63800  -7572.3945462052407     
       63850  -7574.2188988302387     
       63900  -7576.0444941403430     
       63950  -7577.8681705121408     
       64000  -7579.6889973896077     
       64050  -7581.5069814460321     
       64100  -7583.3221293338820     
       64150  -7585.1344476848835     
       64200  -7586.9439431101055     
       64250  -7588.7506222000347     
       64300  -7590.5564447568931     
       64350  -7592.3601468002435     
       64400  -7594.1610480640229     
       64450  -7595.9591550667255     
       64500  -7597.7544743066337     
       64550  -7599.5470122618945     
       64600  -7601.3367753905995     
       64650  -7603.1237701308610     
       64700  -7604.9080029008901     
       64750  -7606.6894800990731     
       64800  -7608.4682081040492     
       64850  -7610.2441932747852     
       64900  -7612.0174419506511     
       64950  -7613.7879604514956     
       65000  -7615.5557550777239     
       65050  -7617.3208321103684     
       65100  -7619.0846651044285     
       65150  -7620.8484046069871     
       65200  -7622.6094610771634     
       65250  -7624.3688177943977     
       65300  -7626.1261087507291     
       65350  -7627.8870235633240     
       65400  -7629.6456484887067     
       65450  -7631.4033342161792     
       65500  -7633.1584092224321     
       65550  -7634.9108067687202     
       65600  -7636.6605507460017     
       65650  -7638.4078336466737     
       65700  -7640.1524570604342     
       65750  -7641.8944270545544     
       65800  -7643.6337496778633     
       65850  -7645.3704309608174     
       65900  -7647.1044769155733     
       65950  -7648.8358935360529     
       66000  -7650.5646867980167     
       66050  -7652.2908626591307     
       66100  -7654.0144270590317     
       66150  -7655.7355914985528     
       66200  -7657.4552962434318     
       66250  -7659.1822840808682     
       66300  -7660.9077164665005     
       66350  -7662.6316800701270     
       66400  -7664.3553381042902     
       66450  -7666.0764022211706     
       66500  -7667.7948782717103     
       66550  -7669.5107720892656     
       66600  -7671.2250970484629     
       66650  -7672.9394387989987     
       66700  -7674.6512103220221     
       66750  -7676.3604173933263     
       66800  -7678.0670657714090     
       66850  -7679.7711611975437     
       66900  -7681.4727093958363     
       66950  -7683.1717160732942     
       67000  -7684.8681869198908     
       67050  -7686.5621276086249     
       67100  -7688.2541344759620     
       67150  -7689.9464780600656     
       67200  -7691.6373319624036     
       67250  -7693.3256715838461     
       67300  -7695.0115025282885     
       67350  -7696.6948303829840     
       67400  -7698.3756607186069     
       67450  -7700.0539990893139     
       67500  -7701.7307537534107     
       67550  -7703.4053769733846     
       67600  -7705.0775229400742     
       67650  -7706.7471971462810     
       67700  -7708.4144050685791     
       67750  -7710.0791521673764     
       67800  -7711.7414438869710     
       67850  -7713.4015842195113     
       67900  -7715.0627105301110     
       67950  -7716.7213922103783     
       68000  -7718.3776346528803     
       68050  -7720.0314432343357     
       68100  -7721.6828233156721     
       68150  -7723.3317802420825     
       68200  -7724.9816739248954     
       68250  -7726.6295284416046     
       68300  -7728.2749702869869     
       68350  -7729.9180047558575     
       68400  -7731.5586371275513     
       68450  -7733.1968726659779     
       68500  -7734.8327166196768     
       68550  -7736.4661742218750     
       68600  -7738.1032672427309     
       68650  -7739.7423292091726     
       68700  -7741.3790053503362     
       68750  -7743.0133008716584     
       68800  -7744.6452209634435     
       68850  -7746.2747708009192     
       68900  -7747.9019555442919     
       68950  -7749.5270185506033     
       69000  -7751.1517654814361     
       69050  -7752.7758666044638     
       69100  -7754.3976173640713     
       69150  -7756.0170228586603     
       69200  -7757.6340881718997     
       69250  -7759.2493294536907     
       69300  -7760.8630060082387     
       69350  -7762.4843714875715     
       69400  -7764.1218330736165     
       69450  -7765.7581027020951     
       69500  -7767.4102690225591     
       69550  -7769.0604711146207     
       69600  -7770.7101744910506     
       69650  -7772.3593965949240     
       69700  -7774.0083598226465     
       69750  -7775.6556420955412     
       69800  -7777.3025084982810     
       69850  -7778.9474710735594     
       69900  -7780.5906576067728     
       69950  -7782.2314950527343     
       70000  -7783.8699884452017     
       70050  -7785.5061428035615     
       70100  -7787.1399631328786     
       70150  -7788.7714544239507     
       70200  -7790.4006216533544     
       70250  -7792.0274697834993     
       70300  -7793.6520037626769     
       70350  -7795.2746842646275     
       70400  -7796.8971881379739     
       70450  -7798.5188216330607     
       70500  -7800.1381549387916     
       70550  -7801.7572096366921     
       70600  -7803.3831516972687     
       70650  -7805.0067923536535     
       70700  -7806.6292223079090     
       70750  -7808.2495972570841     
       70800  -7809.8677694064263     
       70850  -7811.4837761071149     
       70900  -7813.0975035317797     
       70950  -7814.7089564991866     
       71000  -7816.3181398145271     
       71050  -7817.9250582694658     
       71100  -7819.5323706880563     
       71150  -7821.1380871041647     
       71200  -7822.7415483005880     
       71250  -7824.3435621396193     
       71300  -7825.9469851818167     
       71350  -7827.5483480894945     
       71400  -7829.1480884983966     
       71450  -7830.7457419285656     
       71500  -7832.3412919632392     
       71550  -7833.9350074174154     
       71600  -7835.5271928196507     
       71650  -7837.1171560510520     
       71700  -7838.7091232925923     
       71750  -7840.2988717644575     
       71800  -7841.8870649076553     
       71850  -7843.4732555211085     
       71900  -7845.0575995562685     
       71950  -7846.6399436785396     
       72000  -7848.2296567354360     
       72050  -7849.8283859936510     
       72100  -7851.4249932573712     
       72150  -7853.0194688171887     
       72200  -7854.6117359621030     
       72250  -7856.2017992770598     
       72300  -7857.7913294246828     
       72350  -7859.3799322526265     
       72400  -7860.9669220239257     
       72450  -7862.5518056803685     
       72500  -7864.1345032903891     
       72550  -7865.7150193737243     
       72600  -7867.2933584376615     
       72650  -7868.8695249770781     
       72700  -7870.4454999958261     
       72750  -7872.0228201266073     
       72800  -7873.5982453959205     
       72850  -7875.1743845110786     
       72900  -7876.7501356894245     
       72950  -7878.3237268250305     
       73000  -7879.8951623563416     
       73050  -7881.4649025314557     
       73100  -7883.0351772688509     
       73150  -7884.6033053558876     
       73200  -7886.1695218009736     
       73250  -7887.7497857719709     
       73300  -7889.3352570103361     
       73350  -7890.9185667337215     
       73400  -7892.4997193593899     
       73450  -7894.0787192925809     
       73500  -7895.6555709265422     
       73550  -7897.2302786425780     
       73600  -7898.8028468100874     
       73650  -7900.3732797866014     
       73700  -7901.9429157899785     
       73750  -7903.5106404681146     
       73800  -7905.0793416683782     
       73850  -7906.6512515798959     
       73900  -7908.2218199080562     
       73950  -7909.7902644115666     
       74000  -7911.3597243531958     
       74050  -7912.9271953701182     
       74100  -7914.4925510415378     
       74150  -7916.0557956466455     
       74200  -7917.6169334530923     
       74250  -7919.1798010582252     
       74300  -7920.7431183824456     
       74350  -7922.3043330606333     
       74400  -7923.8634493319969     
       74450  -7925.4204720081261     
       74500  -7926.9754333067012     
       74550  -7928.5283088087654     
       74600  -7930.0800257484862     
       74650  -7931.6307468750601     
       74700  -7933.1793920697392     
       74750  -7934.7260448590469     
       74800  -7936.2717052757989     
       74850  -7937.8206612738713     
       74900  -7939.3708325706948     
       74950  -7940.9201560137826     
       75000  -7942.4689279310887     
       75050  -7944.0173529804370     
       75100  -7945.5637162121420     
       75150  -7947.1080217416093     
       75200  -7948.6502736732982     
       75250  -7950.1904761007600     
       75300  -7951.7286331066698     
       75350  -7953.2647611960883     
       75400  -7954.7994608039808     
       75450  -7956.3321263500993     
       75500  -7957.8660135133905     
       75550  -7959.3978703826206     
       75600  -7960.9277009861507     
       75650  -7962.4555093416920     
       75700  -7963.9812994563408     
       75750  -7965.5050753266132     
       75800  -7967.0268409384826     
       75850  -7968.5466002674084     
       75900  -7970.0644184902576     
       75950  -7971.5811966238662     
       76000  -7973.0959789967728     
       76050  -7974.6087695453898     
       76100  -7976.1195721957820     
       76150  -7977.6283908637051     
       76200  -7979.1352294546359     
       76250  -7980.6462826942106     
       76300  -7982.1642025941810     
       76350  -7983.6801343868829     
       76400  -7985.1940819756664     
       76450  -7986.7060492536739     
       76500  -7988.2160401038664     
       76550  -7989.7240583990624     
       76600  -7991.2301080019670     
       76650  -7992.7341927652069     
       76700  -7994.2363165313636     
       76750  -7995.7364831330033     
       76800  -7997.2359171350035     
       76850  -7998.7352299413169     
       76900  -8000.2327007952381     
       76950  -8001.7284768461914     
       77000  -8003.2223103308452     
       77050  -8004.7142050309640     
       77100  -8006.2041647185006     
       77150  -8007.6924320163362     
       77200  -8009.1802378436532     
       77250  -8010.6661177087344     
       77300  -8012.1500753488936     
       77350  -8013.6321144917802     
       77400  -8015.1122388554122     
       77450  -8016.5909270600705     
       77500  -8018.0696057018240     
       77550  -8019.5484099935020     
       77600  -8021.0263130311350     
       77650  -8022.5126633624495     
       77700  -8024.0006926487558     
       77750  -8025.4868813277608     
       77800  -8026.9711597385403     
       77850  -8028.4535315617659     
       77900  -8029.9415755938680     
       77950  -8031.4333622234763     
       78000  -8032.9232363061228     
       78050  -8034.4112015174269     
       78100  -8035.8972615235953     
       78150  -8037.3814199814515     
       78200  -8038.8645234102150     
       78250  -8040.3459690802856     
       78300  -8041.8263084924847     
       78350  -8043.3054274309443     
       78400  -8044.7840611810816     
       78450  -8046.2671904031122     
       78500  -8047.7534792633496     
       78550  -8049.2386973701205     
       78600  -8050.7220258864245     
       78650  -8052.2034684160581     
       78700  -8053.6830285536589     
       78750  -8055.1607098847362     
       78800  -8056.6365159856978     
       78850  -8058.1104504238801     
       78900  -8059.5825167575786     
       78950  -8061.0527695833207     
       79000  -8062.5214349614826     
       79050  -8063.9883008800725     
       79100  -8065.4534801134669     
       79150  -8066.9290392578450     
       79200  -8068.4030347905182     
       79250  -8069.8751703919206     
       79300  -8071.3454495802062     
       79350  -8072.8138758646628     
       79400  -8074.2804527457383     
       79450  -8075.7470536795818     
       79500  -8077.2123015420657     
       79550  -8078.6757074839179     
       79600  -8080.1372749760949     
       79650  -8081.5970074808365     
       79700  -8083.0549084516952     
       79750  -8084.5121729212369     
       79800  -8085.9705971938502     
       79850  -8087.4271950115190     
       79900  -8088.8835157492613     
       79950  -8090.3382664558785     
       80000  -8091.7914982484954     
       80050  -8093.2432139732982     
       80100  -8094.6940421253521     
       80150  -8096.1513441733259     
       80200  -8097.6079009805826     
       80250  -8099.0626427637799     
       80300  -8100.5155729133749     
       80350  -8101.9678965694629     
       80400  -8103.4189790343589     
       80450  -8104.8704648707280     
       80500  -8106.3209225975352     
       80550  -8107.7695796319431     
       80600  -8109.2169052398458     
       80650  -8110.6640871270538     
       80700  -8112.1111762998753     
       80750  -8113.5568982914847     
       80800  -8115.0008310232033     
       80850  -8116.4429778146232     
       80900  -8117.8833419771290     
       80950  -8119.3233350866103     
       81000  -8120.7686228117600     
       81050  -8122.2121273318198     
       81100  -8123.6547667517725     
       81150  -8125.0961887701105     
       81200  -8126.5358356381794     
       81250  -8127.9737106331804     
       81300  -8129.4098170242514     
       81350  -8130.8453929038824     
       81400  -8132.2794760708312     
       81450  -8133.7117985463528     
       81500  -8135.1423635709853     
       81550  -8136.5711743773154     
       81600  -8138.0015181317194     
       81650  -8139.4306443550740     
       81700  -8140.8692034779442     
       81750  -8142.3085861860773     
       81800  -8143.7462092576470     
       81850  -8145.1820759174007     
       81900  -8146.6161893822091     
       81950  -8148.0485528610943     
       82000  -8149.4791695552485     
       82050  -8150.9080426580640     
       82100  -8152.3354736096635     
       82150  -8153.7624069955618     
       82200  -8155.1877217440533     
       82250  -8156.6137282684185     
       82300  -8158.0448989230881     
       82350  -8159.4746027195015     
       82400  -8160.9029162068427     
       82450  -8162.3294973552065     
       82500  -8163.7543493142994     
       82550  -8165.1775454770232     
       82600  -8166.6024588487362     
       82650  -8168.0256481873321     
       82700  -8169.4471166198346     
       82750  -8170.8668672657122     
       82800  -8172.2849032368968     
       82850  -8173.7012276378073     
       82900  -8175.1158435653761     
       82950  -8176.5290990932372     
       83000  -8177.9413211753326     
       83050  -8179.3518428094058     
       83100  -8180.7606670648584     
       83150  -8182.1677970037072     
       83200  -8183.5736246734050     
       83250  -8184.9793186978741     
       83300  -8186.3833252145114     
       83350  -8187.7856472602225     
       83400  -8189.1863292557155     
       83450  -8190.5854063227289     
       83500  -8191.9828078483451     
       83550  -8193.3788638379920     
       83600  -8194.7732565736278     
       83650  -8196.1659823723421     
       83700  -8197.5602345861989     
       83750  -8198.9529548737937     
       83800  -8200.3445289599331     
       83850  -8201.7346051838304     
       83900  -8203.1231732955966     
       83950  -8204.5100873655392     
       84000  -8205.8953503473040     
       84050  -8207.2789651875064     
       84100  -8208.6609348257589     
       84150  -8210.0413174840978     
       84200  -8211.4201508885799     
       84250  -8212.7999731851614     
       84300  -8214.1803938835274     
       84350  -8215.5591780428313     
       84400  -8216.9394927364283     
       84450  -8218.3185243200805     
       84500  -8219.7023281361708     
       84550  -8221.0924519051587     
       84600  -8222.4809366509871     
       84650  -8223.8751502759569     
       84700  -8225.2691206579766     
       84750  -8226.6614462371854     
       84800  -8228.0521299230222     
       84850  -8229.4411746180685     
       84900  -8230.8285832180682     
       84950  -8232.2162506887507     
       85000  -8233.6031754747946     
       85050  -8234.9884695438650     
       85100  -8236.3727639428125     
       85150  -8237.7557280660239     
       85200  -8239.1405481358033     
       85250  -8240.5360716950636     
       85300  -8241.9299592360840     
       85350  -8243.3222136341137     
       85400  -8244.7157522922462     
       85450  -8246.1088968667973     
       85500  -8247.5015871876258     
       85550  -8248.8953663917364     
       85600  -8250.2875173491120     
       85650  -8251.6780429113242     
       85700  -8253.0684532066407     
       85750  -8254.4579675990208     
       85800  -8255.8462600085968     
       85850  -8257.2329353041259     
       85900  -8258.6179963094401     
       85950  -8260.0014458417972     
       86000  -8261.3832867119072     
       86050  -8262.7635217239458     
       86100  -8264.1421536755770     
       86150  -8265.5191853579654     
       86200  -8266.8946195558037     
       86250  -8268.2684590473273     
       86300  -8269.6407066043284     
       86350  -8271.0117505314302     
       86400  -8272.3845907863197     
       86450  -8273.7604332676692     
       86500  -8275.1348555157711     
       86550  -8276.5079090310319     
       86600  -8277.8800007690006     
       86650  -8279.2505090196792     
       86700  -8280.6194365226638     
       86750  -8281.9867860112354     
       86800  -8283.3525602123773     
       86850  -8284.7167618467938     
       86900  -8286.0793936289265     
       86950  -8287.4404582669758     
       87000  -8288.7999584629106     
       87050  -8290.1578969124967     
       87100  -8291.5142763053118     
       87150  -8292.8694882389209     
       87200  -8294.2243768857625     
       87250  -8295.5777126516332     
       87300  -8296.9294982047140     
       87350  -8298.2797362070742     
       87400  -8299.6331727163542     
       87450  -8300.9879587475516     
       87500  -8302.3423998106064     
       87550  -8303.6952938250433     
       87600  -8305.0466434399223     
       87650  -8306.3964512982511     
       87700  -8307.7447200370170     
       87750  -8309.0914522871899     
       87800  -8310.4366506737533     
       87850  -8311.7803178157101     
       87900  -8313.1224563261057     
       87950  -8314.4642846873194     
       88000  -8315.8065709129223     
       88050  -8317.1479024115069     
       88100  -8318.4878198586830     
       88150  -8319.8262172633786     
       88200  -8321.1630972106996     
       88250  -8322.4984622798911     
       88300  -8323.8323150443630     
       88350  -8325.1647166962939     
       88400  -8326.4958780231082     
       88450  -8327.8255343625551     
       88500  -8329.1627483013035     
       88550  -8330.4992761025187     
       88600  -8331.8342954073451     
       88650  -8333.1679475991605     
       88700  -8334.5016918929778     
       88750  -8335.8339333763215     
       88800  -8337.1646745877260     
       88850  -8338.4939180600049     
       88900  -8339.8277034868097     
       88950  -8341.1643587197650     
       89000  -8342.4995120929088     
       89050  -8343.8331661360444     
       89100  -8345.1653233732941     
       89150  -8346.4959863231197     
       89200  -8347.8251574983406     
       89250  -8349.1528394061370     
       89300  -8350.4804554224029     
       89350  -8351.8081239976909     
       89400  -8353.1343074850884     
       89450  -8354.4590083749590     
       89500  -8355.7826715170413     
       89550  -8357.1056262378115     
       89600  -8358.4279960429321     
       89650  -8359.7516957531116     
       89700  -8361.0749085787811     
       89750  -8362.3974968945931     
       89800  -8363.7191231400666     
       89850  -8365.0392784603919     
       89900  -8366.3579653098368     
       89950  -8367.6751861372159     
       90000  -8368.9914979379591     
       90050  -8370.3075257509372     
       90100  -8371.6220929337123     
       90150  -8372.9386586852652     
       90200  -8374.2542124969950     
       90250  -8375.5688231272725     
       90300  -8376.8819779318237     
       90350  -8378.1936793276254     
       90400  -8379.5039297263083     
       90450  -8380.8127315341699     
       90500  -8382.1200871521869     
       90550  -8383.4259989760376     
       90600  -8384.7304693961105     
       90650  -8386.0335007975173     
       90700  -8387.3350955601127     
       90750  -8388.6352560585074     
       90800  -8389.9339846620805     
       90850  -8391.2312862211711     
       90900  -8392.5272823614705     
       90950  -8393.8261079239219     
       91000  -8395.1284977297018     
       91050  -8396.4294571238333     
       91100  -8397.7289884615493     
       91150  -8399.0270940929167     
       91200  -8400.3237763628458     
       91250  -8401.6190376111081     
       91300  -8402.9128801723527     
       91350  -8404.2053063761141     
       91400  -8405.4963866039507     
       91450  -8406.7865538563601     
       91500  -8408.0753110899132     
       91550  -8409.3626606148555     
       91600  -8410.6486047363869     
       91650  -8411.9331457546759     
       91700  -8413.2162859648743     
       91750  -8414.4980276571332     
       91800  -8415.7783731166128     
       91850  -8417.0573246234944     
       91900  -8418.3348844530028     
       91950  -8419.6110548754095     
       92000  -8420.8858381560531     
       92050  -8422.1592365553497     
       92100  -8423.4312523288045     
       92150  -8424.7018877270311     
       92200  -8425.9711449957576     
       92250  -8427.2390263758462     
       92300  -8428.5055341033021     
       92350  -8429.7706704092889     
       92400  -8431.0353151061408     
       92450  -8432.2994689914922     
       92500  -8433.5622562239951     
       92550  -8434.8236790186438     
       92600  -8436.0837903244828     
       92650  -8437.3450264142430     
       92700  -8438.6049019472703     
       92750  -8439.8634191239289     
       92800  -8441.1205801398355     
       92850  -8442.3763871858828     
       92900  -8443.6308424482413     
       92950  -8444.8839481083814     
       93000  -8446.1365808621831     
       93050  -8447.3879645393790     
       93100  -8448.6411995700000     
       93150  -8449.8930892060598     
       93200  -8451.1436356128997     
       93250  -8452.3928409512046     
       93300  -8453.6407073770370     
       93350  -8454.8873156514219     
       93400  -8456.1325925010860     
       93450  -8457.3765367912547     
       93500  -8458.6191506597206     
       93550  -8459.8604362397145     
       93600  -8461.1004422134793     
       93650  -8462.3407164382261     
       93700  -8463.5867940924491     
       93750  -8464.8326232128802     
       93800  -8466.0772600407290     
       93850  -8467.3221353166991     
       93900  -8468.5690079494889     
       93950  -8469.8145534160922     
       94000  -8471.0587738343274     
       94050  -8472.3016713175075     
       94100  -8473.5432479744577     
       94150  -8474.7874900635961     
       94200  -8476.0307575655497     
       94250  -8477.2727059507906     
       94300  -8478.5133373175959     
       94350  -8479.7526537597932     
       94400  -8480.9906573667777     
       94450  -8482.2273502235166     
       94500  -8483.4627344105647     
       94550  -8484.6968120040783     
       94600  -8485.9296183341048     
       94650  -8487.1613263675572     
       94700  -8488.3917337589464     
       94750  -8489.6223559453301     
       94800  -8490.8522470183780     
       94850  -8492.0808414218718     
       94900  -8493.3150716204436     
       94950  -8494.5486042726297     
       95000  -8495.7808384693944     
       95050  -8497.0136378054631     
       95100  -8498.2464881296164     
       95150  -8499.4780427624155     
       95200  -8500.7083037453885     
       95250  -8501.9372731157837     
       95300  -8503.1649529065653     
       95350  -8504.3913451464377     
       95400  -8505.6164518598544     
       95450  -8506.8402750670248     
       95500  -8508.0684624169608     
       95550  -8509.2955994914391     
       95600  -8510.5214529497298     
       95650  -8511.7460248048228     
       95700  -8512.9707403117663     
       95750  -8514.1956308871286     
       95800  -8515.4205022727801     
       95850  -8516.6453663621887     
       95900  -8517.8689532210556     
       95950  -8519.0912648460944     
       96000  -8520.3123088308130     
       96050  -8521.5352202614013     
       96100  -8522.7568591514810     
       96150  -8523.9772274862917     
       96200  -8525.1968443435308     
       96250  -8526.4166616620496     
       96300  -8527.6368188245142     
       96350  -8528.8557226631401     
       96400  -8530.0734795235130     
       96450  -8531.2899738054930     
       96500  -8532.5052074716368     
       96550  -8533.7191824804358     
       96600  -8534.9319007863269     
       96650  -8536.1433643397031     
       96700  -8537.3570080482750     
       96750  -8538.5696163566936     
       96800  -8539.7809719705801     
       96850  -8540.9910768300888     
       96900  -8542.1999328713719     
       96950  -8543.4116096476064     
       97000  -8544.6224889974474     
       97050  -8545.8321206612000     
       97100  -8547.0411779326150     
       97150  -8548.2493263854049     
       97200  -8549.4563555793775     
       97250  -8550.6626602129236     
       97300  -8551.8677465817800     
       97350  -8553.0716130258170     
       97400  -8554.2742727646637     
       97450  -8555.4756983734569     
       97500  -8556.6759231890392     
       97550  -8557.8756717654433     
       97600  -8559.0741910912566     
       97650  -8560.2714830547284     
       97700  -8561.4686819854378     
       97750  -8562.6729647773445     
       97800  -8563.8762095614202     
       97850  -8565.0789098796322     
       97900  -8566.2803816990490     
       97950  -8567.4806269009896     
       98000  -8568.6798183349820     
       98050  -8569.8804674828207     
       98100  -8571.0832524293201     
       98150  -8572.2859207876063     
       98200  -8573.4873644326981     
       98250  -8574.6875852343837     
       98300  -8575.8865850586517     
       98350  -8577.0843657676942     
       98400  -8578.2809292199199     
       98450  -8579.4762772699578     
       98500  -8580.6704117686768     
       98550  -8581.8633345631861     
       98600  -8583.0550474968495     
       98650  -8584.2455524092911     
       98700  -8585.4348511364133     
       98750  -8586.6229455103930     
       98800  -8587.8098373597022     
       98850  -8588.9962825871135     
       98900  -8590.1816119173291     
       98950  -8591.3657433401877     
       99000  -8592.5496480084457     
       99050  -8593.7334947608779     
       99100  -8594.9161469151732     
       99150  -8596.0986632876229     
       99200  -8597.2800316271205     
       99250  -8598.4602096710641     
       99300  -8599.6391992174795     
       99350  -8600.8196722507237     
       99400  -8601.9997769589336     
       99450  -8603.1795586267690     
       99500  -8604.3581545843845     
       99550  -8605.5355666183859     
       99600  -8606.7120773758579     
       99650  -8607.8899985660046     
       99700  -8609.0668370121748     
       99750  -8610.2424956704290     
       99800  -8611.4189084102964     
       99850  -8612.5966007704501     
       99900  -8613.7731142593711     
       99950  -8614.9484506462541     
      100000  -8616.1226116967482     
