  0.26807163366400116       0.84047390544023792        6.7057216958011659E-002   2.2352405652670552E-002   78.250257601622451     
  0.33810032752273966        5.7299145812923953E-002   6.7057216958011659E-002   2.2352405652670552E-002   131.11248277340133     
  0.12895844083347704       0.37474705749526432        6.7057216958011659E-002   2.2352405652670552E-002   99.136661098625609     
  0.25282773118948432       0.55149352870178381        6.7057216958011659E-002   2.2352405652670552E-002   128.54688830975701     
  0.50897479209250640        4.5664197296425117E-002   6.7057216958011659E-002   2.2352405652670552E-002   92.909372661866556     
   7.6701378226101929E-002  0.99660156643668607        6.7057216958011659E-002   2.2352405652670552E-002   52.036814877357919     
  0.84442423739287076       0.40145271243547942        6.7057216958011659E-002   2.2352405652670552E-002   152.97974608991220     
  0.47626822138335501       0.62456288975072871        6.7057216958011659E-002   2.2352405652670552E-002   67.408205321849067     
  0.59626150582089466       0.63568597727626297        6.7057216958011659E-002   2.2352405652670552E-002   99.744107787613359     
   1.6403448951567132E-002  0.44170049105173675        6.7057216958011659E-002   2.2352405652670552E-002   39.842780421784305     
   4.5973149550947223E-002  0.59357980917002906        6.7057216958011659E-002   2.2352405652670552E-002   22.358730528732806     
  0.24897743024075478       0.20137863188982125        6.7057216958011659E-002   2.2352405652670552E-002   153.70971407989305     
   7.3629119088163192E-002  0.95352138381057583        6.7057216958011659E-002   2.2352405652670552E-002   40.001224968630879     
  0.52678416007042561       0.77728723239733866        6.7057216958011659E-002   2.2352405652670552E-002   139.70137947919650     
  0.17778842342645673       0.79176383355945690        6.7057216958011659E-002   2.2352405652670552E-002   82.567901740908454     
  0.90084817939069828       0.73885756498767119        6.7057216958011659E-002   2.2352405652670552E-002   12.686914269992949     
  0.93837300956328673       0.89884064329848790        6.7057216958011659E-002   2.2352405652670552E-002   139.23634719806236     
  0.42581014157918379       0.62108865573190608        6.7057216958011659E-002   2.2352405652670552E-002   81.232728047660501     
  0.55594090756726322        8.1271834933229842E-002   6.7057216958011659E-002   2.2352405652670552E-002   135.24974047030693     
  0.98597538834805976       0.97943903972108814        6.7057216958011659E-002   2.2352405652670552E-002   46.070991622300021     
  0.21394221586412207       0.41938195040468412        6.7057216958011659E-002   2.2352405652670552E-002   27.151306563923626     
  0.19075196479163925       0.66395117341830878        6.7057216958011659E-002   2.2352405652670552E-002   57.954098529228176     
  0.63118088741338596       0.60173562574357153        6.7057216958011659E-002   2.2352405652670552E-002   120.19446630800591     
  0.19083712167160369       0.50143771238071833        6.7057216958011659E-002   2.2352405652670552E-002   107.11334759585306     
  0.48356640576531390       0.68076398993284593        6.7057216958011659E-002   2.2352405652670552E-002   140.73621733234194     
  0.16561015466082057       0.15939711981491606        6.7057216958011659E-002   2.2352405652670552E-002   139.61037036351928     
  0.32988366113980822       0.23970240670087531        6.7057216958011659E-002   2.2352405652670552E-002   95.518689145840966     
  0.34985884173680171       0.46375941984982216        6.7057216958011659E-002   2.2352405652670552E-002   18.926764330256248     
  0.75902389898757983       0.23357938545451559        6.7057216958011659E-002   2.2352405652670552E-002   19.607668009890141     
  0.99648562525458551       0.32307081420597700        6.7057216958011659E-002   2.2352405652670552E-002   160.73826789984142     
  0.35372844760628325       0.93011010819280915        6.7057216958011659E-002   2.2352405652670552E-002   127.03672536561342     
  0.49840547953008940       0.88116376056349999        6.7057216958011659E-002   2.2352405652670552E-002  0.58848414105416835     
   9.8459597383190767E-002  0.10245464580698259        6.7057216958011659E-002   2.2352405652670552E-002   135.09075973309325     
  0.66390043656878972       0.25836989435922214        6.7057216958011659E-002   2.2352405652670552E-002   100.69466543339499     
   7.4725114438512694E-002  0.82647217630981895        6.7057216958011659E-002   2.2352405652670552E-002   69.776630006271205     
  0.16779830784669900       0.23198463280341283        6.7057216958011659E-002   2.2352405652670552E-002   60.176725953361817     
  0.30144901183581257        7.5336216751598628E-002   6.7057216958011659E-002   2.2352405652670552E-002   98.981022226338695     
  0.64405726443271505       0.95059312036192045        6.7057216958011659E-002   2.2352405652670552E-002   134.40810867803600     
  0.96261534133102000       0.29090555919099070        6.7057216958011659E-002   2.2352405652670552E-002   117.96293939782765     
  0.61933383096166683       0.45420686663438936        6.7057216958011659E-002   2.2352405652670552E-002   114.58784290587840     
   5.3789117174257974E-002  0.90988380290018112        6.7057216958011659E-002   2.2352405652670552E-002   45.371191108855996     
  0.56650827273409965       0.70120169327916282        6.7057216958011659E-002   2.2352405652670552E-002   175.45399634800370     
   8.9415896497830383E-002  0.48798539576848282        6.7057216958011659E-002   2.2352405652670552E-002   163.82152226978420     
  0.33258041193212151       0.66422784052219430        6.7057216958011659E-002   2.2352405652670552E-002   100.12569754881984     
   4.5697561876984663E-002  0.11745322161967438        6.7057216958011659E-002   2.2352405652670552E-002   155.26180070697006     
  0.27478951930865142       0.73500903343060175        6.7057216958011659E-002   2.2352405652670552E-002   101.41863063936289     
  0.91495213740083003       0.40024851455931154        6.7057216958011659E-002   2.2352405652670552E-002   34.047561676261360     
  0.31595105624563979       0.75885152180515969        6.7057216958011659E-002   2.2352405652670552E-002   76.288221629568767     
  0.17714545319665387       0.57632097351964595        6.7057216958011659E-002   2.2352405652670552E-002   24.837265345811634     
   7.3145663466947803E-003  0.68213901722166259        6.7057216958011659E-002   2.2352405652670552E-002   67.627946309920134     
  0.45585098198956503       0.97377578027553380        6.7057216958011659E-002   2.2352405652670552E-002   30.939405509200629     
   6.1214723253274095E-002  0.33932887543538204        6.7057216958011659E-002   2.2352405652670552E-002   9.5909250226005103     
  0.28749748758845334       0.79129878389907959        6.7057216958011659E-002   2.2352405652670552E-002   92.120013102051388     
  0.74783068269752340       0.57736577946893375        6.7057216958011659E-002   2.2352405652670552E-002   137.94941638861800     
  0.73575703545443150       0.70467691423481682        6.7057216958011659E-002   2.2352405652670552E-002   95.268108033476949     
  0.12910022492218720        1.8629065988801489E-002   6.7057216958011659E-002   2.2352405652670552E-002   96.813873196569844     
  0.60667459600015572       0.40102874931368726        6.7057216958011659E-002   2.2352405652670552E-002   155.37758379573683     
  0.71679623375073065        3.0040077095773400E-003   6.7057216958011659E-002   2.2352405652670552E-002   60.751619424618617     
  0.95929622442469886       0.72931211017929309        6.7057216958011659E-002   2.2352405652670552E-002   18.641505941994492     
  0.43089620844748694       0.13192546974357583        6.7057216958011659E-002   2.2352405652670552E-002   59.678056422916612     
  0.86584943421054716       0.85795276472094528        6.7057216958011659E-002   2.2352405652670552E-002   175.67121220382538     
  0.42524244782776016       0.28286029675928498        6.7057216958011659E-002   2.2352405652670552E-002   158.83136825667057     
  0.59961536851120478       0.26284353895562235        6.7057216958011659E-002   2.2352405652670552E-002   158.50464593288251     
  0.64762199299776435       0.86723821960618463        6.7057216958011659E-002   2.2352405652670552E-002   167.77836636694201     
  0.48802198585209844       0.41242919447316712        6.7057216958011659E-002   2.2352405652670552E-002   140.93916048287815     
  0.70114813027791267       0.87108925828991512        6.7057216958011659E-002   2.2352405652670552E-002   166.98579754391349     
  0.26308010954494088       0.11335436500537778        6.7057216958011659E-002   2.2352405652670552E-002   51.645863284309577     
  0.14308406513284219       0.94155020950717783        6.7057216958011659E-002   2.2352405652670552E-002   141.51514100320031     
  0.62733280021850391       0.16392258534205773        6.7057216958011659E-002   2.2352405652670552E-002   134.10608438729179     
  0.93381031526898817       0.55210957644014835        6.7057216958011659E-002   2.2352405652670552E-002   90.888669651717379     
  0.22533193237763563        3.4639793682379287E-003   6.7057216958011659E-002   2.2352405652670552E-002   164.47305039512426     
  0.65984972337597347        4.3155180053644916E-002   6.7057216958011659E-002   2.2352405652670552E-002   123.67191506182438     
  0.32129338258408824       0.34918328846898067        6.7057216958011659E-002   2.2352405652670552E-002   53.125108236276631     
  0.47318844786892555       0.84828378692753004        6.7057216958011659E-002   2.2352405652670552E-002   138.01985011048953     
  0.38108858018765657       0.84384237994103839        6.7057216958011659E-002   2.2352405652670552E-002   108.23746110321218     
  0.44796504270147003       0.34393492637893552        6.7057216958011659E-002   2.2352405652670552E-002   153.10959292311006     
  0.60823748153643031        2.9057669657637827E-002   6.7057216958011659E-002   2.2352405652670552E-002   128.69826045788457     
  0.86989633084330154       0.29993813768725081        6.7057216958011659E-002   2.2352405652670552E-002   128.11819644181369     
  0.81971210319340637       0.66236097901011060        6.7057216958011659E-002   2.2352405652670552E-002   46.602648553077657     
  0.75223010822178760       0.48103952419831453        6.7057216958011659E-002   2.2352405652670552E-002   100.96542195512953     
   7.3085081862393750E-002  0.68068661334075731        6.7057216958011659E-002   2.2352405652670552E-002   127.65434575761640     
   9.1106200937194320E-002  0.59122950821420461        6.7057216958011659E-002   2.2352405652670552E-002   37.605495060080237     
  0.53873796565119503       0.41903760902830994        6.7057216958011659E-002   2.2352405652670552E-002   155.57901342595747     
  0.45053750895694283       0.48959748100328804        6.7057216958011659E-002   2.2352405652670552E-002   146.29892257759738     
  0.90548953598673010       0.50535833360093818        6.7057216958011659E-002   2.2352405652670552E-002   160.75870071746854     
  0.64401092042258390       0.69542465318541191        6.7057216958011659E-002   2.2352405652670552E-002   101.44031914995384     
   8.5689310582164391E-002  0.15395356106985988        6.7057216958011659E-002   2.2352405652670552E-002   7.4075268347001550     
  0.94723676495027032       0.99449212180749835        6.7057216958011659E-002   2.2352405652670552E-002   100.15965582503506     
  0.70047719475839354       0.94156645324968025        6.7057216958011659E-002   2.2352405652670552E-002   35.499255814327270     
  0.55193435722702200       0.84391669847143180        6.7057216958011659E-002   2.2352405652670552E-002   44.865173163609448     
  0.98631643263478608       0.10048252080453449        6.7057216958011659E-002   2.2352405652670552E-002   92.224539713508392     
  0.39216476880666118       0.95562301251427695        6.7057216958011659E-002   2.2352405652670552E-002   60.156124324198146     
  0.40565860712946467       0.77810656213460017        6.7057216958011659E-002   2.2352405652670552E-002   135.72957376810430     
  0.30147350189520400       0.97952969831455139        6.7057216958011659E-002   2.2352405652670552E-002   147.59483602156914     
   7.2362006246471086E-002  0.20432252486286601        6.7057216958011659E-002   2.2352405652670552E-002   107.81466012087004     
  0.31979069960406492       0.58186859198062846        6.7057216958011659E-002   2.2352405652670552E-002   36.573462210942196     
  0.81615891418117459       0.32704612456939886        6.7057216958011659E-002   2.2352405652670552E-002   44.517569674175895     
  0.22396291328447296       0.33699877806762102        6.7057216958011659E-002   2.2352405652670552E-002   164.26454216357604     
  0.73470204297903630       0.63740219155919065        6.7057216958011659E-002   2.2352405652670552E-002   156.49553191015508     
  0.10439942072795273       0.85352261188542222        6.7057216958011659E-002   2.2352405652670552E-002   89.960450365505309     
  0.56340167480015302       0.46669134859853456        6.7057216958011659E-002   2.2352405652670552E-002   145.03289011670074     
  0.66917743621397863       0.77681915957402237        6.7057216958011659E-002   2.2352405652670552E-002   72.133434941685749     
  0.38760699701802559       0.56157414384154236        6.7057216958011659E-002   2.2352405652670552E-002   167.70278339029130     
  0.97168166730224237       0.24052246186695347        6.7057216958011659E-002   2.2352405652670552E-002   29.458505131291659     
  0.81098426409701929        5.4513159941002892E-002   6.7057216958011659E-002   2.2352405652670552E-002   171.08475027708513     
  0.90139723039174668       0.26507564666448924        6.7057216958011659E-002   2.2352405652670552E-002   76.168196962353193     
  0.49142902799484661       0.92552090404226872        6.7057216958011659E-002   2.2352405652670552E-002   161.47205854073400     
  0.88883767814897119       0.92920647283170210        6.7057216958011659E-002   2.2352405652670552E-002   129.13385038095399     
  0.52855497781521321       0.46858795408805198        6.7057216958011659E-002   2.2352405652670552E-002   122.24121675384390     
  0.32316661973910532       0.53507285043508934        6.7057216958011659E-002   2.2352405652670552E-002   32.150186557679369     
  0.47585892185941725       0.54339798879500367        6.7057216958011659E-002   2.2352405652670552E-002   4.5134019030440413     
  0.80034689560042982       0.69343243487497064        6.7057216958011659E-002   2.2352405652670552E-002   81.312148259735011     
  0.40008237073523994       0.23174904060519375        6.7057216958011659E-002   2.2352405652670552E-002   69.190198677204023     
  0.82632819248265421       0.24226572920053696        6.7057216958011659E-002   2.2352405652670552E-002   144.73656954365242     
  0.62453303909176416       0.78976011354953490        6.7057216958011659E-002   2.2352405652670552E-002   6.1792004505321563     
  0.89280557720385212       0.45079027512419478        6.7057216958011659E-002   2.2352405652670552E-002   29.104989717679157     
  0.69482329490593642       0.57222227604367859        6.7057216958011659E-002   2.2352405652670552E-002   140.92470404626795     
  0.95740047999613020       0.15599087369207296        6.7057216958011659E-002   2.2352405652670552E-002   82.533256400063081     
  0.89119852229574437       0.79531193335547301        6.7057216958011659E-002   2.2352405652670552E-002   37.044197203943860     
  0.12478000978301318       0.24433569356456816        6.7057216958011659E-002   2.2352405652670552E-002   55.671129865593294     
  0.97426169356901382       0.49688534921871608        6.7057216958011659E-002   2.2352405652670552E-002   167.22107723997513     
  0.81725164152048035        2.8392264840734784E-002   6.7057216958011659E-002   2.2352405652670552E-002   12.558663015945982     
  0.44108907808203790       0.38660584477413862        6.7057216958011659E-002   2.2352405652670552E-002   128.04259519261336     
  0.19624014928956177       0.75018070242194179        6.7057216958011659E-002   2.2352405652670552E-002   46.609356171356175     
  0.32203375984582566       0.85935899615116407        6.7057216958011659E-002   2.2352405652670552E-002   8.9859484805751695     
  0.26869348103131441       0.40475550701139118        6.7057216958011659E-002   2.2352405652670552E-002   78.357271962039221     
  0.79021690840294456       0.74103772519964006        6.7057216958011659E-002   2.2352405652670552E-002   80.360491075851826     
  0.37315878910873879       0.74838391528615456        6.7057216958011659E-002   2.2352405652670552E-002   125.11935127672966     
  0.28674935753163666       0.37793656698532069        6.7057216958011659E-002   2.2352405652670552E-002   44.787916069372031     
  0.17607239632222507        3.6573651965760533E-002   6.7057216958011659E-002   2.2352405652670552E-002   65.144870848075499     
  0.24844984250061056       0.95041537494638373        6.7057216958011659E-002   2.2352405652670552E-002   4.7309822878490637     
  0.52604909972947722       0.51696721041981153        6.7057216958011659E-002   2.2352405652670552E-002   5.4873613204926777     
  0.86986037620256285       0.69226947290406537        6.7057216958011659E-002   2.2352405652670552E-002   119.55600297183742     
  0.86797402229988574       0.82102737563435124        6.7057216958011659E-002   2.2352405652670552E-002   29.278612466846617     
  0.73430351187279375       0.90507282413237811        6.7057216958011659E-002   2.2352405652670552E-002   130.66439979079829     
  0.51034514018303567       0.13778007674396703        6.7057216958011659E-002   2.2352405652670552E-002   128.07214986818505     
   4.4802971560625633E-002  0.39085855930318131        6.7057216958011659E-002   2.2352405652670552E-002   14.976285115342698     
  0.90147736232056086       0.59550622936512643        6.7057216958011659E-002   2.2352405652670552E-002   177.19391020083910     
  0.21549972347797663       0.80049349550320692        6.7057216958011659E-002   2.2352405652670552E-002   114.95804861720377     
  0.16658381985482978       0.90292892093642330        6.7057216958011659E-002   2.2352405652670552E-002   25.635477285373753     
   4.1870148647093507E-002  0.98560299813935548        6.7057216958011659E-002   2.2352405652670552E-002   60.874180623472363     
  0.60255853562498252       0.96436135680330615        6.7057216958011659E-002   2.2352405652670552E-002   130.44040339413763     
  0.25365531889754445       0.47361379658871416        6.7057216958011659E-002   2.2352405652670552E-002   170.19716838689490     
  0.36353953876572698       0.60590611182275045        6.7057216958011659E-002   2.2352405652670552E-002   64.072799070825766     
  0.27701074189781821       0.68541222416656944        6.7057216958011659E-002   2.2352405652670552E-002   14.355832813422097     
  0.81472373718932156       0.77725241646730614        6.7057216958011659E-002   2.2352405652670552E-002   83.097113754253215     
  0.97916725661103465       0.60161491699425163        6.7057216958011659E-002   2.2352405652670552E-002   88.593000979351388     
  0.62566371969013301       0.35959768508673912        6.7057216958011659E-002   2.2352405652670552E-002   141.10171249771750     
   9.2812662426883491E-002  0.28363038760846293        6.7057216958011659E-002   2.2352405652670552E-002   116.64754490137162     
  0.82221167017146568       0.93506071828097681        6.7057216958011659E-002   2.2352405652670552E-002   53.122698103743296     
  0.65760931600667161       0.48489516905257479        6.7057216958011659E-002   2.2352405652670552E-002   110.37545778877750     
   9.8362607583786191E-002  0.55983107473289528        6.7057216958011659E-002   2.2352405652670552E-002   34.660683500654109     
  0.73130506098313730       0.11798298427672939        6.7057216958011659E-002   2.2352405652670552E-002   28.999515112935931     
  0.84425250290029807       0.48142718237646703        6.7057216958011659E-002   2.2352405652670552E-002   52.116635409143754     
  0.54056395913843835       0.89611478751855222        6.7057216958011659E-002   2.2352405652670552E-002   111.46769315691381     
   5.8983291971301576E-003  0.22282490603929916        6.7057216958011659E-002   2.2352405652670552E-002   81.856195320271226     
   8.8714836882781770E-002  0.75530051191817538        6.7057216958011659E-002   2.2352405652670552E-002   9.0620755265822730     
  0.68420766254777610       0.67901522767373579        6.7057216958011659E-002   2.2352405652670552E-002   102.54352140063389     
  0.86213324092390264       0.10977056750408366        6.7057216958011659E-002   2.2352405652670552E-002   11.777472124008987     
  0.85246933505865441       0.99632131732444229        6.7057216958011659E-002   2.2352405652670552E-002   4.2376609985722160     
  0.93107274553793640       0.32633677989158622        6.7057216958011659E-002   2.2352405652670552E-002   33.819865842670481     
  0.32431192443078083       0.13693092578669097        6.7057216958011659E-002   2.2352405652670552E-002   134.69930841095803     
  0.58428721300531783       0.76776754264284630        6.7057216958011659E-002   2.2352405652670552E-002   116.06975372225469     
  0.76977421409953761       0.89886902808568847        6.7057216958011659E-002   2.2352405652670552E-002   91.998508106858083     
  0.52688032471799640       0.97365985312115932        6.7057216958011659E-002   2.2352405652670552E-002   39.366244481006071     
  0.40989808218615920       0.46547282455020011        6.7057216958011659E-002   2.2352405652670552E-002   116.56020295229612     
  0.80426441010202976       0.95296050356103468        6.7057216958011659E-002   2.2352405652670552E-002   39.149373205237424     
   3.2121222340643359E-002  0.18625371187662373        6.7057216958011659E-002   2.2352405652670552E-002   52.113446849232062     
  0.62850012230803742       0.53855095170143974        6.7057216958011659E-002   2.2352405652670552E-002   170.41229421507799     
  0.15999829005443242       0.71421840733636688        6.7057216958011659E-002   2.2352405652670552E-002   102.67108944572630     
  0.30353222731512008       0.92363056962662071        6.7057216958011659E-002   2.2352405652670552E-002   11.283963163912700     
  0.54022747321023379       0.23789797022299877        6.7057216958011659E-002   2.2352405652670552E-002   99.379592466757330     
   3.4010118288388502E-003  0.90824361486012717        6.7057216958011659E-002   2.2352405652670552E-002   79.438483785964138     
  0.20312738384391535       0.23014713370902598        6.7057216958011659E-002   2.2352405652670552E-002   95.869658304807245     
  0.61934587622266235       0.31140143271513265        6.7057216958011659E-002   2.2352405652670552E-002   121.47451264100782     
  0.71699330394362604       0.76557013127760665        6.7057216958011659E-002   2.2352405652670552E-002   161.52986735572981     
  0.31420511273082091       0.30276948217085892        6.7057216958011659E-002   2.2352405652670552E-002   34.664800272559759     
  0.72996445933681864       0.41920169693185305        6.7057216958011659E-002   2.2352405652670552E-002   7.6154930923678510     
  0.54311662780349768       0.32439880169368102        6.7057216958011659E-002   2.2352405652670552E-002   164.84824535069097     
   4.5902101277224071E-002  0.64358280133743528        6.7057216958011659E-002   2.2352405652670552E-002   124.02904156710419     
  0.48552923196460340       0.18502515932164607        6.7057216958011659E-002   2.2352405652670552E-002   160.60161655356055     
   9.4975930672583225E-003   2.0867308433729286E-002   6.7057216958011659E-002   2.2352405652670552E-002   167.56328965671344     
  0.24754206465607298       0.88029084727563978        6.7057216958011659E-002   2.2352405652670552E-002   70.072893666194730     
  0.90447646280773886       0.14749982478289728        6.7057216958011659E-002   2.2352405652670552E-002   121.91195965861742     
  0.57867046454315518       0.92513921169019608        6.7057216958011659E-002   2.2352405652670552E-002   5.7779200892537865     
  0.88986098283817228       0.21844413680536970        6.7057216958011659E-002   2.2352405652670552E-002   143.24303637987845     
  0.69288802840536567       0.38543057564045458        6.7057216958011659E-002   2.2352405652670552E-002   9.0557748497188371     
  0.57846461942861449       0.59968435594537639        6.7057216958011659E-002   2.2352405652670552E-002   101.83132086678513     
  0.14145603078592689       0.61546207115680929        6.7057216958011659E-002   2.2352405652670552E-002   59.585535379485464     
  0.41962247372973255        7.7705086172419308E-002   6.7057216958011659E-002   2.2352405652670552E-002   149.83420328046535     
  0.40109934522465074       0.91345440122648258        6.7057216958011659E-002   2.2352405652670552E-002   47.919852870138122     
  0.22869756558877094        3.2082423514611692E-002   6.7057216958011659E-002   2.2352405652670552E-002   15.131452924652724     
  0.19881129772353931        8.5749158323872893E-002   6.7057216958011659E-002   2.2352405652670552E-002   9.4854226737566893     
  0.71748959225910502       0.28355069978806613        6.7057216958011659E-002   2.2352405652670552E-002   120.43310077712572     
  0.70936716734255156       0.20183555479312146        6.7057216958011659E-002   2.2352405652670552E-002   169.94751565416288     
  0.87331843340399995       0.57573626114200771        6.7057216958011659E-002   2.2352405652670552E-002   153.17866022707247     
  0.86451154178170531       0.54410224337286406        6.7057216958011659E-002   2.2352405652670552E-002   161.84096815832066     
  0.35792318239038368       0.67002901845714846        6.7057216958011659E-002   2.2352405652670552E-002   89.684491950637579     
  0.95366381856679194       0.79384785095472110        6.7057216958011659E-002   2.2352405652670552E-002   145.03283831653710     
   6.3796330905839860E-002   5.8978911834652412E-002   6.7057216958011659E-002   2.2352405652670552E-002   167.84425483400079     
