  0.26588940329204036       0.82852781698038891        1.7314098968093113E-002   5.7713663226977045E-003   90.836039296846536     
  0.34923301824382369        5.0768571888277117E-002   1.7314098968093113E-002   5.7713663226977045E-003   131.61196774850472     
  0.11669956221935272       0.35741992062867045        1.7314098968093113E-002   5.7713663226977045E-003   96.782104961564286     
  0.24747150263884804       0.55287811562476064        1.7314098968093113E-002   5.7713663226977045E-003   133.25529961693124     
  0.45326920254107839       0.98548592034489157        1.7314098968093113E-002   5.7713663226977045E-003   76.202526243037880     
   7.1868734535145543E-002   1.9875524579489046E-003   1.7314098968093113E-002   5.7713663226977045E-003   56.284633158330713     
  0.86439781825763284       0.39523055800886037        1.7314098968093113E-002   5.7713663226977045E-003   144.31309141945690     
  0.47773507841115542       0.62773262203735869        1.7314098968093113E-002   5.7713663226977045E-003   68.920514930851652     
  0.62227200056780152       0.62653828679134238        1.7314098968093113E-002   5.7713663226977045E-003   89.927479463320097     
   2.3922274676497431E-002  0.41586319744378802        1.7314098968093113E-002   5.7713663226977045E-003   47.572843339849115     
  0.49521083765129414       0.67726220396245362        1.7314098968093113E-002   5.7713663226977045E-003   37.415727324009332     
   1.5878526508570835E-002  0.60177989479289073        1.7314098968093113E-002   5.7713663226977045E-003   26.182178197188836     
  0.24000223681630561       0.22420089902598761        1.7314098968093113E-002   5.7713663226977045E-003   178.27920874894261     
   7.6902353496397610E-002  0.94955680588545832        1.7314098968093113E-002   5.7713663226977045E-003   41.723812614578790     
  0.52640298673604602       0.76826925692990622        1.7314098968093113E-002   5.7713663226977045E-003   142.16202932958140     
  0.17644653613555872       0.78556823738616322        1.7314098968093113E-002   5.7713663226977045E-003   85.454442346527983     
  0.89393351689480782       0.75102734635641655        1.7314098968093113E-002   5.7713663226977045E-003   17.021444636547379     
  0.97445039450948867       0.86524630695618077        1.7314098968093113E-002   5.7713663226977045E-003   138.17672047485652     
  0.40705025264523087       0.63050729708096875        1.7314098968093113E-002   5.7713663226977045E-003   83.637485465820092     
  0.59480786773249494        5.9285655580213550E-002   1.7314098968093113E-002   5.7713663226977045E-003   160.80381510794365     
  0.97720793403198525       0.97794356533238447        1.7314098968093113E-002   5.7713663226977045E-003   37.917701796165041     
  0.19887755892163816       0.40803824553694035        1.7314098968093113E-002   5.7713663226977045E-003   19.992819167389364     
  0.19797802925565847       0.66859973722298871        1.7314098968093113E-002   5.7713663226977045E-003   57.575999385658612     
  0.19802257574716359       0.41478979941791316        1.7314098968093113E-002   5.7713663226977045E-003   178.05083456114909     
  0.62968673394131081       0.60904206029420382        1.7314098968093113E-002   5.7713663226977045E-003   111.13079369609127     
  0.51617544343879651        6.3985736488318692E-002   1.7314098968093113E-002   5.7713663226977045E-003   124.31637957850111     
  0.18625335379626318       0.50054406353374037        1.7314098968093113E-002   5.7713663226977045E-003   111.87224384194273     
  0.95805785643799901       0.96770416569772488        1.7314098968093113E-002   5.7713663226977045E-003   77.049695737997126     
  0.48154801513248485       0.67628167619375901        1.7314098968093113E-002   5.7713663226977045E-003   136.92069277272509     
  0.10597130854438708       0.14737133956707826        1.7314098968093113E-002   5.7713663226977045E-003   120.89875255753006     
  0.18075352601034764       0.49658585686939594        1.7314098968093113E-002   5.7713663226977045E-003   120.80707489936677     
  0.32038483791527106       0.22436989387258935        1.7314098968093113E-002   5.7713663226977045E-003   91.629976416727530     
  0.31107130635365826       0.21800510119540312        1.7314098968093113E-002   5.7713663226977045E-003   162.06545974480176     
  0.23470015556364365       0.41349531703538617        1.7314098968093113E-002   5.7713663226977045E-003   137.72483698865921     
  0.41697286305413683       0.46152362387753637        1.7314098968093113E-002   5.7713663226977045E-003   26.208936403626378     
  0.75822779183700761       0.23173335346505614        1.7314098968093113E-002   5.7713663226977045E-003   19.928232282120614     
   4.1096710760095845E-003  0.33334706022346156        1.7314098968093113E-002   5.7713663226977045E-003   159.61216791976906     
  0.35468843983952059       0.91770607641436686        1.7314098968093113E-002   5.7713663226977045E-003   127.13469799978161     
  0.21927124758199154       0.46547334526708772        1.7314098968093113E-002   5.7713663226977045E-003   65.522254559393787     
  0.50134896438344323       0.91529706438986980        1.7314098968093113E-002   5.7713663226977045E-003   6.4107681242354628     
   6.6541253428909250E-002   5.1712395609032182E-003   1.7314098968093113E-002   5.7713663226977045E-003   49.036784427299480     
   9.4758089912009930E-002   9.4387348334589422E-002   1.7314098968093113E-002   5.7713663226977045E-003   132.07946400472636     
  0.68766239234315851       0.23379529831045845        1.7314098968093113E-002   5.7713663226977045E-003   124.47885063788962     
  0.13327038565159310       0.77122106685577985        1.7314098968093113E-002   5.7713663226977045E-003   75.717269252505105     
  0.16057217882619465       0.19004504058947583        1.7314098968093113E-002   5.7713663226977045E-003   70.632886452970752     
  0.29433588219399565        9.8063265946663120E-002   1.7314098968093113E-002   5.7713663226977045E-003   112.41856477739198     
  0.63026208508074932       0.94928097199100103        1.7314098968093113E-002   5.7713663226977045E-003   130.96625840996015     
  0.95364061907538633       0.30286937790360613        1.7314098968093113E-002   5.7713663226977045E-003   107.83350402924599     
  0.69871607494900168       0.22006145948384948        1.7314098968093113E-002   5.7713663226977045E-003   150.75075256629566     
   2.8139945383189820E-002  0.61224037277068244        1.7314098968093113E-002   5.7713663226977045E-003   38.570662017448932     
  0.63317435417756363       0.43905999357765280        1.7314098968093113E-002   5.7713663226977045E-003   126.38668398878916     
   6.9987589229082561E-002  0.89397379968051516        1.7314098968093113E-002   5.7713663226977045E-003   44.361842233807124     
  0.57839060990737801       0.72091722399474545        1.7314098968093113E-002   5.7713663226977045E-003   176.45450625947350     
   8.4047793161924220E-002  0.49836567321108638        1.7314098968093113E-002   5.7713663226977045E-003   166.85947577168955     
  0.33775282863449108       0.67346614609582967        1.7314098968093113E-002   5.7713663226977045E-003   96.522141293800431     
   1.3527787986665776E-002  0.11539561507489271        1.7314098968093113E-002   5.7713663226977045E-003   147.23747082738439     
  0.27478951930865142       0.73500903343060175        1.7314098968093113E-002   5.7713663226977045E-003   101.41863063936289     
  0.87836786897923858       0.39774338007491389        1.7314098968093113E-002   5.7713663226977045E-003   36.457798956387180     
  0.31927626133330683       0.75372072931751499        1.7314098968093113E-002   5.7713663226977045E-003   71.077240191430505     
  0.17305369163500470       0.57687650613567987        1.7314098968093113E-002   5.7713663226977045E-003   24.352111706710183     
   1.5995151442529998E-002  0.65933977874706806        1.7314098968093113E-002   5.7713663226977045E-003   69.433390969335207     
  0.47625586369865797       0.93675982465432728        1.7314098968093113E-002   5.7713663226977045E-003   24.036970160036564     
   2.0538337451490321E-002  0.33358643395203247        1.7314098968093113E-002   5.7713663226977045E-003   16.132640032225474     
  0.26990264146885279       0.74939623954087486        1.7314098968093113E-002   5.7713663226977045E-003   91.263494282912930     
  0.73027184828876757       0.56066517904750035        1.7314098968093113E-002   5.7713663226977045E-003   143.07228580869003     
  0.71915438106810758       0.69151263306309640        1.7314098968093113E-002   5.7713663226977045E-003   94.904226194303135     
  0.10612472570050771        3.2984025095457871E-002   1.7314098968093113E-002   5.7713663226977045E-003   108.28239404969084     
  0.60829535547455638       0.40420849137477716        1.7314098968093113E-002   5.7713663226977045E-003   155.21805632325578     
  0.40695378290798345        5.0298132245311489E-002   1.7314098968093113E-002   5.7713663226977045E-003   148.95057849436958     
  0.73620184780930864        7.9047843023717007E-002   1.7314098968093113E-002   5.7713663226977045E-003   57.712376778503909     
  0.96446544242055832       0.73659793910938653        1.7314098968093113E-002   5.7713663226977045E-003   24.198003919483316     
  0.42517618201660146       0.12634436603042318        1.7314098968093113E-002   5.7713663226977045E-003   66.374071458958127     
  0.89592701667497709       0.83814437150521282        1.7314098968093113E-002   5.7713663226977045E-003   170.85871678380806     
  0.19029726866068197       0.42004797044816805        1.7314098968093113E-002   5.7713663226977045E-003   2.7260397228940270     
  0.45316767513283934       0.27704416525767589        1.7314098968093113E-002   5.7713663226977045E-003   143.00172553986630     
  0.56562442097390697       0.26030420013636640        1.7314098968093113E-002   5.7713663226977045E-003   143.39377011753177     
  0.63312955899688084       0.54226545645584889        1.7314098968093113E-002   5.7713663226977045E-003   53.193217768763901     
  0.25854784946845150       0.22955325995857806        1.7314098968093113E-002   5.7713663226977045E-003   42.324347115154154     
  0.63600837854658221       0.86695530320117464        1.7314098968093113E-002   5.7713663226977045E-003   172.53318291172411     
  0.47417194800038737       0.40964830495952947        1.7314098968093113E-002   5.7713663226977045E-003   136.95754933049511     
  0.65531294352012326       0.86414002025333092        1.7314098968093113E-002   5.7713663226977045E-003   174.26149669137192     
  0.98872723033670640       0.86703591068894281        1.7314098968093113E-002   5.7713663226977045E-003   30.402272415437338     
  0.21428154945703654       0.10303102525379955        1.7314098968093113E-002   5.7713663226977045E-003   54.762940091709581     
  0.37987992482013411       0.92738866978916856        1.7314098968093113E-002   5.7713663226977045E-003   44.559113210777113     
   8.8338185338650718E-002   8.9474649894694086E-002   1.7314098968093113E-002   5.7713663226977045E-003   112.03905449403432     
  0.16182000067787872       0.50727107553396977        1.7314098968093113E-002   5.7713663226977045E-003   8.1429405073402172     
   8.7280759522409462E-002  0.50454634266383358        1.7314098968093113E-002   5.7713663226977045E-003   139.79469145766865     
  0.15039275361747673       0.95013245001001645        1.7314098968093113E-002   5.7713663226977045E-003   137.24988010769698     
  0.63617057444551417       0.15095713493125010        1.7314098968093113E-002   5.7713663226977045E-003   130.55442094249921     
  0.51729127170106126       0.10756060426622116        1.7314098968093113E-002   5.7713663226977045E-003   54.912568763163087     
  0.93643005477206720       0.53909702923552594        1.7314098968093113E-002   5.7713663226977045E-003   97.264880940790704     
   9.6565212023322231E-002  0.14491301985824531        1.7314098968093113E-002   5.7713663226977045E-003   67.764388715835764     
  0.23128585449214448       0.99237474068555842        1.7314098968093113E-002   5.7713663226977045E-003   159.49214879112907     
  0.26495071898087796       0.24321419200046160        1.7314098968093113E-002   5.7713663226977045E-003   44.695969327891881     
  0.64334072251057317       0.48648349847123035        1.7314098968093113E-002   5.7713663226977045E-003   69.567018716221952     
  0.62758045815437669        3.6080100215328682E-002   1.7314098968093113E-002   5.7713663226977045E-003   124.58672833227175     
  0.36171311094264808        4.0969856451916961E-002   1.7314098968093113E-002   5.7713663226977045E-003   131.88770908743857     
  0.29521977236789099       0.36884935381194284        1.7314098968093113E-002   5.7713663226977045E-003   44.668368362733766     
  0.45601618978763592       0.40593011483459107        1.7314098968093113E-002   5.7713663226977045E-003   74.678850860429151     
  0.88512260964681932       0.75934470805216836        1.7314098968093113E-002   5.7713663226977045E-003   66.749490159427111     
  0.93746165969472595       0.74889994451203490        1.7314098968093113E-002   5.7713663226977045E-003   2.8969987326976332     
   5.7103430863590775E-003  0.10945564617769084        1.7314098968093113E-002   5.7713663226977045E-003   94.927297806516449     
  0.95077752032779672       0.74170468926748800        1.7314098968093113E-002   5.7713663226977045E-003   119.58817745721669     
  0.48091272063257506       0.85704880829375163        1.7314098968093113E-002   5.7713663226977045E-003   135.59248324127918     
  0.62400948382492916       0.96284953078938473        1.7314098968093113E-002   5.7713663226977045E-003   130.40650692561317     
  0.36803794616053753       0.87059508164016497        1.7314098968093113E-002   5.7713663226977045E-003   116.84514496235053     
  0.96149111030931067       0.95338264894107427        1.7314098968093113E-002   5.7713663226977045E-003   101.73900863636088     
  0.22999289168073958       0.56037082687422723        1.7314098968093113E-002   5.7713663226977045E-003   117.48175066311322     
  0.44122404522887920       0.33846688820942505        1.7314098968093113E-002   5.7713663226977045E-003   156.54888136226444     
  0.62161050844861010        3.2609828470225831E-002   1.7314098968093113E-002   5.7713663226977045E-003   123.24443939504090     
  0.84243102872558628       0.32184644589914951        1.7314098968093113E-002   5.7713663226977045E-003   126.90217449873914     
  0.12850069552055146       0.40432124372732869        1.7314098968093113E-002   5.7713663226977045E-003   145.42614556812794     
  0.82727210545838836       0.63728581010207008        1.7314098968093113E-002   5.7713663226977045E-003   47.322378864000648     
  0.11038632615636365       0.35497562717879499        1.7314098968093113E-002   5.7713663226977045E-003   119.90132734510715     
  0.78641349843126596       0.45407336154322736        1.7314098968093113E-002   5.7713663226977045E-003   119.31346883189160     
   6.5128654739027333E-002  0.68114371330107359        1.7314098968093113E-002   5.7713663226977045E-003   129.95303302631146     
   9.6202151382042550E-002  0.57966522935751608        1.7314098968093113E-002   5.7713663226977045E-003   23.573357225738174     
  0.46225385037112898       0.40439797970000069        1.7314098968093113E-002   5.7713663226977045E-003   65.688956542201936     
  0.53271975889116052       0.40649637796130933        1.7314098968093113E-002   5.7713663226977045E-003   158.39746481356420     
  0.25395512130545012       0.23512116202761896        1.7314098968093113E-002   5.7713663226977045E-003   61.097911915892055     
  0.45137854231348234       0.50476460691367875        1.7314098968093113E-002   5.7713663226977045E-003   140.91426361525075     
  0.74417146138955226       0.56033973812974003        1.7314098968093113E-002   5.7713663226977045E-003   44.943879314106773     
  0.43258318175986926       0.46253800765508735        1.7314098968093113E-002   5.7713663226977045E-003   148.60065337808598     
  0.92689573212231302       0.53203673355932390        1.7314098968093113E-002   5.7713663226977045E-003   159.63729674004492     
  0.28913816128983583       0.80986073745016451        1.7314098968093113E-002   5.7713663226977045E-003   9.1266579841104924     
  0.62067775174429007       0.69177276290383805        1.7314098968093113E-002   5.7713663226977045E-003   94.509247699652803     
   9.0127357023581309E-002  0.15338979937652020        1.7314098968093113E-002   5.7713663226977045E-003   7.9617396221719074     
  0.96689909665557872       0.98197720567545665        1.7314098968093113E-002   5.7713663226977045E-003   96.947656537429793     
  0.27747152557169730       0.10901388068873831        1.7314098968093113E-002   5.7713663226977045E-003   146.77122099280999     
  0.21919870003570405        9.6465726981213473E-002   1.7314098968093113E-002   5.7713663226977045E-003   33.800155391457125     
  0.32654183439726753       0.74960637126104490        1.7314098968093113E-002   5.7713663226977045E-003   38.957912508129404     
  0.43474696522573564       0.46967828667784584        1.7314098968093113E-002   5.7713663226977045E-003   168.58192939263026     
  0.97939857520805140       0.81752105877632875        1.7314098968093113E-002   5.7713663226977045E-003   112.11396480243984     
   8.2396739193776422E-002  0.89816496838212867        1.7314098968093113E-002   5.7713663226977045E-003   142.95891810325347     
  0.64362090102325864       0.97032601744380864        1.7314098968093113E-002   5.7713663226977045E-003   22.119239635130089     
  0.55436490440074992       0.85669836343464845        1.7314098968093113E-002   5.7713663226977045E-003   44.498807415318964     
  0.99894557908457715       0.10886108394033109        1.7314098968093113E-002   5.7713663226977045E-003   93.873214975336225     
  0.14259623671981544       0.76285580924162466        1.7314098968093113E-002   5.7713663226977045E-003   15.319865227299065     
  0.39637961813492167       0.94037813748879595        1.7314098968093113E-002   5.7713663226977045E-003   49.171088396824203     
  0.40812869872194935       0.77065964391268027        1.7314098968093113E-002   5.7713663226977045E-003   133.87151788923842     
  0.27479775669124917       0.81674347444138296        1.7314098968093113E-002   5.7713663226977045E-003   132.42588780759854     
  0.26982291497720362       0.96227465633569942        1.7314098968093113E-002   5.7713663226977045E-003   148.01951380034848     
   6.3491223168794714E-002  0.22084394123381335        1.7314098968093113E-002   5.7713663226977045E-003   113.21612802910195     
  0.34065319957166817       0.58116668628266011        1.7314098968093113E-002   5.7713663226977045E-003   38.421485798818196     
  0.83066118103189057       0.32460080359529903        1.7314098968093113E-002   5.7713663226977045E-003   45.389660116574319     
  0.21283526874475864       0.38806214009343787        1.7314098968093113E-002   5.7713663226977045E-003   177.58986193530174     
  0.80609614688683717       0.83745969217877980        1.7314098968093113E-002   5.7713663226977045E-003   112.51166972168345     
  0.71252442035788743       0.62792955950611473        1.7314098968093113E-002   5.7713663226977045E-003   137.23929972822808     
  0.51226236248965162       0.76893330658181103        1.7314098968093113E-002   5.7713663226977045E-003   42.121063142218802     
  0.64806630269695964       0.43678730520677939        1.7314098968093113E-002   5.7713663226977045E-003   16.292314180800091     
  0.11318600350060379       0.85685368747312807        1.7314098968093113E-002   5.7713663226977045E-003   86.090338661185825     
  0.54834830854663419       0.49928774840199386        1.7314098968093113E-002   5.7713663226977045E-003   140.66744535892872     
  0.68498726499445795       0.80423598801137819        1.7314098968093113E-002   5.7713663226977045E-003   72.602575285927799     
  0.40338996888980333       0.56895268225751683        1.7314098968093113E-002   5.7713663226977045E-003   165.17688868243039     
  0.44899798119947493       0.87547474581114626        1.7314098968093113E-002   5.7713663226977045E-003   9.1967535166647298     
  0.99273675073353618       0.23114839404162976        1.7314098968093113E-002   5.7713663226977045E-003   24.388926001060153     
  0.43449866409735693       0.51003767997409122        1.7314098968093113E-002   5.7713663226977045E-003  0.28904899073259571     
   6.0366632613383930E-002  0.94481534843252579        1.7314098968093113E-002   5.7713663226977045E-003   176.31031731976054     
  0.80745454300866193        5.3055989868956037E-002   1.7314098968093113E-002   5.7713663226977045E-003   171.53149473465842     
  0.89119227825607084       0.23551670582044518        1.7314098968093113E-002   5.7713663226977045E-003   83.644629455541022     
  0.48783767530110345       0.92690658966711659        1.7314098968093113E-002   5.7713663226977045E-003   164.78989057249422     
  0.90010936623853066       0.85116721596035494        1.7314098968093113E-002   5.7713663226977045E-003   150.57042693229675     
  0.46339003318266769       0.49131956045737618        1.7314098968093113E-002   5.7713663226977045E-003   111.82865473601764     
  0.30969746189168307       0.53700186918939985        1.7314098968093113E-002   5.7713663226977045E-003   36.382479968252959     
  0.47585892185941725       0.54339798879500367        1.7314098968093113E-002   5.7713663226977045E-003   4.5134019030440413     
  0.20471442674358448       0.68430032994192747        1.7314098968093113E-002   5.7713663226977045E-003   69.519586347120281     
  0.84265742319730608       0.69237135777228243        1.7314098968093113E-002   5.7713663226977045E-003   72.080566286737181     
  0.48347268502706420       0.91187172004100503        1.7314098968093113E-002   5.7713663226977045E-003   176.06474046921497     
  0.15433988002492832       0.95473817733767996        1.7314098968093113E-002   5.7713663226977045E-003   149.36433378884956     
  0.40533115911790496       0.22277172307727516        1.7314098968093113E-002   5.7713663226977045E-003   69.243327383968435     
  0.26799206501014589       0.73331962104655712        1.7314098968093113E-002   5.7713663226977045E-003   112.70286589034069     
  0.83361566136676679       0.30579690151038674        1.7314098968093113E-002   5.7713663226977045E-003   170.33901675665584     
  0.53675070137968117       0.50907447668928341        1.7314098968093113E-002   5.7713663226977045E-003   108.63136249834940     
  0.61994309601816056       0.76741160796950847        1.7314098968093113E-002   5.7713663226977045E-003   13.573821819748201     
   7.8273667766386654E-002   9.1791634133995423E-002   1.7314098968093113E-002   5.7713663226977045E-003   49.521873569981786     
  0.74845804902447000       0.23726739655265963        1.7314098968093113E-002   5.7713663226977045E-003   89.620648033104416     
  0.11801438605695408       0.34028547667398595        1.7314098968093113E-002   5.7713663226977045E-003   81.967062510876119     
  0.17464720203046624       0.76831200421403012        1.7314098968093113E-002   5.7713663226977045E-003   77.898105022189640     
  0.70172576658520203       0.22691880287630439        1.7314098968093113E-002   5.7713663226977045E-003   166.76335735334334     
  0.94017139193240251       0.47297814791954301        1.7314098968093113E-002   5.7713663226977045E-003   25.634178813269923     
   7.9704340499240772E-002  0.67970812491322385        1.7314098968093113E-002   5.7713663226977045E-003   26.027587878678446     
  0.49997560749665210       0.85287421113859463        1.7314098968093113E-002   5.7713663226977045E-003   8.7920905590652012     
  0.41931193367093267       0.11020294751007367        1.7314098968093113E-002   5.7713663226977045E-003   63.081910695397482     
  0.72650946345652756       0.55608387652327995        1.7314098968093113E-002   5.7713663226977045E-003   145.91781350086168     
  0.62757401274261138       0.97096352440895906        1.7314098968093113E-002   5.7713663226977045E-003   170.34854236018197     
  0.22379707993612627       0.40371236563045415        1.7314098968093113E-002   5.7713663226977045E-003   148.65453010175145     
  0.96335882376223636       0.19878379664003656        1.7314098968093113E-002   5.7713663226977045E-003   82.011174583784282     
  0.89126825721543723       0.77276399202424484        1.7314098968093113E-002   5.7713663226977045E-003   32.961890191193980     
  0.14664715779352830       0.20025902977987137        1.7314098968093113E-002   5.7713663226977045E-003   56.639006550803593     
  0.17038379673885232       0.58264607025641024        1.7314098968093113E-002   5.7713663226977045E-003   7.8532983421023754     
  0.36418023434766489       0.90378084449782992        1.7314098968093113E-002   5.7713663226977045E-003   74.339929441639228     
  0.25576767675390277       0.97114039693940057        1.7314098968093113E-002   5.7713663226977045E-003   175.76649437944965     
  0.60546465220993972       0.34488144506311524        1.7314098968093113E-002   5.7713663226977045E-003   59.039599398554302     
  0.19535012813768715        3.1258168140422156E-002   1.7314098968093113E-002   5.7713663226977045E-003   115.59607794329833     
  0.97157807674627139       0.49276310776860560        1.7314098968093113E-002   5.7713663226977045E-003   168.86876152076047     
  0.59844992128915142       0.17855931644304318        1.7314098968093113E-002   5.7713663226977045E-003   122.86662130018827     
  0.60613648928099684       0.18054354040160520        1.7314098968093113E-002   5.7713663226977045E-003   88.871826748645532     
  0.80495479097860012        4.6356831867849599E-002   1.7314098968093113E-002   5.7713663226977045E-003   13.003960181882894     
  0.44771349121089704       0.34329114564054486        1.7314098968093113E-002   5.7713663226977045E-003   128.51080293251121     
   1.8744069391225179E-003  0.60642719505766018        1.7314098968093113E-002   5.7713663226977045E-003   114.62708669332898     
  0.40062497935908281       0.63353458893312220        1.7314098968093113E-002   5.7713663226977045E-003   63.112428694291246     
  0.18161998189102047       0.76314219920962112        1.7314098968093113E-002   5.7713663226977045E-003   42.529154284148532     
  0.85276279262651655       0.69435959771594979        1.7314098968093113E-002   5.7713663226977045E-003   131.04633863197583     
  0.29490297106161789       0.52826172737780430        1.7314098968093113E-002   5.7713663226977045E-003   30.225260864778967     
  0.22959954266578370       0.40869950567928870        1.7314098968093113E-002   5.7713663226977045E-003   126.46273012102212     
  0.55891821036092948       0.20719176030272282        1.7314098968093113E-002   5.7713663226977045E-003   31.846953698196941     
  0.24345666926821902       0.85606501055384665        1.7314098968093113E-002   5.7713663226977045E-003   3.2080505593606690     
  0.46139779349840265       0.53614275431204017        1.7314098968093113E-002   5.7713663226977045E-003   27.156350673311298     
  0.28269852321618655       0.37773361257025995        1.7314098968093113E-002   5.7713663226977045E-003   81.087490295030477     
  0.54440541346335358       0.86167682891135100        1.7314098968093113E-002   5.7713663226977045E-003   89.726284770404092     
  0.80911395578483203       0.74184666429603030        1.7314098968093113E-002   5.7713663226977045E-003   85.013670723262251     
  0.39339126223933174       0.76500309968417413        1.7314098968093113E-002   5.7713663226977045E-003   107.64756862634950     
  0.50527814603667887       0.10750471913582749        1.7314098968093113E-002   5.7713663226977045E-003   130.31037893536603     
  0.90716687783566874       0.82479814585110511        1.7314098968093113E-002   5.7713663226977045E-003   57.863435332613058     
  0.63818972719795919       0.86015928014754583        1.7314098968093113E-002   5.7713663226977045E-003   17.497165838609952     
  0.48498278181134891       0.92117150498174427        1.7314098968093113E-002   5.7713663226977045E-003   147.76767129742171     
  0.35956324719096150       0.96137362344199795        1.7314098968093113E-002   5.7713663226977045E-003   73.200109767033410     
  0.28955829484657097       0.37371824326928471        1.7314098968093113E-002   5.7713663226977045E-003   44.197413560133498     
  0.18474202611724824        3.2414472757467623E-002   1.7314098968093113E-002   5.7713663226977045E-003   61.420334595129113     
  0.25380461085885975       0.96485944789105627        1.7314098968093113E-002   5.7713663226977045E-003   3.9627863130703735     
   2.9962118225814564E-003  0.86418161092192458        1.7314098968093113E-002   5.7713663226977045E-003   147.42658187833587     
  0.23677892339102258       0.56635020953954207        1.7314098968093113E-002   5.7713663226977045E-003   134.09372663170413     
  0.96150293878057325        6.9990051512758278E-004   1.7314098968093113E-002   5.7713663226977045E-003   103.81999847255643     
  0.52526470436046113       0.51876835402855037        1.7314098968093113E-002   5.7713663226977045E-003   5.5680162132630961     
  0.12122601437688066       0.87371521290704246        1.7314098968093113E-002   5.7713663226977045E-003   61.980933075714546     
  0.85936362169996294       0.67845464449951498        1.7314098968093113E-002   5.7713663226977045E-003   111.81112409240825     
  0.45890084905452183       0.68187055295762633        1.7314098968093113E-002   5.7713663226977045E-003   70.875421574763408     
  0.15305771117634723       0.75762800048456436        1.7314098968093113E-002   5.7713663226977045E-003   171.62897344583769     
  0.90161882838133378       0.83107694151192857        1.7314098968093113E-002   5.7713663226977045E-003   25.448343066083808     
   5.2637147663259415E-002  0.22266305202333395        1.7314098968093113E-002   5.7713663226977045E-003   45.009314755346516     
  0.52234015231279984       0.40118410154096401        1.7314098968093113E-002   5.7713663226977045E-003   83.791210201686638     
  0.74351732036065177       0.90361175767293267        1.7314098968093113E-002   5.7713663226977045E-003   130.91386963970908     
   2.7920365121205482E-002   5.9676636686496190E-003   1.7314098968093113E-002   5.7713663226977045E-003   124.65365993374078     
  0.49243452526471765       0.11781450196372144        1.7314098968093113E-002   5.7713663226977045E-003   135.22958131437863     
   2.8579342947350896E-002  0.40906117786485274        1.7314098968093113E-002   5.7713663226977045E-003   9.3391913372703179     
  0.91000788621368500       0.61045045340326509        1.7314098968093113E-002   5.7713663226977045E-003   171.72002337440009     
  0.36668337562167713       0.88653313030618930        1.7314098968093113E-002   5.7713663226977045E-003   91.459179902696178     
  0.50332163425452192        6.7645140846619989E-002   1.7314098968093113E-002   5.7713663226977045E-003   28.903810162713690     
  0.21446695097546173       0.79354453979542383        1.7314098968093113E-002   5.7713663226977045E-003   117.40735106618369     
  0.11640777712186402       0.40202965478989167        1.7314098968093113E-002   5.7713663226977045E-003   63.399616471709400     
  0.12112288986557973       0.85133078664669370        1.7314098968093113E-002   5.7713663226977045E-003   31.289796172702992     
  0.79585145861629125       0.55574633401117812        1.7314098968093113E-002   5.7713663226977045E-003   81.320734324055849     
   5.8754513045664696E-002  0.98934532569510691        1.7314098968093113E-002   5.7713663226977045E-003   62.068661432869831     
  0.61820501928494398       0.95843538328095834        1.7314098968093113E-002   5.7713663226977045E-003   128.26931574889076     
  0.24292087988581423       0.48092531048583420        1.7314098968093113E-002   5.7713663226977045E-003   163.02394404566630     
  0.35337969714490408       0.59134603379717876        1.7314098968093113E-002   5.7713663226977045E-003   66.114449005680243     
  0.40026295121838534       0.20784301368973476        1.7314098968093113E-002   5.7713663226977045E-003   99.883793860265286     
  0.62508255790216138       0.40398804972920832        1.7314098968093113E-002   5.7713663226977045E-003   24.312813612906798     
  0.41000561654416978       0.93906018048772077        1.7314098968093113E-002   5.7713663226977045E-003   141.65631054401692     
  0.39940402908317107       0.76746146712924435        1.7314098968093113E-002   5.7713663226977045E-003   96.243804517771750     
  0.92069613243273862       0.60144643999406100        1.7314098968093113E-002   5.7713663226977045E-003   140.17925771383423     
  0.49332978501954078       0.93361916432370828        1.7314098968093113E-002   5.7713663226977045E-003   123.15094873953174     
  0.21057056488780099       0.67883791939114768        1.7314098968093113E-002   5.7713663226977045E-003   38.665249638280933     
  0.81513189054283697       0.74229553308995988        1.7314098968093113E-002   5.7713663226977045E-003   93.768368384713014     
  0.86356539822892298       0.46558610169158393        1.7314098968093113E-002   5.7713663226977045E-003   63.546456585614393     
  0.34587786630770184       0.67028083456397469        1.7314098968093113E-002   5.7713663226977045E-003   60.855857930494437     
  0.22564322918808841       0.98639768174685016        1.7314098968093113E-002   5.7713663226977045E-003   125.33983403858073     
  0.99223691381452794       0.60552672421762910        1.7314098968093113E-002   5.7713663226977045E-003   82.566696505141081     
  0.81318904237497114       0.63596918987202411        1.7314098968093113E-002   5.7713663226977045E-003   147.75200265316303     
  0.18069229362714570       0.28517224450133061        1.7314098968093113E-002   5.7713663226977045E-003   111.03155655375784     
  0.43047496525330803       0.33344703263166026        1.7314098968093113E-002   5.7713663226977045E-003   83.190693495193969     
  0.76080320769861931       0.90038127591976758        1.7314098968093113E-002   5.7713663226977045E-003   51.222478869795182     
  0.49002772005081069       0.63098736620185458        1.7314098968093113E-002   5.7713663226977045E-003   158.99601997745302     
  0.62879188967497635       0.62654681379012156        1.7314098968093113E-002   5.7713663226977045E-003   77.229986503510204     
  0.16452068937533854       0.94146969105363243        1.7314098968093113E-002   5.7713663226977045E-003   127.36602404346318     
  0.96746791597822224       0.48502117296605524        1.7314098968093113E-002   5.7713663226977045E-003   127.64953889148813     
  0.65179040769739416       0.48616424468282837        1.7314098968093113E-002   5.7713663226977045E-003   113.14476049309812     
  0.49170068783236365       0.86174780828798092        1.7314098968093113E-002   5.7713663226977045E-003   88.345064656031553     
  0.95466551219726803       0.48399696144464321        1.7314098968093113E-002   5.7713663226977045E-003   44.125960356186440     
  0.63781474734297194       0.53696235820333926        1.7314098968093113E-002   5.7713663226977045E-003   29.433592277511643     
   9.9774996961972798E-002  0.57274527731630220        1.7314098968093113E-002   5.7713663226977045E-003   30.918074602278107     
  0.76391041473156140       0.13289044100612371        1.7314098968093113E-002   5.7713663226977045E-003   18.021096677655908     
  0.87221653067655547       0.47983217326004712        1.7314098968093113E-002   5.7713663226977045E-003   44.044011346642371     
  0.33820771579008857       0.75906864559038212        1.7314098968093113E-002   5.7713663226977045E-003   67.928449715216757     
  0.65102146730177068       0.14797636461361041        1.7314098968093113E-002   5.7713663226977045E-003   17.885225372968314     
  0.53873291231600662       0.87740640699219152        1.7314098968093113E-002   5.7713663226977045E-003   108.71403153203086     
  0.99953268402235407       0.22397099749808025        1.7314098968093113E-002   5.7713663226977045E-003   78.718817840842291     
  0.33382862020582493       0.68972657439306151        1.7314098968093113E-002   5.7713663226977045E-003   98.359811270881409     
   2.0088299710556513E-002   1.8806567899648179E-002   1.7314098968093113E-002   5.7713663226977045E-003   142.75396206816043     
  0.62386364898719493       0.76032235402562331        1.7314098968093113E-002   5.7713663226977045E-003   44.672899001835113     
   8.5753393684337528E-002  0.73165493138644722        1.7314098968093113E-002   5.7713663226977045E-003   27.897645595623111     
  0.16151944250205874       0.51531504189878097        1.7314098968093113E-002   5.7713663226977045E-003   1.3574388923041054     
  0.43944350913124419       0.51557815577143151        1.7314098968093113E-002   5.7713663226977045E-003   176.24994779040364     
  0.22683387679045938       0.47880783615150169        1.7314098968093113E-002   5.7713663226977045E-003   33.770806042020453     
  0.71326463802489359       0.69014453525042385        1.7314098968093113E-002   5.7713663226977045E-003   93.985366431184204     
  0.21356262146905600       0.99437850307018616        1.7314098968093113E-002   5.7713663226977045E-003   17.485135229647387     
   8.6482767240343969E-002  0.94445443448130739        1.7314098968093113E-002   5.7713663226977045E-003   92.482754937389018     
  0.72749694359345973       0.76812599310895346        1.7314098968093113E-002   5.7713663226977045E-003   177.60635959964267     
  0.85862533851250777       0.11021418251203893        1.7314098968093113E-002   5.7713663226977045E-003   27.598898011681779     
  0.81652218172694546        1.3204918158179181E-002   1.7314098968093113E-002   5.7713663226977045E-003   24.433292226553817     
  0.94159535407428108       0.30638363587895717        1.7314098968093113E-002   5.7713663226977045E-003   33.494042204457138     
  0.73014727498993981       0.77523462099548912        1.7314098968093113E-002   5.7713663226977045E-003   148.01208357490930     
  0.45298566045789679       0.68817559749310664        1.7314098968093113E-002   5.7713663226977045E-003   25.564875462099174     
  0.28298746203017283       0.11280824870371209        1.7314098968093113E-002   5.7713663226977045E-003   134.69336942370816     
  0.97762104361815660       0.36888743658446693        1.7314098968093113E-002   5.7713663226977045E-003   76.689853031717888     
  0.36662491449064799       0.91769430446230926        1.7314098968093113E-002   5.7713663226977045E-003   51.954035623973709     
  0.58225127526357601       0.73068271987752298        1.7314098968093113E-002   5.7713663226977045E-003   127.27428468238293     
  0.75155607414969405       0.90640290871832274        1.7314098968093113E-002   5.7713663226977045E-003   90.118126511359918     
  0.40125177216423036       0.57653362031530708        1.7314098968093113E-002   5.7713663226977045E-003   17.018013230539452     
  0.47733150178294259       0.53672268222875352        1.7314098968093113E-002   5.7713663226977045E-003   2.6080445340758729     
