          50   9.9923048693679757     
         100  -7.4700302575497304     
         150  -32.007418857669386     
         200  -64.997228094941889     
         250  -91.215874858298434     
         300  -111.25662000190856     
         350  -127.81693443153490     
         400  -147.78658919012975     
         450  -166.65150492197159     
         500  -186.93483942980802     
         550  -208.23845021514742     
         600  -228.35365857623026     
         650  -246.26091395666847     
         700  -262.98559779061668     
         750  -278.92434402652879     
         800  -293.37089937556129     
         850  -307.15284569987881     
         900  -320.28504517102931     
         950  -333.71915073422372     
        1000  -346.95222680399058     
        1050  -360.79207005819092     
        1100  -375.51506322993652     
        1150  -390.69959577478556     
        1200  -405.04095326128447     
        1250  -418.70749131791121     
        1300  -431.82941489044828     
        1350  -444.41257896703814     
        1400  -457.12766167060084     
        1450  -469.37557144739969     
        1500  -481.10891570995693     
        1550  -492.50084707114229     
        1600  -503.56692519646970     
        1650  -514.51648532075410     
        1700  -525.10726212640634     
        1750  -535.30237000011130     
        1800  -545.29272690390758     
        1850  -555.46881966820843     
        1900  -565.87682793922761     
        1950  -575.92956547181450     
        2000  -585.54575274521881     
        2050  -594.81297720015664     
        2100  -603.78529255251522     
        2150  -612.70023567864519     
        2200  -621.55983430229958     
        2250  -630.46964564980510     
        2300  -639.32960268279544     
        2350  -648.50359058779839     
        2400  -657.57820841410694     
        2450  -667.03313146179607     
        2500  -677.54971402429214     
        2550  -687.81101122672885     
        2600  -697.79684677090415     
        2650  -707.48909588072524     
        2700  -716.99244209032031     
        2750  -726.31143639132301     
        2800  -735.49423811598842     
        2850  -744.87368181346415     
        2900  -754.13126727149051     
        2950  -763.53528197441801     
        3000  -773.14523710629283     
        3050  -783.52222696146805     
        3100  -793.72125891889129     
        3150  -804.04021644043678     
        3200  -814.43365645200163     
        3250  -824.80546432709627     
        3300  -835.01912812871160     
        3350  -845.47973147131563     
        3400  -855.97173702107455     
        3450  -866.96196456796486     
        3500  -877.86676132451407     
        3550  -888.59236896946641     
        3600  -899.11349926563219     
        3650  -909.52310112025884     
        3700  -919.86085619473624     
        3750  -930.66457607524023     
        3800  -941.67613237386433     
        3850  -952.63017178361656     
        3900  -963.35217844074361     
        3950  -973.90567802572457     
        4000  -984.28086992598492     
        4050  -994.54709564081008     
        4100  -1005.0570659554971     
        4150  -1015.4689998059032     
        4200  -1025.8162113118506     
        4250  -1036.2720348820519     
        4300  -1046.5468046272929     
        4350  -1056.7720801297000     
        4400  -1066.8746786979461     
        4450  -1076.9364151421105     
        4500  -1086.9152461646868     
        4550  -1096.9243865078327     
        4600  -1107.1695612722112     
        4650  -1118.2946931980512     
        4700  -1129.6349630460054     
        4750  -1140.8412425039085     
        4800  -1151.9610263642294     
        4850  -1162.9775569216054     
        4900  -1174.0237888724796     
        4950  -1184.9205743056443     
        5000  -1195.7839575783862     
        5050  -1206.5992161190786     
        5100  -1217.2734562353753     
        5150  -1227.7479632028428     
        5200  -1238.0539736253852     
        5250  -1248.2352005241657     
        5300  -1258.3918164467041     
        5350  -1268.3924758906662     
        5400  -1278.2298248404422     
        5450  -1287.8985984992860     
        5500  -1297.5726509617170     
        5550  -1307.1224070068897     
        5600  -1316.6577796152653     
        5650  -1326.1896000827114     
        5700  -1335.9708063435544     
        5750  -1346.0001032413177     
        5800  -1356.2604683725979     
        5850  -1366.4954422193816     
        5900  -1376.6020278547562     
        5950  -1386.9400312097239     
        6000  -1397.4553238600911     
        6050  -1407.8663540214673     
        6100  -1418.1593536525997     
        6150  -1428.4327875996041     
        6200  -1438.6278519199986     
        6250  -1448.8019989142222     
        6300  -1459.1764808363559     
        6350  -1469.5626212408633     
        6400  -1479.7953913569768     
        6450  -1489.9778903576298     
        6500  -1500.0703475652383     
        6550  -1510.0791280577478     
        6600  -1520.0404105838973     
        6650  -1530.1344378139038     
        6700  -1540.6743792066420     
        6750  -1551.1690821061195     
        6800  -1561.5813561159873     
        6850  -1572.0328202799183     
        6900  -1582.5482649240726     
        6950  -1593.1686331896178     
        7000  -1603.6518901322977     
        7050  -1614.0773072857662     
        7100  -1624.5675491582736     
        7150  -1634.9986455059657     
        7200  -1645.3075281661024     
        7250  -1655.4774147245096     
        7300  -1665.5763375652659     
        7350  -1675.6170882355493     
        7400  -1685.5262026724661     
        7450  -1695.4627975878068     
        7500  -1705.3613714777646     
        7550  -1715.3828591506576     
        7600  -1725.3341174715981     
        7650  -1735.1701738128872     
        7700  -1744.8881851901833     
        7750  -1754.5160814376084     
        7800  -1764.0317872628325     
        7850  -1773.4404605831905     
        7900  -1782.7427169915782     
        7950  -1791.9949492191147     
        8000  -1801.1998418279338     
        8050  -1810.3016176789463     
        8100  -1819.3046795098987     
        8150  -1828.2051038780126     
        8200  -1837.0002193396697     
        8250  -1845.6949026843015     
        8300  -1854.2885607999617     
        8350  -1862.8142010884687     
        8400  -1871.3403324167225     
        8450  -1879.8196821774920     
        8500  -1888.2425322904351     
        8550  -1896.7745807198180     
        8600  -1905.4137065140692     
        8650  -1914.0077360155672     
        8700  -1922.5611501955200     
        8750  -1931.0352489313962     
        8800  -1939.4234256427580     
        8850  -1947.7914498751409     
        8900  -1956.1216939439960     
        8950  -1964.3718590062715     
        9000  -1972.5344918121525     
        9050  -1980.6359260936592     
        9100  -1988.6858688703637     
        9150  -1996.6547360782231     
        9200  -2004.5949005324339     
        9250  -2012.5173321525883     
        9300  -2020.3810015046281     
        9350  -2028.1619231779102     
        9400  -2035.8635716931442     
        9450  -2043.4870904803836     
        9500  -2051.0854710889103     
        9550  -2058.9726297275711     
        9600  -2066.8528250463692     
        9650  -2074.6725175887905     
        9700  -2082.4491801238096     
        9750  -2090.1673376730964     
        9800  -2097.9442996441021     
        9850  -2105.7082574772503     
        9900  -2113.4564986785540     
        9950  -2121.2264624616218     
       10000  -2128.9754671940445     
       10050  -2136.6674251668805     
       10100  -2144.2998620095968     
       10150  -2151.8882138188819     
       10200  -2159.5062056944430     
       10250  -2167.2479261873095     
       10300  -2174.9719689279191     
       10350  -2182.6471118234672     
       10400  -2190.3067393460001     
       10450  -2198.1647964019303     
       10500  -2205.9884306238982     
       10550  -2213.7426710281006     
       10600  -2221.4484795109788     
       10650  -2229.1830679786549     
       10700  -2236.9497353645934     
       10750  -2245.0223660077172     
       10800  -2253.0906204185130     
       10850  -2261.1044749317402     
       10900  -2269.0846721440244     
       10950  -2276.9995440216071     
       11000  -2284.8893913157735     
       11050  -2292.7846396714813     
       11100  -2300.6217545165773     
       11150  -2308.4589412867595     
       11200  -2316.2390748081179     
       11250  -2323.9539995162827     
       11300  -2331.6243012857917     
       11350  -2339.2528231833289     
       11400  -2346.8144214435920     
       11450  -2354.3243697925245     
       11500  -2361.8085296652098     
       11550  -2369.4645615969307     
       11600  -2377.1127409806754     
       11650  -2384.7622253925542     
       11700  -2392.3721200740370     
       11750  -2400.0794963852795     
       11800  -2407.7391442671833     
       11850  -2415.3733161959540     
       11900  -2422.9460146695747     
       11950  -2430.4996470503984     
       12000  -2438.0522953366376     
       12050  -2445.5759094435812     
       12100  -2453.0568077391799     
       12150  -2460.5718529872511     
       12200  -2468.1925960106955     
       12250  -2475.8083286994906     
       12300  -2483.4084867517990     
       12350  -2491.0543393680528     
       12400  -2498.6577696379045     
       12450  -2506.2001281786816     
       12500  -2513.7298404885451     
       12550  -2521.2060727147914     
       12600  -2528.6538991211614     
       12650  -2536.0752688408938     
       12700  -2543.4752645526437     
       12750  -2550.8238373406202     
       12800  -2558.1787431464395     
       12850  -2565.6028203130909     
       12900  -2572.9804976180230     
       12950  -2580.3257983994695     
       13000  -2587.6422970337007     
       13050  -2594.9041341344569     
       13100  -2602.1491852917243     
       13150  -2609.3594066348396     
       13200  -2616.5348929487191     
       13250  -2623.7089995347769     
       13300  -2630.8845736234066     
       13350  -2638.0101097597776     
       13400  -2645.0842473344719     
       13450  -2652.1181192365812     
       13500  -2659.1058191410511     
       13550  -2666.0559790791485     
       13600  -2672.9995041093071     
       13650  -2679.9122099007018     
       13700  -2686.8108305730602     
       13750  -2693.6665319534704     
       13800  -2700.4725785122687     
       13850  -2707.2665263450940     
       13900  -2714.0630275375956     
       13950  -2720.8108082914414     
       14000  -2727.5606698907945     
       14050  -2734.2756680491925     
       14100  -2741.0163427084426     
       14150  -2747.7871883782104     
       14200  -2754.5232989458318     
       14250  -2761.2259131102555     
       14300  -2767.9077437419628     
       14350  -2774.5747510888923     
       14400  -2781.2321887692178     
       14450  -2787.8549553130047     
       14500  -2794.4563228478287     
       14550  -2801.0490328973051     
       14600  -2807.6247233523241     
       14650  -2814.1683806947799     
       14700  -2820.6677878472947     
       14750  -2827.1232529504618     
       14800  -2833.6268791173948     
       14850  -2840.1022453768419     
       14900  -2846.5407594509875     
       14950  -2852.9416381092142     
       15000  -2859.3053841462633     
       15050  -2865.6290876041057     
       15100  -2871.9109678694413     
       15150  -2878.1522665747284     
       15200  -2884.3745687033511     
       15250  -2890.5955681389510     
       15300  -2896.7808466300621     
       15350  -2902.9258301472896     
       15400  -2909.1133390643295     
       15450  -2915.2872513040902     
       15500  -2921.4219472417572     
       15550  -2927.5380737356850     
       15600  -2933.6707589923453     
       15650  -2939.7652606111878     
       15700  -2945.8339557463501     
       15750  -2951.9365523537172     
       15800  -2958.0410381394240     
       15850  -2964.1132693546278     
       15900  -2970.1709786339388     
       15950  -2976.2476695461128     
       16000  -2982.3188357659242     
       16050  -2988.3583317341222     
       16100  -2994.3627360592131     
       16150  -3000.3312373092117     
       16200  -3006.2667805706283     
       16250  -3012.2178429355663     
       16300  -3018.2104680442308     
       16350  -3024.1812757635407     
       16400  -3030.1350259821388     
       16450  -3036.1770194652950     
       16500  -3042.1873852772583     
       16550  -3048.1626433009201     
       16600  -3054.1019813205462     
       16650  -3060.0152490696719     
       16700  -3065.9006142615558     
       16750  -3071.7596049809094     
       16800  -3077.6068849636167     
       16850  -3083.4602245117344     
       16900  -3089.2875873128510     
       16950  -3095.0836739842089     
       17000  -3100.8483488040101     
       17050  -3106.5792132143110     
       17100  -3112.2767696193146     
       17150  -3117.9418975005183     
       17200  -3123.5769630722266     
       17250  -3129.1884737951091     
       17300  -3134.7675480398243     
       17350  -3140.3144662370200     
       17400  -3145.8295055940016     
       17450  -3151.3146509622165     
       17500  -3156.7787765498274     
       17550  -3162.2351726177385     
       17600  -3167.6610355571906     
       17650  -3173.0699929720276     
       17700  -3178.4617041383663     
       17750  -3183.8230715833138     
       17800  -3189.1548207263377     
       17850  -3194.4567001262631     
       17900  -3199.7865907181304     
       17950  -3205.1249802336606     
       18000  -3210.4497257263806     
       18050  -3215.7550640271356     
       18100  -3221.0372525382695     
       18150  -3226.2922384744647     
       18200  -3231.5316462136152     
       18250  -3236.8025304776975     
       18300  -3242.0467675468999     
       18350  -3247.2626807596330     
       18400  -3252.4504633281667     
       18450  -3257.6101278339984     
       18500  -3262.7435497494603     
       18550  -3267.8527206299314     
       18600  -3272.9366643729904     
       18650  -3277.9941313161457     
       18700  -3283.0266641490571     
       18750  -3288.0374181380093     
       18800  -3293.0215191802117     
       18850  -3297.9791793680793     
       18900  -3302.9211648741175     
       18950  -3307.8516921819432     
       19000  -3312.7662254604197     
       19050  -3317.6607497342252     
       19100  -3322.5392090227251     
       19150  -3327.4505234734511     
       19200  -3332.3395262351387     
       19250  -3337.2146556080002     
       19300  -3342.0760194163004     
       19350  -3346.9126496830140     
       19400  -3351.7314897420129     
       19450  -3356.5300790236629     
       19500  -3361.3075029055226     
       19550  -3366.0669190119024     
       19600  -3370.8060271422264     
       19650  -3375.5210176739229     
       19700  -3380.2120742435295     
       19750  -3384.8799558977216     
       19800  -3389.5244442274111     
       19850  -3394.1757222407205     
       19900  -3398.8069727489528     
       19950  -3403.4150089689238     
       20001  -3408.0914517770670     
       20050  -3412.3181588901366     
       20100  -3416.3515031897105     
       20150  -3420.1567513864798     
       20200  -3423.7804245160360     
       20250  -3427.4205425832056     
       20300  -3430.7254114139701     
       20350  -3433.5421327226163     
       20400  -3436.3450735104566     
       20450  -3438.7920900525892     
       20500  -3440.5056435889769     
       20550  -3441.1658791511709     
       20600  -3441.7857337358055     
       20650  -3441.7525419708018     
       20700  -3441.1064742794856     
       20750  -3440.0260300278028     
       20800  -3438.8244211720025     
       20850  -3437.6033082893437     
       20900  -3435.5655903983352     
       20950  -3432.8069880972716     
       21000  -3429.8754728055610     
       21050  -3426.4150168526453     
       21100  -3421.5229160979743     
       21150  -3416.4534573496248     
       21200  -3410.9342889997520     
       21250  -3405.3088230444587     
       21300  -3399.4700359283815     
       21350  -3393.5889349602157     
       21400  -3387.6994199928854     
       21450  -3381.6888021731434     
       21500  -3375.5433393393359     
       21550  -3369.4461259391474     
       21600  -3363.5008398607179     
       21650  -3357.5953234805897     
       21700  -3351.4906906690458     
       21750  -3345.3024546286010     
       21800  -3339.2321352253189     
       21850  -3333.2202655534134     
       21900  -3327.2475344986228     
       21950  -3321.3421341148214     
       22000  -3315.5651662541040     
       22050  -3309.7168545139789     
       22100  -3304.0124505546114     
       22150  -3298.1855383279476     
       22200  -3292.2980559339708     
       22250  -3286.4475719881707     
       22300  -3280.2686891027288     
       22350  -3273.9234912417305     
       22400  -3267.2460611112806     
       22450  -3260.2750741775208     
       22500  -3253.2019947667495     
       22550  -3246.1250534778928     
       22600  -3238.9864213790170     
       22650  -3231.8959811566770     
       22700  -3224.7248228344824     
       22750  -3217.5243902679204     
       22800  -3210.3922923315772     
       22850  -3203.4023521866029     
       22900  -3196.5064625715977     
       22950  -3189.7964053399228     
       23000  -3183.1332343385056     
       23050  -3176.3124454977242     
       23100  -3169.6558445538271     
       23150  -3162.8625716975466     
       23200  -3156.0512411781169     
       23250  -3149.3489058288242     
       23300  -3142.6998872006798     
       23350  -3136.0790742077220     
       23400  -3129.4611059190242     
       23450  -3122.8678402230234     
       23500  -3116.1603461546151     
       23550  -3109.6432105430272     
       23600  -3103.1744291568730     
       23650  -3096.6183176649147     
       23700  -3090.1081706969594     
       23750  -3083.8547550583298     
       23800  -3077.6183976227853     
       23850  -3071.4177957544966     
       23900  -3065.2024373372901     
       23950  -3059.1079822194688     
       24000  -3053.1352394848122     
       24050  -3047.2818782351083     
       24100  -3041.4071937263070     
       24150  -3035.5366375706590     
       24200  -3029.4442097653282     
       24250  -3023.1349668096755     
       24300  -3017.0136000485040     
       24350  -3010.8979055458235     
       24400  -3004.8465291121947     
       24450  -2998.9253943998729     
       24500  -2993.1318920125277     
       24550  -2987.4708049395226     
       24600  -2981.8805253825872     
       24650  -2976.2862793699001     
       24700  -2970.7181928334926     
       24750  -2965.1934727556250     
       24800  -2959.5948923812252     
       24850  -2954.2406930750581     
       24900  -2948.8977737885434     
       24950  -2943.5401826481734     
       25000  -2938.2950191398018     
       25050  -2932.8968623572173     
       25100  -2927.4213924537844     
       25150  -2921.6531450317298     
       25200  -2915.6939902682702     
       25250  -2909.7323274490532     
       25300  -2903.7979910984754     
       25350  -2897.6791391560314     
       25400  -2891.5662770550725     
       25450  -2885.4545117450102     
       25500  -2879.6339696912105     
       25550  -2873.8964309322387     
       25600  -2868.1120389859057     
       25650  -2862.3809527346061     
       25700  -2856.4878849240181     
       25750  -2850.6025867419980     
       25800  -2844.7552005211219     
       25850  -2838.9331750760739     
       25900  -2833.1347693939156     
       25950  -2827.3671931004201     
       26000  -2821.7472455113630     
       26050  -2816.1029433992444     
       26100  -2810.4865373064167     
       26150  -2804.8726494599405     
       26200  -2799.2728975314435     
       26250  -2793.4105627579193     
       26300  -2787.5807180385696     
       26350  -2781.5415725232274     
       26400  -2775.6405536133643     
       26450  -2769.8981338390445     
       26500  -2764.0935235754946     
       26550  -2758.2944063766586     
       26600  -2752.3274865577450     
       26650  -2746.4275646668889     
       26700  -2740.6474132223630     
       26750  -2735.0413070174263     
       26800  -2729.6285205012373     
       26850  -2724.3644785731503     
       26900  -2719.1119169993503     
       26950  -2713.7656727152989     
       27000  -2708.4732013760990     
       27050  -2703.0787014736538     
       27100  -2697.4548994453889     
       27150  -2691.9174317445800     
       27200  -2686.3896878190044     
       27250  -2680.8477625159112     
       27300  -2675.3848240444422     
       27350  -2669.9086367428281     
       27400  -2664.4309437050342     
       27450  -2658.9625244982103     
       27500  -2653.4860268630696     
       27550  -2648.0428312263166     
       27600  -2642.8010428084722     
       27650  -2637.5204947586271     
       27700  -2632.2669945868929     
       27750  -2626.9431493910843     
       27800  -2621.6889340698804     
       27850  -2616.6534555368758     
       27900  -2611.5455230084440     
       27950  -2606.4865746315386     
       28000  -2601.3975999426957     
       28050  -2596.2859281822334     
       28100  -2591.2043347904014     
       28150  -2586.2485043523948     
       28200  -2581.3012433546023     
       28250  -2576.3274311110736     
       28300  -2571.3210030466948     
       28350  -2566.2929513441991     
       28400  -2561.2007893557397     
       28450  -2556.2184798767798     
       28500  -2551.3060783019978     
       28550  -2546.6232998548699     
       28600  -2541.9302509901058     
       28650  -2537.1183639101332     
       28700  -2532.2591562873449     
       28750  -2527.3691301055105     
       28800  -2522.6032096482054     
       28850  -2517.9190854103986     
       28900  -2513.2242896376511     
       28950  -2508.5416151081808     
       29000  -2503.9283255370751     
       29050  -2499.3298124650037     
       29100  -2494.6526065849353     
       29150  -2490.0725889001587     
       29200  -2485.3025902252293     
       29250  -2480.6486611466094     
       29300  -2475.9098836009734     
       29350  -2471.2256313475777     
       29400  -2466.6590628223830     
       29450  -2461.9778690328967     
       29500  -2457.3712222217900     
       29550  -2452.6340228340537     
       29600  -2447.8067987119080     
       29650  -2443.0156850364242     
       29700  -2438.1413344975836     
       29750  -2433.3050294020577     
       29800  -2428.5599393130010     
       29850  -2423.7460905204498     
       29900  -2419.3752832061405     
       29950  -2414.9372543091790     
       30000  -2410.4854022330492     
