  0.27466691372202606       0.83964824219467415        2.5345245669000288E-002   8.4484152230000966E-003   81.530812434674743     
  0.33155005169485019        4.3260164884306743E-002   2.5345245669000288E-002   8.4484152230000966E-003   135.87008281655471     
  0.12995873435305960       0.36974389560634513        2.5345245669000288E-002   8.4484152230000966E-003   98.110408345882178     
  0.25391500773229941       0.54923537563965508        2.5345245669000288E-002   8.4484152230000966E-003   127.04465799070707     
  0.50959078824820092        4.4087151591145776E-002   2.5345245669000288E-002   8.4484152230000966E-003   99.309519970002199     
   7.4182482935487473E-002  0.99899270957002562        2.5345245669000288E-002   8.4484152230000966E-003   51.323731820572725     
  0.85354206953079481       0.39436383332726976        2.5345245669000288E-002   8.4484152230000966E-003   153.46232378263841     
  0.47513202295487855       0.62734094772668603        2.5345245669000288E-002   8.4484152230000966E-003   65.921132341863697     
  0.58630133283124852       0.63079914269968984        2.5345245669000288E-002   8.4484152230000966E-003   100.23385123227598     
   1.7442325890010216E-002  0.43422414107094259        2.5345245669000288E-002   8.4484152230000966E-003   44.068767352888933     
  0.50099269863265861       0.66935451266881552        2.5345245669000288E-002   8.4484152230000966E-003   40.896759476850072     
   4.5973149550947223E-002  0.59357980917002906        2.5345245669000288E-002   8.4484152230000966E-003   22.358730528732806     
  0.25646181651987188       0.18961871652494505        2.5345245669000288E-002   8.4484152230000966E-003   154.62778893851771     
   7.3629119088163192E-002  0.95352138381057583        2.5345245669000288E-002   8.4484152230000966E-003   40.001224968630879     
  0.50193961086515038       0.81663677533933443        2.5345245669000288E-002   8.4484152230000966E-003   144.95107935780740     
  0.19383729587332230       0.81198669144127611        2.5345245669000288E-002   8.4484152230000966E-003   69.351517445118617     
  0.89838416473696747       0.74051701177409202        2.5345245669000288E-002   8.4484152230000966E-003   11.584403345908171     
  0.93465685149244593       0.89897890077168152        2.5345245669000288E-002   8.4484152230000966E-003   141.27513548819653     
  0.42419844469821288       0.62357160229604458        2.5345245669000288E-002   8.4484152230000966E-003   73.869812690156536     
  0.54762105861633714        6.4136908054030661E-002   2.5345245669000288E-002   8.4484152230000966E-003   132.00954712639168     
  0.97065847465455424       0.98265244657724615        2.5345245669000288E-002   8.4484152230000966E-003   46.091401408784613     
  0.20316591072396140       0.41611418581845361        2.5345245669000288E-002   8.4484152230000966E-003   28.360462393210874     
  0.22239407334157321       0.66063297811675559        2.5345245669000288E-002   8.4484152230000966E-003   61.656367649227029     
  0.18839425342659366       0.42423974847420087        2.5345245669000288E-002   8.4484152230000966E-003   171.39294315008453     
  0.63118088741338596       0.60173562574357153        2.5345245669000288E-002   8.4484152230000966E-003   120.19446630800591     
  0.53824960783707798        5.6859059356259581E-002   2.5345245669000288E-002   8.4484152230000966E-003   134.04441939377026     
  0.18981450889884205       0.50063501847673175        2.5345245669000288E-002   8.4484152230000966E-003   108.87662527384849     
  0.97351024178142687       0.95263317594193997        2.5345245669000288E-002   8.4484152230000966E-003   76.581808768424068     
  0.16561015466082057       0.15939711981491606        2.5345245669000288E-002   8.4484152230000966E-003   139.61037036351928     
  0.17827709872960651       0.49636538121620460        2.5345245669000288E-002   8.4484152230000966E-003   120.37818974775547     
  0.36590885771054699       0.23486696419008574        2.5345245669000288E-002   8.4484152230000966E-003   96.217025291615684     
  0.31011581251947112       0.20556891901994082        2.5345245669000288E-002   8.4484152230000966E-003   158.28947297092770     
  0.25490760741489576       0.39269814154945504        2.5345245669000288E-002   8.4484152230000966E-003   138.60241381228209     
  0.35029837153463639       0.47815755119964981        2.5345245669000288E-002   8.4484152230000966E-003   12.892254918041484     
  0.75374734059733839       0.23730261662025723        2.5345245669000288E-002   8.4484152230000966E-003   21.334834385179413     
   1.5266146460150093E-002  0.32003870434783949        2.5345245669000288E-002   8.4484152230000966E-003   161.14892704210189     
  0.35777961182597096       0.92597325481245440        2.5345245669000288E-002   8.4484152230000966E-003   130.81389311942314     
  0.23009609969247527       0.45339196764324224        2.5345245669000288E-002   8.4484152230000966E-003   68.370705503742187     
  0.49955279749569220       0.87684611871673424        2.5345245669000288E-002   8.4484152230000966E-003   178.35927474453968     
   6.6541253428909250E-002   5.1712395609032182E-003   2.5345245669000288E-002   8.4484152230000966E-003   49.036784427299480     
   8.9688486799870806E-002   9.2223257770565684E-002   2.5345245669000288E-002   8.4484152230000966E-003   139.86446264082531     
  0.68312830683211234       0.23663632063158715        2.5345245669000288E-002   8.4484152230000966E-003   98.805360420586382     
   3.8141677790568235E-002  0.83591206014405040        2.5345245669000288E-002   8.4484152230000966E-003   67.364566018566535     
  0.17023524347990263       0.23116301865559227        2.5345245669000288E-002   8.4484152230000966E-003   62.583477703898964     
  0.32281320692072246        6.7255307061699937E-002   2.5345245669000288E-002   8.4484152230000966E-003   103.62461519036083     
  0.63252960788469059       0.93126590838523582        2.5345245669000288E-002   8.4484152230000966E-003   134.47989883496953     
  0.98462578066318307       0.28445587398406719        2.5345245669000288E-002   8.4484152230000966E-003   112.34345056055732     
  0.66664722157640077       0.21585155932285782        2.5345245669000288E-002   8.4484152230000966E-003   155.53326283061287     
   6.6438608397123358E-002  0.63553583876310260        2.5345245669000288E-002   8.4484152230000966E-003   38.734752809374591     
  0.64161469283384620       0.43346502469551063        2.5345245669000288E-002   8.4484152230000966E-003   122.66696349726614     
   5.4417839508302888E-002  0.91604942167138070        2.5345245669000288E-002   8.4484152230000966E-003   47.273554065614981     
  0.56650827273409965       0.70120169327916282        2.5345245669000288E-002   8.4484152230000966E-003   175.45399634800370     
   9.9535376109313997E-002  0.49243549602234138        2.5345245669000288E-002   8.4484152230000966E-003   166.98063399961865     
  0.34297544004683866       0.66743269050417253        2.5345245669000288E-002   8.4484152230000966E-003   99.789595980483881     
   1.8405274593778703E-002  0.10549165616649109        2.5345245669000288E-002   8.4484152230000966E-003   147.76455714250329     
  0.28713443402334371       0.73451367605012974        2.5345245669000288E-002   8.4484152230000966E-003   99.089957075727312     
  0.95226393833489598       0.38545557915470929        2.5345245669000288E-002   8.4484152230000966E-003   30.799799315390615     
  0.31595105624563979       0.75885152180515969        2.5345245669000288E-002   8.4484152230000966E-003   76.288221629568767     
  0.17714545319665387       0.57632097351964595        2.5345245669000288E-002   8.4484152230000966E-003   24.837265345811634     
  0.98856653382266568       0.69995203295452435        2.5345245669000288E-002   8.4484152230000966E-003   70.528996629856863     
  0.45585098198956503       0.97377578027553380        2.5345245669000288E-002   8.4484152230000966E-003   30.939405509200629     
   5.5472693184492050E-002  0.35182742570175662        2.5345245669000288E-002   8.4484152230000966E-003   11.081780826650267     
  0.28726581300906578       0.77988408517750996        2.5345245669000288E-002   8.4484152230000966E-003   94.643901845548143     
  0.78803525008689246       0.57897110632982873        2.5345245669000288E-002   8.4484152230000966E-003   134.62856759616557     
  0.74735700145010286       0.68924444157641118        2.5345245669000288E-002   8.4484152230000966E-003   90.247138597074326     
  0.12932412027505349        6.3834489825948214E-003   2.5345245669000288E-002   8.4484152230000966E-003   93.432640391995406     
  0.60667459600015572       0.40102874931368726        2.5345245669000288E-002   8.4484152230000966E-003   155.37758379573683     
  0.44702817599033456        4.7585638991359265E-002   2.5345245669000288E-002   8.4484152230000966E-003   151.08346049911066     
  0.72352760846322972       0.97603665714028243        2.5345245669000288E-002   8.4484152230000966E-003   59.146273762655113     
  0.96241809171408332       0.72240152259565649        2.5345245669000288E-002   8.4484152230000966E-003   19.870201663797321     
  0.42076899693670583       0.13553828326242723        2.5345245669000288E-002   8.4484152230000966E-003   58.839372830859709     
  0.85680517305633519       0.83769752311544632        2.5345245669000288E-002   8.4484152230000966E-003   177.10998198313104     
  0.17658872584860416       0.43883321775200290        2.5345245669000288E-002   8.4484152230000966E-003   2.8824506036510238     
  0.43736937074735166       0.26216108466378885        2.5345245669000288E-002   8.4484152230000966E-003   161.59950433809209     
  0.60862490600589847       0.26461149867471684        2.5345245669000288E-002   8.4484152230000966E-003   160.37356038775883     
  0.60511664771293971       0.57748413379787389        2.5345245669000288E-002   8.4484152230000966E-003   51.434694869420063     
  0.26735707904731193       0.22214176351818804        2.5345245669000288E-002   8.4484152230000966E-003   47.809956272061115     
  0.64274224823995141       0.87778381322875232        2.5345245669000288E-002   8.4484152230000966E-003   172.56197019772020     
  0.49466073840823405       0.42389176629849717        2.5345245669000288E-002   8.4484152230000966E-003   139.98603294478391     
  0.69348772937987690       0.87572654473616041        2.5345245669000288E-002   8.4484152230000966E-003   168.25213017916820     
  0.97313548660009019       0.87442453818555188        2.5345245669000288E-002   8.4484152230000966E-003   27.241089509098142     
  0.25674815345676649       0.11384815113972400        2.5345245669000288E-002   8.4484152230000966E-003   51.424886913092521     
  0.37820243175405671       0.93040479555184741        2.5345245669000288E-002   8.4484152230000966E-003   43.752780960400763     
   8.0487629308800934E-002   8.3522797075505584E-002   2.5345245669000288E-002   8.4484152230000966E-003   111.44940129746641     
  0.15295702758089944       0.51292300055629547        2.5345245669000288E-002   8.4484152230000966E-003   7.5493806762142848     
   7.7120338949579065E-002  0.49816460582921257        2.5345245669000288E-002   8.4484152230000966E-003   143.19251382856800     
  0.15432191056994249       0.94531786957632746        2.5345245669000288E-002   8.4484152230000966E-003   142.08602304026110     
  0.64425341975647865       0.15406909149089051        2.5345245669000288E-002   8.4484152230000966E-003   138.28029089203324     
  0.52044170923902022       0.10887243465789716        2.5345245669000288E-002   8.4484152230000966E-003   47.971959517391660     
  0.94091188530207759       0.54665140924691769        2.5345245669000288E-002   8.4484152230000966E-003   91.266210246425061     
   9.8597803485960811E-002  0.14165667909154048        2.5345245669000288E-002   8.4484152230000966E-003   67.221516916448692     
  0.22272411722961205       0.99659795555722674        2.5345245669000288E-002   8.4484152230000966E-003   165.72577560585501     
  0.29073069382696348       0.24477176342412471        2.5345245669000288E-002   8.4484152230000966E-003   50.500800712298634     
  0.64334072251057317       0.48648349847123035        2.5345245669000288E-002   8.4484152230000966E-003   69.567018716221952     
  0.66959551608618006        3.8255019718266975E-002   2.5345245669000288E-002   8.4484152230000966E-003   123.25875154323589     
  0.38600679675813038        6.8665951602726316E-003   2.5345245669000288E-002   8.4484152230000966E-003   132.97610894822014     
  0.29823845580683034       0.37845879908207636        2.5345245669000288E-002   8.4484152230000966E-003   51.441982752675436     
  0.45657797431013780       0.40179170051785218        2.5345245669000288E-002   8.4484152230000966E-003   75.524412493256406     
  0.89008218914926973       0.75241801149623877        2.5345245669000288E-002   8.4484152230000966E-003   66.162007512417901     
  0.93340601036670467       0.72382267563238312        2.5345245669000288E-002   8.4484152230000966E-003   1.9406292359128057     
  0.99891059312104236        9.7694632361688960E-002   2.5345245669000288E-002   8.4484152230000966E-003   90.940307431587087     
  0.94741669876103107       0.75295463390469863        2.5345245669000288E-002   8.4484152230000966E-003   128.45286407530932     
  0.46978937624899747       0.85088668078192509        2.5345245669000288E-002   8.4484152230000966E-003   137.43894726448249     
  0.62153960290576393       0.96093661285320031        2.5345245669000288E-002   8.4484152230000966E-003   131.46308669581185     
  0.40216368468616787       0.84311968905602652        2.5345245669000288E-002   8.4484152230000966E-003   109.15079317047142     
  0.19251773953454865       0.56649986781486517        2.5345245669000288E-002   8.4484152230000966E-003   112.00970760678182     
  0.44609278554217430       0.34779103685130064        2.5345245669000288E-002   8.4484152230000966E-003   156.96782014345038     
  0.60246216735238800        1.9810884879672353E-002   2.5345245669000288E-002   8.4484152230000966E-003   133.17702723157004     
  0.86434748453589383       0.27544367201030684        2.5345245669000288E-002   8.4484152230000966E-003   116.98490696969307     
  0.13929171526795056       0.40653040006335422        2.5345245669000288E-002   8.4484152230000966E-003   151.84243368292547     
  0.81331861900570046       0.64987408346206577        2.5345245669000288E-002   8.4484152230000966E-003   46.065986365130563     
  0.11965679746829250       0.36710889862930129        2.5345245669000288E-002   8.4484152230000966E-003   114.35988314826511     
  0.79108825459984899       0.49980766770024410        2.5345245669000288E-002   8.4484152230000966E-003   101.67702547602688     
   7.5343976238799890E-002  0.67668616255459202        2.5345245669000288E-002   8.4484152230000966E-003   128.05947711973243     
   8.1935829608919430E-002  0.57597935917690180        2.5345245669000288E-002   8.4484152230000966E-003   35.146402070505630     
  0.46519429576296678       0.39918219681136108        2.5345245669000288E-002   8.4484152230000966E-003   65.491343007080317     
  0.54918130521890418       0.43098061587193948        2.5345245669000288E-002   8.4484152230000966E-003   153.96320367808096     
  0.25172653637356601       0.22735425862328426        2.5345245669000288E-002   8.4484152230000966E-003   68.017550663553095     
  0.44517743654045405       0.46602451302522724        2.5345245669000288E-002   8.4484152230000966E-003   149.45324745891895     
  0.78199503364100387       0.53864862720501838        2.5345245669000288E-002   8.4484152230000966E-003   48.453793445170135     
  0.42430488113411330       0.43975971750785037        2.5345245669000288E-002   8.4484152230000966E-003   152.90276602061238     
  0.90167761140251079       0.50198917911836793        2.5345245669000288E-002   8.4484152230000966E-003   166.27434321228378     
  0.28757821956543173       0.82716636785515607        2.5345245669000288E-002   8.4484152230000966E-003   8.1559860642341970     
  0.63149734894977272       0.68957754246398562        2.5345245669000288E-002   8.4484152230000966E-003   95.694975757772553     
   8.8789643146769251E-002  0.15348492351871101        2.5345245669000288E-002   8.4484152230000966E-003   7.0971272074411687     
  0.95746373055268319       0.98732613288438098        2.5345245669000288E-002   8.4484152230000966E-003   98.124570845201845     
  0.27421708141157453        7.1395716250531288E-002   2.5345245669000288E-002   8.4484152230000966E-003   156.22244528816444     
  0.26191734115731624        2.9961537677120995E-002   2.5345245669000288E-002   8.4484152230000966E-003   48.739917437961786     
  0.32627698430738600       0.75095374135432258        2.5345245669000288E-002   8.4484152230000966E-003   39.414514494935858     
  0.42175854213795538       0.47503264298649828        2.5345245669000288E-002   8.4484152230000966E-003   171.41340929299585     
  0.97083918717399953       0.76528050738045683        2.5345245669000288E-002   8.4484152230000966E-003   76.318149813936429     
   9.3761120857048033E-002  0.88042822341168681        2.5345245669000288E-002   8.4484152230000966E-003   136.71349417238824     
  0.71155650251121738       0.94517413785473936        2.5345245669000288E-002   8.4484152230000966E-003   38.353305150536322     
  0.55730271757277494       0.87055796806117047        2.5345245669000288E-002   8.4484152230000966E-003   50.741341841413671     
  0.96783762499465764        8.8336741054867898E-002   2.5345245669000288E-002   8.4484152230000966E-003   83.246749432279586     
  0.15140812732274553       0.78767856597425223        2.5345245669000288E-002   8.4484152230000966E-003   5.2924017970702391     
  0.38405585850182250       0.94996686745943248        2.5345245669000288E-002   8.4484152230000966E-003   63.245924545174276     
  0.41223908198084991       0.77863412176068303        2.5345245669000288E-002   8.4484152230000966E-003   135.65499094835212     
  0.29841174874847992       0.97283994784224959        2.5345245669000288E-002   8.4484152230000966E-003   147.48788259735798     
   7.7684331726224312E-002  0.20538343674887885        2.5345245669000288E-002   8.4484152230000966E-003   101.77890321598704     
  0.32570671803156065       0.58040121725561877        2.5345245669000288E-002   8.4484152230000966E-003   35.532620895082495     
  0.81232814330043313       0.32878573184698456        2.5345245669000288E-002   8.4484152230000966E-003   43.292140159444841     
  0.22911455093646479       0.34679690554643788        2.5345245669000288E-002   8.4484152230000966E-003   161.58623870524124     
  0.87132573275275582       0.85737326647731282        2.5345245669000288E-002   8.4484152230000966E-003   117.06986407909470     
  0.73470204297903630       0.63740219155919065        2.5345245669000288E-002   8.4484152230000966E-003   156.49553191015508     
  0.50899830566013970       0.76488201528066257        2.5345245669000288E-002   8.4484152230000966E-003   40.831060405187372     
  0.66372960215750765       0.42362997775717781        2.5345245669000288E-002   8.4484152230000966E-003   2.8496449437084701     
   8.9703827414298790E-002  0.83493287187058651        2.5345245669000288E-002   8.4484152230000966E-003   94.811385832479118     
  0.58513966496622338       0.47338981007125452        2.5345245669000288E-002   8.4484152230000966E-003   142.42064093228171     
  0.64133691610651633       0.74972715609764407        2.5345245669000288E-002   8.4484152230000966E-003   79.184389039023330     
  0.37858857213753749       0.56042719442046651        2.5345245669000288E-002   8.4484152230000966E-003   168.51220800193849     
  0.41619403108638531       0.85729588293541514        2.5345245669000288E-002   8.4484152230000966E-003   176.81598290072685     
  0.96986811991220356       0.24980686243449474        2.5345245669000288E-002   8.4484152230000966E-003   29.440206839664640     
  0.43803518523408552       0.52325630972754777        2.5345245669000288E-002   8.4484152230000966E-003   178.43831104610879     
   7.2927821875522533E-002  0.96721086709797122        2.5345245669000288E-002   8.4484152230000966E-003  0.66155963867555556     
  0.79998977721553843        5.4038286260972540E-002   2.5345245669000288E-002   8.4484152230000966E-003   171.10858616848935     
  0.89980525127734179       0.26565930368559409        2.5345245669000288E-002   8.4484152230000966E-003   76.814210287624917     
  0.48560326601165221       0.92367187862509026        2.5345245669000288E-002   8.4484152230000966E-003   161.60826440327918     
  0.87756456985836728       0.92706258213377435        2.5345245669000288E-002   8.4484152230000966E-003   126.28915493682872     
  0.52855497781521321       0.46858795408805198        2.5345245669000288E-002   8.4484152230000966E-003   122.24121675384390     
  0.30892127896707999       0.53251350904528982        2.5345245669000288E-002   8.4484152230000966E-003   35.355467653467670     
  0.47649562475542245       0.54145409463001559        2.5345245669000288E-002   8.4484152230000966E-003   1.1251091492056267     
  0.17427980546217764       0.69728151733795052        2.5345245669000288E-002   8.4484152230000966E-003   70.432163732002451     
  0.79107319649123398       0.71479813446399876        2.5345245669000288E-002   8.4484152230000966E-003   73.937418555692091     
  0.45608576011061991       0.87633224324079884        2.5345245669000288E-002   8.4484152230000966E-003   172.55590397480495     
  0.15771511044035172        4.1991242142621326E-003   2.5345245669000288E-002   8.4484152230000966E-003   150.77884835479881     
  0.39312415426693964       0.23934844684406228        2.5345245669000288E-002   8.4484152230000966E-003   71.078867030657676     
  0.82632819248265421       0.24226572920053696        2.5345245669000288E-002   8.4484152230000966E-003   144.73656954365242     
  0.56088154254752753       0.51784229378815017        2.5345245669000288E-002   8.4484152230000966E-003   106.56050682912723     
  0.62436592543718616       0.77232672004750791        2.5345245669000288E-002   8.4484152230000966E-003   12.495068081692230     
   6.1117929244106514E-002   8.8620229746672524E-002   2.5345245669000288E-002   8.4484152230000966E-003   58.683572769446151     
  0.74024445047638299       0.24903730614420280        2.5345245669000288E-002   8.4484152230000966E-003   99.909131793433900     
  0.12810071246098970       0.30825119434206044        2.5345245669000288E-002   8.4484152230000966E-003   85.063090025150501     
  0.66740582956854433       0.22583368283965127        2.5345245669000288E-002   8.4484152230000966E-003   159.31253620310014     
  0.89406474912677281       0.43604402992011271        2.5345245669000288E-002   8.4484152230000966E-003   30.410983960578982     
  0.48113664322430921       0.82633445456088994        2.5345245669000288E-002   8.4484152230000966E-003   10.414736350650241     
  0.40459955590267860       0.11562539692781909        2.5345245669000288E-002   8.4484152230000966E-003   61.370988888914724     
  0.69048997157895087       0.52687160014391188        2.5345245669000288E-002   8.4484152230000966E-003   141.99476169517945     
  0.62828210899791648       0.97353561634022434        2.5345245669000288E-002   8.4484152230000966E-003   173.66100953947091     
  0.23620313280852029       0.37052263185403783        2.5345245669000288E-002   8.4484152230000966E-003   143.78967523277851     
  0.92389726015495865       0.14325413063065240        2.5345245669000288E-002   8.4484152230000966E-003   84.584607586121010     
  0.90275308513173158       0.79450370726489883        2.5345245669000288E-002   8.4484152230000966E-003   38.096103506939862     
  0.11888403383286758       0.25256224991766607        2.5345245669000288E-002   8.4484152230000966E-003   54.247644198848754     
  0.17643732996525852       0.58620569868243266        2.5345245669000288E-002   8.4484152230000966E-003   11.168679804232802     
  0.35594778626262524       0.89223883796792047        2.5345245669000288E-002   8.4484152230000966E-003   74.883378612616653     
  0.26045792006107693       0.96825184371436179        2.5345245669000288E-002   8.4484152230000966E-003   178.16172574169312     
  0.65361004033098302       0.33897643670529060        2.5345245669000288E-002   8.4484152230000966E-003   73.562577761159773     
  0.18835564909853858       0.99432183335838631        2.5345245669000288E-002   8.4484152230000966E-003   120.06153333523791     
  0.97426169356901382       0.49688534921871608        2.5345245669000288E-002   8.4484152230000966E-003   167.22107723997513     
  0.60816960829466193       0.18101622095968137        2.5345245669000288E-002   8.4484152230000966E-003   117.50023377990344     
  0.61919994943154999       0.17995135606520610        2.5345245669000288E-002   8.4484152230000966E-003   85.759676549617424     
  0.81368097534927630        2.3702783453630773E-002   2.5345245669000288E-002   8.4484152230000966E-003   11.372592251827170     
  0.44202127304354888       0.39367077890952690        2.5345245669000288E-002   8.4484152230000966E-003   126.90288651839150     
   2.8020685879146159E-002  0.60438911841759912        2.5345245669000288E-002   8.4484152230000966E-003   108.96929781017374     
  0.41572780824406197       0.62722845791649218        2.5345245669000288E-002   8.4484152230000966E-003   65.043367625068058     
  0.19969173038754987       0.73864890076446199        2.5345245669000288E-002   8.4484152230000966E-003   48.389372193299529     
  0.85519444561698987       0.68195759690915825        2.5345245669000288E-002   8.4484152230000966E-003   122.48547781015077     
  0.28709731828573720       0.52438671395253456        2.5345245669000288E-002   8.4484152230000966E-003   30.016214023985988     
  0.58815542049363323       0.24366704661900626        2.5345245669000288E-002   8.4484152230000966E-003   49.361122085338167     
  0.28717600926111170       0.86800945610385105        2.5345245669000288E-002   8.4484152230000966E-003   4.0144189313173344     
  0.43505650070056223       0.53493762633945263        2.5345245669000288E-002   8.4484152230000966E-003   26.984715572419027     
  0.27117680564083158       0.39888018175833378        2.5345245669000288E-002   8.4484152230000966E-003   79.133881970252816     
  0.54757262726230926       0.87787047739830071        2.5345245669000288E-002   8.4484152230000966E-003   84.221402977974734     
  0.80560415680093223       0.74274301645145280        2.5345245669000288E-002   8.4484152230000966E-003   80.703547688807149     
  0.35822180444096030       0.75004770343657945        2.5345245669000288E-002   8.4484152230000966E-003   121.12371969340192     
  0.90994829096108054       0.78758362034258600        2.5345245669000288E-002   8.4484152230000966E-003   60.641317625302818     
  0.62399983268230486       0.85292472266799535        2.5345245669000288E-002   8.4484152230000966E-003   22.242681398348843     
  0.47864881736965137       0.91652374522355362        2.5345245669000288E-002   8.4484152230000966E-003   140.62839726494335     
  0.29071165590124093       0.38602865966151156        2.5345245669000288E-002   8.4484152230000966E-003   42.091335300013192     
  0.18281415945476043        2.9638769223253512E-002   2.5345245669000288E-002   8.4484152230000966E-003   65.772483975934406     
  0.24844984250061056       0.95041537494638373        2.5345245669000288E-002   8.4484152230000966E-003   4.7309822878490637     
   4.4880866664632844E-003  0.89882401786503874        2.5345245669000288E-002   8.4484152230000966E-003   145.59946869893687     
  0.24299546454782342       0.57107953162033931        2.5345245669000288E-002   8.4484152230000966E-003   138.51949856344487     
  0.94645069494992007        3.9990614601836109E-002   2.5345245669000288E-002   8.4484152230000966E-003   103.18661296035262     
  0.51208172964675402       0.51399281295984978        2.5345245669000288E-002   8.4484152230000966E-003   7.4114142651530965     
  0.11808824494364710       0.88431039251079202        2.5345245669000288E-002   8.4484152230000966E-003   56.371738645992146     
  0.86655918378446262       0.68462716346873942        2.5345245669000288E-002   8.4484152230000966E-003   117.88707246254252     
  0.43960682692312647       0.65946467816916332        2.5345245669000288E-002   8.4484152230000966E-003   70.995383921362290     
  0.14754152240113330       0.73015514194395548        2.5345245669000288E-002   8.4484152230000966E-003   178.13148693143222     
  0.85331065182685650       0.82589973132608263        2.5345245669000288E-002   8.4484152230000966E-003   21.556264716099246     
   6.3436705964339313E-002  0.21194121425896534        2.5345245669000288E-002   8.4484152230000966E-003   37.068620417422025     
  0.49729876041387133       0.38508460334471872        2.5345245669000288E-002   8.4484152230000966E-003   75.888904335236589     
  0.75449874148454066       0.90082618258081393        2.5345245669000288E-002   8.4484152230000966E-003   130.36611635336646     
   4.9998568794084569E-002   9.0473957673891641E-003   2.5345245669000288E-002   8.4484152230000966E-003   121.69192732768776     
  0.51904341524297992       0.14842250950836144        2.5345245669000288E-002   8.4484152230000966E-003   130.19549158057978     
   5.5315808725169995E-002  0.36055143681095603        2.5345245669000288E-002   8.4484152230000966E-003   13.110871238132965     
  0.88587761007313759       0.57433407118257551        2.5345245669000288E-002   8.4484152230000966E-003   176.82600921937762     
  0.34829769835375612       0.87125076696021486        2.5345245669000288E-002   8.4484152230000966E-003   88.884371351530561     
  0.21732890428926879       0.79002594423659322        2.5345245669000288E-002   8.4484152230000966E-003   116.48079740366329     
  0.11749790461956422       0.39891239066759182        2.5345245669000288E-002   8.4484152230000966E-003   65.375228346043457     
  0.17342969091213101       0.87912157687376891        2.5345245669000288E-002   8.4484152230000966E-003   29.486664430408958     
  0.86163224352829459       0.53235215506503686        2.5345245669000288E-002   8.4484152230000966E-003   89.445867519312870     
   4.7968695849175090E-002  0.98305401823674343        2.5345245669000288E-002   8.4484152230000966E-003   59.139945639714306     
  0.24803313247711975       0.46711371207238894        2.5345245669000288E-002   8.4484152230000966E-003   171.67461356490020     
  0.35765025903943237       0.60345659468969326        2.5345245669000288E-002   8.4484152230000966E-003   65.208266250417864     
  0.39437885614309293       0.21453947754542416        2.5345245669000288E-002   8.4484152230000966E-003   112.52853760818283     
  0.43840995505047170       0.92638186587747107        2.5345245669000288E-002   8.4484152230000966E-003   147.33211585540784     
  0.36874589084209819       0.77672843881521714        2.5345245669000288E-002   8.4484152230000966E-003   92.192600614098382     
  0.94582448244388584       0.58687960476289214        2.5345245669000288E-002   8.4484152230000966E-003   127.77534094401818     
  0.49813804874043910       0.93500309312541086        2.5345245669000288E-002   8.4484152230000966E-003   128.47130110583294     
  0.30614486438907690       0.64345525927608216        2.5345245669000288E-002   8.4484152230000966E-003   14.081996218054403     
  0.81277982716794317       0.76649282458215151        2.5345245669000288E-002   8.4484152230000966E-003   80.134694737125685     
  0.84753775412249799       0.43448117516150875        2.5345245669000288E-002   8.4484152230000966E-003   68.604667061658901     
  0.36701962284305384       0.66438904057488446        2.5345245669000288E-002   8.4484152230000966E-003   61.152970219032120     
  0.23552635256122709       0.98131282628748584        2.5345245669000288E-002   8.4484152230000966E-003   130.05849714506056     
  0.97916725661103465       0.60161491699425163        2.5345245669000288E-002   8.4484152230000966E-003   88.593000979351388     
  0.78893494002011488       0.64566031787980049        2.5345245669000288E-002   8.4484152230000966E-003   148.38503859458879     
   9.1057648603660959E-002  0.27280095010614608        2.5345245669000288E-002   8.4484152230000966E-003   120.35070614438041     
  0.43274220530621399       0.31736730653757517        2.5345245669000288E-002   8.4484152230000966E-003   80.739779218277548     
  0.81675401030010875       0.93719699840135196        2.5345245669000288E-002   8.4484152230000966E-003   55.001050469274304     
  0.49248401736186109       0.63372560962792768        2.5345245669000288E-002   8.4484152230000966E-003   149.31103433153496     
  0.63746859990868032       0.63164041085260925        2.5345245669000288E-002   8.4484152230000966E-003   74.443204099858349     
  0.96957231605002114       0.48452113720196366        2.5345245669000288E-002   8.4484152230000966E-003   133.60825800160038     
  0.65760931600667161       0.48489516905257479        2.5345245669000288E-002   8.4484152230000966E-003   110.37545778877750     
  0.95056294789309659       0.48516067435383892        2.5345245669000288E-002   8.4484152230000966E-003   49.600804625343706     
  0.61804537275982641       0.52349940904618764        2.5345245669000288E-002   8.4484152230000966E-003   27.227556609708028     
   8.7738129640971163E-002  0.56956812506036758        2.5345245669000288E-002   8.4484152230000966E-003   37.003375666582464     
  0.74098247118963312       0.12268951037463807        2.5345245669000288E-002   8.4484152230000966E-003   28.556892268981709     
  0.83877064589997608       0.47673874800091881        2.5345245669000288E-002   8.4484152230000966E-003   50.520084399360776     
  0.33652343711829891       0.74553449227245949        2.5345245669000288E-002   8.4484152230000966E-003   69.331884666443884     
  0.66611063030951456       0.14799390101978624        2.5345245669000288E-002   8.4484152230000966E-003   27.446943538724536     
  0.51189381137507417       0.89420214045082269        2.5345245669000288E-002   8.4484152230000966E-003   108.79016043136997     
   1.0989627064185435E-002  0.21122617547300498        2.5345245669000288E-002   8.4484152230000966E-003   80.436718744747850     
  0.34413747895263819       0.69382534739057067        2.5345245669000288E-002   8.4484152230000966E-003   101.43776456043588     
   3.2086089462438905E-002   2.2804100359965593E-002   2.5345245669000288E-002   8.4484152230000966E-003   140.75405937228120     
  0.62946018963129446       0.76114848675543512        2.5345245669000288E-002   8.4484152230000966E-003   42.726717153690274     
   8.2637881540414973E-002  0.76471670664165126        2.5345245669000288E-002   8.4484152230000966E-003   4.8754777258334716     
  0.15038768788248047       0.52353791761129331        2.5345245669000288E-002   8.4484152230000966E-003   5.0521519654118068     
  0.21735910577370796       0.46536431616813106        2.5345245669000288E-002   8.4484152230000966E-003   33.309421597421562     
  0.68438446250945317       0.68159493642870383        2.5345245669000288E-002   8.4484152230000966E-003   100.50134402844787     
  0.20877728607956972       0.98853026950794409        2.5345245669000288E-002   8.4484152230000966E-003   9.0097475425938800     
   8.6853108268114293E-002  0.94885478010666191        2.5345245669000288E-002   8.4484152230000966E-003   89.603067781897622     
  0.72030464683036555       0.72754879539009187        2.5345245669000288E-002   8.4484152230000966E-003   4.1242721665478941     
  0.87628288761916706        9.7041793214125482E-002   2.5345245669000288E-002   8.4484152230000966E-003   7.6940380586279717     
  0.82381386307200488        1.5619608291275591E-002   2.5345245669000288E-002   8.4484152230000966E-003   173.98732717657595     
  0.91208635216000766       0.28525483271613178        2.5345245669000288E-002   8.4484152230000966E-003   27.385908419174243     
  0.75971358754214569       0.81352002139448010        2.5345245669000288E-002   8.4484152230000966E-003   152.27980511229646     
  0.39881354012999570       0.72978618509837934        2.5345245669000288E-002   8.4484152230000966E-003   32.332793751166889     
  0.33908465800927690       0.11355916591259732        2.5345245669000288E-002   8.4484152230000966E-003   130.17255324668579     
  0.94818759348789816       0.42296856086057233        2.5345245669000288E-002   8.4484152230000966E-003   60.607128625784974     
  0.56868326554767512       0.76082241055270727        2.5345245669000288E-002   8.4484152230000966E-003   116.03080820623725     
  0.76556007039399487       0.90763619834126386        2.5345245669000288E-002   8.4484152230000966E-003   92.647636113711201     
  0.42208291039065671       0.59245998532889943        2.5345245669000288E-002   8.4484152230000966E-003   17.992001213515223     
  0.47728950952134236       0.52898064343110218        2.5345245669000288E-002   8.4484152230000966E-003   5.5384536980504926     
  0.53512768991900517       0.96319626525578705        2.5345245669000288E-002   8.4484152230000966E-003   41.308646339334054     
  0.40989808218615920       0.46547282455020011        2.5345245669000288E-002   8.4484152230000966E-003   116.56020295229612     
  0.80575787476760130       0.94774442928015767        2.5345245669000288E-002   8.4484152230000966E-003   37.323553837836755     
   2.7397960610567457E-002  0.17910219761312463        2.5345245669000288E-002   8.4484152230000966E-003   57.344372399976308     
  0.37598916187839526       0.62284918352509544        2.5345245669000288E-002   8.4484152230000966E-003   8.7396477548731770     
  0.61522041058461185       0.53418849302736215        2.5345245669000288E-002   8.4484152230000966E-003   173.74116849317181     
  0.13779621057783595       0.71305407844404356        2.5345245669000288E-002   8.4484152230000966E-003   98.978450605025657     
  0.80729718949538865       0.71645171783903583        2.5345245669000288E-002   8.4484152230000966E-003   128.82062020746650     
  0.99473786206021453       0.41275033242337245        2.5345245669000288E-002   8.4484152230000966E-003   23.615256354816626     
  0.93233393820013455       0.58055172397815635        2.5345245669000288E-002   8.4484152230000966E-003   88.475830487415934     
  0.39873900499765336       0.49133615674236414        2.5345245669000288E-002   8.4484152230000966E-003   89.848184445684637     
  0.57690807791674015       0.80963694676033449        2.5345245669000288E-002   8.4484152230000966E-003   76.868264579820675     
  0.86100590295146207       0.98180960904741332        2.5345245669000288E-002   8.4484152230000966E-003   148.58828351879680     
  0.30962215770504031       0.92803257544228213        2.5345245669000288E-002   8.4484152230000966E-003   9.8307216547482366     
  0.53416629436840568       0.23644890206352118        2.5345245669000288E-002   8.4484152230000966E-003   94.169037673328162     
   2.0467486671075653E-002  0.90642289700621104        2.5345245669000288E-002   8.4484152230000966E-003   83.921341627283965     
  0.20646779119835487       0.23196520391753300        2.5345245669000288E-002   8.4484152230000966E-003   96.967224974517762     
  0.39989475927745866       0.61994879512809242        2.5345245669000288E-002   8.4484152230000966E-003   139.52676801582578     
  0.71145499433823900       0.88408424869112767        2.5345245669000288E-002   8.4484152230000966E-003   79.631184406881530     
  0.86264562968573333       0.94661306559128611        2.5345245669000288E-002   8.4484152230000966E-003   153.31617020250971     
   3.3310579022320479E-002  0.96142034225249284        2.5345245669000288E-002   8.4484152230000966E-003   69.310935380370125     
  0.90503884457396988       0.36482747817361744        2.5345245669000288E-002   8.4484152230000966E-003   141.12105428184830     
  0.11606347188140496       0.77764701479235121        2.5345245669000288E-002   8.4484152230000966E-003   26.414605883295415     
  0.53015081913341755       0.53946977500133830        2.5345245669000288E-002   8.4484152230000966E-003   132.43182497876936     
  0.17217926518421670       0.31084320612972965        2.5345245669000288E-002   8.4484152230000966E-003   123.48867406558119     
  0.61826885709435142       0.29853962516344612        2.5345245669000288E-002   8.4484152230000966E-003   118.49027817774270     
  0.46854102807064546       0.91115299481997303        2.5345245669000288E-002   8.4484152230000966E-003   120.85071314164000     
  0.36455465379593738       0.29504304770843010        2.5345245669000288E-002   8.4484152230000966E-003   46.812135555330435     
  0.72164705928415307       0.76298468656933816        2.5345245669000288E-002   8.4484152230000966E-003   158.29330060185427     
  0.30416729255573699       0.29571179577490864        2.5345245669000288E-002   8.4484152230000966E-003   31.916137926220763     
  0.43671954939484503       0.62056681943362790        2.5345245669000288E-002   8.4484152230000966E-003   83.794046480904314     
  0.37623804366501123       0.72864804888023249        2.5345245669000288E-002   8.4484152230000966E-003   137.69244796845970     
  0.72800114702435836       0.44034414632895247        2.5345245669000288E-002   8.4484152230000966E-003   9.8060793974514802     
  0.71186168698521524       0.10717624209150564        2.5345245669000288E-002   8.4484152230000966E-003   164.61882280260320     
  0.95325253741736748       0.34211519736536272        2.5345245669000288E-002   8.4484152230000966E-003   57.488784435692558     
  0.95459888848640972       0.53439027283923257        2.5345245669000288E-002   8.4484152230000966E-003   15.765542959361873     
  0.84757098817641086       0.46679159960300681        2.5345245669000288E-002   8.4484152230000966E-003   40.275732100912009     
  0.54311662780349768       0.32439880169368102        2.5345245669000288E-002   8.4484152230000966E-003   164.84824535069097     
   3.2034713314413384E-002  0.50011684125084677        2.5345245669000288E-002   8.4484152230000966E-003   124.22092379782281     
   4.3962096796310475E-002  0.63996247904177150        2.5345245669000288E-002   8.4484152230000966E-003   122.00541211383418     
  0.76660762581358788       0.13932039245960917        2.5345245669000288E-002   8.4484152230000966E-003   72.567704257673981     
  0.92689022112681452       0.89043089498714645        2.5345245669000288E-002   8.4484152230000966E-003   123.25521762584964     
  0.33761883464432901       0.20974101442685567        2.5345245669000288E-002   8.4484152230000966E-003   178.37298513888558     
  0.47742456974428915       0.23146831315594585        2.5345245669000288E-002   8.4484152230000966E-003   165.15353616725213     
  0.11153103256636485       0.26563403363038979        2.5345245669000288E-002   8.4484152230000966E-003   7.4374770550921330     
   1.0152345720779277E-002  0.65326178982100847        2.5345245669000288E-002   8.4484152230000966E-003   2.1655690819366820     
  0.26538058763674693       0.93558584571743775        2.5345245669000288E-002   8.4484152230000966E-003   107.69950050905234     
  0.59102827744660413       0.27859188070101204        2.5345245669000288E-002   8.4484152230000966E-003   147.41063607526200     
  0.25184682504162470       0.87605066858104497        2.5345245669000288E-002   8.4484152230000966E-003   74.255357670460540     
  0.89703398073708296       0.13684544350551439        2.5345245669000288E-002   8.4484152230000966E-003   121.43882449707021     
  0.71050784826420177        4.0958098888466112E-002   2.5345245669000288E-002   8.4484152230000966E-003   110.48633473521957     
  0.76365939575781816       0.16073471187393776        2.5345245669000288E-002   8.4484152230000966E-003   97.030072679769347     
  0.56789311386672614       0.91629006336562158        2.5345245669000288E-002   8.4484152230000966E-003   7.4601283735180788     
  0.56239509809333810       0.80492869499073372        2.5345245669000288E-002   8.4484152230000966E-003   129.79932023395887     
  0.14090854192137453       0.59228634375062927        2.5345245669000288E-002   8.4484152230000966E-003   72.016798919033221     
  0.87412647344964778       0.22439949309016111        2.5345245669000288E-002   8.4484152230000966E-003   142.40735599497577     
  0.17886349558356257       0.87048278041478411        2.5345245669000288E-002   8.4484152230000966E-003   37.646023967728041     
  0.57307747832659461       0.71350177837752204        2.5345245669000288E-002   8.4484152230000966E-003   128.37485976603955     
  0.35995656931600922       0.77300782264622259        2.5345245669000288E-002   8.4484152230000966E-003   101.44331065131416     
  0.60151014262409319       0.47714602892860253        2.5345245669000288E-002   8.4484152230000966E-003   76.754456447264545     
  0.52627012918940941       0.21251655247464435        2.5345245669000288E-002   8.4484152230000966E-003   68.037799924478392     
  0.32267493085917565       0.15772723550489925        2.5345245669000288E-002   8.4484152230000966E-003   124.72449205982585     
  0.55408814568131670       0.76443768212337027        2.5345245669000288E-002   8.4484152230000966E-003   57.771799965809564     
  0.10108894928873882        4.5903664377743986E-002   2.5345245669000288E-002   8.4484152230000966E-003   41.092881168422707     
  0.69388805478578452       0.36090076724384151        2.5345245669000288E-002   8.4484152230000966E-003   6.7153424151726542     
  0.56185609072583531       0.92560291493587954        2.5345245669000288E-002   8.4484152230000966E-003   37.521636424976911     
  0.99905071355911446       0.28887071158760080        2.5345245669000288E-002   8.4484152230000966E-003   103.41023687616463     
  0.46523224278374409       0.27200823383058020        2.5345245669000288E-002   8.4484152230000966E-003   69.814950011331007     
  0.92985225062428789       0.54401938534672822        2.5345245669000288E-002   8.4484152230000966E-003   97.494451293502152     
  0.59396598604340967       0.60724048705600042        2.5345245669000288E-002   8.4484152230000966E-003   102.21856961007157     
  0.58641272188778237        6.3755119972468410E-003   2.5345245669000288E-002   8.4484152230000966E-003   108.53084592899397     
  0.79701987770510740       0.33067334196248577        2.5345245669000288E-002   8.4484152230000966E-003   103.92807813612121     
  0.24857461750904689       0.82116705185634886        2.5345245669000288E-002   8.4484152230000966E-003   179.49090755718163     
  0.34736827411508248       0.97468940493215006        2.5345245669000288E-002   8.4484152230000966E-003   46.939341152014215     
  0.77850878879708385       0.92529695999728201        2.5345245669000288E-002   8.4484152230000966E-003   165.86588583425632     
  0.35673559289217488       0.72480922130415282        2.5345245669000288E-002   8.4484152230000966E-003   49.990742918901688     
  0.19664915484353035       0.71718731762285193        2.5345245669000288E-002   8.4484152230000966E-003   89.078775469537788     
  0.92819519271471307       0.71466420398891750        2.5345245669000288E-002   8.4484152230000966E-003   160.28465380389036     
  0.45367736122498353       0.35722600165723994        2.5345245669000288E-002   8.4484152230000966E-003   128.30709325410564     
   7.5791073531675926E-002  0.33015075776491210        2.5345245669000288E-002   8.4484152230000966E-003   80.767795020603842     
  0.15491313535957965       0.64218840774896035        2.5345245669000288E-002   8.4484152230000966E-003   62.028105758777343     
  0.14484704963905942       0.37357652789607065        2.5345245669000288E-002   8.4484152230000966E-003   85.854212547702758     
  0.51781424228763695       0.22149765747459763        2.5345245669000288E-002   8.4484152230000966E-003   40.415825096585387     
   6.0644186564474671E-002  0.73139205396242835        2.5345245669000288E-002   8.4484152230000966E-003   133.80358415413863     
  0.60402740937160371        6.8734205294913919E-002   2.5345245669000288E-002   8.4484152230000966E-003   118.76219765645769     
  0.74514516191610669       0.38189013771776420        2.5345245669000288E-002   8.4484152230000966E-003   111.77421555077113     
  0.60191277235866791       0.30645546416156816        2.5345245669000288E-002   8.4484152230000966E-003   40.826658145648402     
  0.41135650877635155        7.7163644149746510E-002   2.5345245669000288E-002   8.4484152230000966E-003   155.27994487494945     
  0.38692624949512017       0.92193984563129905        2.5345245669000288E-002   8.4484152230000966E-003   52.841665440956852     
  0.22515621534575303        1.0025398975190858E-002   2.5345245669000288E-002   8.4484152230000966E-003   12.008393900801185     
  0.76776761340920219       0.64212273508557161        2.5345245669000288E-002   8.4484152230000966E-003   46.321547086039324     
  0.19720577315051158        7.5912326210671385E-002   2.5345245669000288E-002   8.4484152230000966E-003   6.0436273434703827     
  0.73650473730904997       0.27482741229625957        2.5345245669000288E-002   8.4484152230000966E-003   121.58302084266057     
  0.72158135327724438       0.23239533586468120        2.5345245669000288E-002   8.4484152230000966E-003   171.05817808930070     
  0.86258908687817160       0.58443777554978005        2.5345245669000288E-002   8.4484152230000966E-003   154.52289227160898     
  0.21805898587657196       0.95147957369513980        2.5345245669000288E-002   8.4484152230000966E-003   108.98401740805313     
  0.35541353298633310       0.66539928209576626        2.5345245669000288E-002   8.4484152230000966E-003   92.802086585982408     
  0.74322901438019118       0.72710222778974665        2.5345245669000288E-002   8.4484152230000966E-003   146.34131153114674     
  0.83756774541079626       0.88074996045175002        2.5345245669000288E-002   8.4484152230000966E-003   150.85976892038263     
  0.94373304055713858       0.78837743673292315        2.5345245669000288E-002   8.4484152230000966E-003   144.58031729903396     
  0.24263012440660486       0.53643454189469297        2.5345245669000288E-002   8.4484152230000966E-003   145.48614173537214     
   6.9441149700368909E-002   6.8224575547529503E-002   2.5345245669000288E-002   8.4484152230000966E-003   166.11036507756498     
  0.10477822505398784       0.82445561700140257        2.5345245669000288E-002   8.4484152230000966E-003   11.770752498886530     
  0.34040882660126903       0.95193299035868917        2.5345245669000288E-002   8.4484152230000966E-003   66.888459348361494     
  0.84203176928448320       0.38344520153989209        2.5345245669000288E-002   8.4484152230000966E-003   119.93617031563745     
   6.9811257723626619E-002  0.24038249595413408        2.5345245669000288E-002   8.4484152230000966E-003   60.913325230652767     
  0.63421784271715897       0.29865451592056497        2.5345245669000288E-002   8.4484152230000966E-003   53.107320401408820     
  0.29294122791253174       0.14210355379589540        2.5345245669000288E-002   8.4484152230000966E-003   98.982670915092825     
   2.9404797518378985E-002  0.83742506533339878        2.5345245669000288E-002   8.4484152230000966E-003   64.065662422488117     
  0.19372055510998024       0.61588129484398713        2.5345245669000288E-002   8.4484152230000966E-003   71.807721774632270     
  0.30031496998976337        7.9488615233030580E-002   2.5345245669000288E-002   8.4484152230000966E-003   32.419940427967781     
  0.20532166539943406       0.14741835184568794        2.5345245669000288E-002   8.4484152230000966E-003   52.650884235662005     
  0.56486497901525512       0.32739977884006544        2.5345245669000288E-002   8.4484152230000966E-003   49.218230902473266     
  0.79683236697187543       0.21976432327792217        2.5345245669000288E-002   8.4484152230000966E-003   178.84742109385817     
  0.54507893475709701       0.60523455261943104        2.5345245669000288E-002   8.4484152230000966E-003   103.20098520004363     
  0.73949571514055834       0.80548092721454823        2.5345245669000288E-002   8.4484152230000966E-003   45.936512646313552     
  0.11812688385395691        4.1773335878386622E-002   2.5345245669000288E-002   8.4484152230000966E-003   118.98031556714643     
  0.55431892216070944       0.71070440688258485        2.5345245669000288E-002   8.4484152230000966E-003   17.456314425816167     
  0.12935249235480920       0.50092232681241344        2.5345245669000288E-002   8.4484152230000966E-003   157.10142370109492     
  0.48140876526952592       0.95306880556894158        2.5345245669000288E-002   8.4484152230000966E-003   154.35756964743763     
  0.77067556611770871       0.29139713239878434        2.5345245669000288E-002   8.4484152230000966E-003  0.44847195670945394     
  0.85751277018028860       0.45702606091721176        2.5345245669000288E-002   8.4484152230000966E-003   75.662706086565748     
  0.54466700208548169       0.54225597324838759        2.5345245669000288E-002   8.4484152230000966E-003   87.041972539186304     
  0.47597337150426072       0.44458534920136611        2.5345245669000288E-002   8.4484152230000966E-003   124.78261943604922     
  0.83521118000770278        7.7944737352839383E-002   2.5345245669000288E-002   8.4484152230000966E-003   136.33107928286390     
  0.88062455822311025       0.62529415892028584        2.5345245669000288E-002   8.4484152230000966E-003   120.44582405192548     
  0.54597922330984139       0.15310929117233235        2.5345245669000288E-002   8.4484152230000966E-003   35.815322679841159     
  0.55904043489994337       0.19620887436277376        2.5345245669000288E-002   8.4484152230000966E-003   91.797541492986966     
   9.3544149828406670E-002  0.77307487312967937        2.5345245669000288E-002   8.4484152230000966E-003   154.11017397691720     
  0.73516038157405095       0.48088623056700175        2.5345245669000288E-002   8.4484152230000966E-003   7.8209403037465748     
   7.2119096345899317E-002  0.16469925620138168        2.5345245669000288E-002   8.4484152230000966E-003   90.955346381386946     
  0.95871643518744809       0.76414326607682848        2.5345245669000288E-002   8.4484152230000966E-003   108.57759283603885     
   3.3928481604048495E-002  0.90163042075490407        2.5345245669000288E-002   8.4484152230000966E-003   32.880858050134464     
  0.93091588625239963        4.0808722941436143E-002   2.5345245669000288E-002   8.4484152230000966E-003   43.643717821089560     
  0.22938881791105936       0.70007331225333014        2.5345245669000288E-002   8.4484152230000966E-003   8.5196993146904010     
   8.1765077348842419E-002  0.87117242849197252        2.5345245669000288E-002   8.4484152230000966E-003   122.95580020092568     
  0.55862550040854486        2.3305342536595951E-002   2.5345245669000288E-002   8.4484152230000966E-003   5.7650100300208909     
  0.48975719688447394       0.33267123411346589        2.5345245669000288E-002   8.4484152230000966E-003   150.21181994350846     
  0.18336130063186640       0.23177630047842451        2.5345245669000288E-002   8.4484152230000966E-003   108.83916570051996     
  0.11889211884971247       0.62388126352652762        2.5345245669000288E-002   8.4484152230000966E-003   155.17070039618272     
  0.44768860540241129       0.58402255389579516        2.5345245669000288E-002   8.4484152230000966E-003   20.346746259356582     
  0.61381463624546995       0.27878005157394314        2.5345245669000288E-002   8.4484152230000966E-003   172.09955272263011     
  0.16090642429051269        1.5221820802279240E-002   2.5345245669000288E-002   8.4484152230000966E-003   170.18041732527104     
  0.94069918649904294       0.43766433175176311        2.5345245669000288E-002   8.4484152230000966E-003   1.0647442652859085     
  0.71257854546612209       0.18171867417357826        2.5345245669000288E-002   8.4484152230000966E-003   52.847289500534359     
   9.3378659505133813E-002  0.65395269156632152        2.5345245669000288E-002   8.4484152230000966E-003   148.75596010836614     
  0.11013091936672165       0.78530456209443134        2.5345245669000288E-002   8.4484152230000966E-003   22.418909950697490     
  0.89911360388073358       0.65335201560967904        2.5345245669000288E-002   8.4484152230000966E-003   170.22130015925993     
  0.53529621812901340       0.78326154997792252        2.5345245669000288E-002   8.4484152230000966E-003   8.2076831204598157     
  0.79906571487296996       0.16868347388434074        2.5345245669000288E-002   8.4484152230000966E-003   52.746653602209669     
  0.22825862601112323        9.4342184109755603E-002   2.5345245669000288E-002   8.4484152230000966E-003   7.4653914792268878     
  0.46070615302772400       0.84212267531715257        2.5345245669000288E-002   8.4484152230000966E-003   118.17945930420143     
   1.6341067391687399E-002  0.55667988949913516        2.5345245669000288E-002   8.4484152230000966E-003   151.59912550050097     
  0.91696459495284910       0.87805244112989844        2.5345245669000288E-002   8.4484152230000966E-003   163.19182042395914     
  0.58265838086607513       0.39157968865886550        2.5345245669000288E-002   8.4484152230000966E-003   57.339485795403036     
  0.99897074613973058       0.21055075079501737        2.5345245669000288E-002   8.4484152230000966E-003   118.05593699438248     
  0.33320445564689316       0.48754033512092038        2.5345245669000288E-002   8.4484152230000966E-003   94.792060330428725     
  0.27680918182488018       0.42895816808153164        2.5345245669000288E-002   8.4484152230000966E-003   31.946770599333341     
  0.43919871350420536        4.1007980889983871E-002   2.5345245669000288E-002   8.4484152230000966E-003   129.49105129867760     
   1.0909866712669547E-002  0.25293460218917602        2.5345245669000288E-002   8.4484152230000966E-003   39.540466006817113     
  0.57166302467645536       0.52428051951623134        2.5345245669000288E-002   8.4484152230000966E-003   129.73741440320399     
  0.14991710672586314       0.14176384264227393        2.5345245669000288E-002   8.4484152230000966E-003   153.11557422942658     
  0.49684802201979406        1.3290667956126628E-003   2.5345245669000288E-002   8.4484152230000966E-003   1.8903499826228947     
  0.22871746841863952       0.91422416402735018        2.5345245669000288E-002   8.4484152230000966E-003   144.83155319033284     
  0.98296008939749113       0.39153703897256281        2.5345245669000288E-002   8.4484152230000966E-003   71.319659900698397     
  0.20583792581920313       0.93686793998669160        2.5345245669000288E-002   8.4484152230000966E-003   177.24990719870763     
  0.66992889556658886       0.28330393461268344        2.5345245669000288E-002   8.4484152230000966E-003   174.37546862122360     
  0.47875420344020569       0.70887002197750992        2.5345245669000288E-002   8.4484152230000966E-003   176.75788391051822     
  0.62729780086574005       0.24681984719559497        2.5345245669000288E-002   8.4484152230000966E-003   149.11976524869914     
  0.48769584268858895        1.4218718071004170E-002   2.5345245669000288E-002   8.4484152230000966E-003   46.091594230050916     
  0.22129866881978524       0.22850326223878709        2.5345245669000288E-002   8.4484152230000966E-003   49.241927251249464     
  0.59342712268853703        6.4197338011872385E-002   2.5345245669000288E-002   8.4484152230000966E-003   103.61812422868822     
  0.51842508644724494       0.66527476648013550        2.5345245669000288E-002   8.4484152230000966E-003   109.51716001143613     
  0.52096761990176088       0.75657423929881940        2.5345245669000288E-002   8.4484152230000966E-003   95.179659111085826     
  0.98416942089034887       0.94143461174851062        2.5345245669000288E-002   8.4484152230000966E-003   17.479286584881766     
  0.78117465864952818       0.90252189692073881        2.5345245669000288E-002   8.4484152230000966E-003   39.213326000204638     
  0.20285498628304496       0.60804161040820082        2.5345245669000288E-002   8.4484152230000966E-003   36.988742959007219     
  0.95653126262665089        8.5018880944247879E-002   2.5345245669000288E-002   8.4484152230000966E-003   99.807811652619378     
  0.18194498702200310       0.72062395030198800        2.5345245669000288E-002   8.4484152230000966E-003   52.520440986490570     
  0.14736896749939976       0.25887594842503625        2.5345245669000288E-002   8.4484152230000966E-003   161.97310595759842     
  0.37149912726401774       0.28677121253649535        2.5345245669000288E-002   8.4484152230000966E-003   61.094000573498221     
   7.1008336956038878E-002  0.43338685386172121        2.5345245669000288E-002   8.4484152230000966E-003   25.920161948173199     
  0.18988562351289803        6.6432257617559068E-002   2.5345245669000288E-002   8.4484152230000966E-003   156.81056116074217     
  0.44962991348820114       0.31515336313151460        2.5345245669000288E-002   8.4484152230000966E-003   65.064317380528422     
  0.49558805906027548        6.0624468049121298E-002   2.5345245669000288E-002   8.4484152230000966E-003   133.90971289962789     
  0.59847393083737699       0.23972126338748817        2.5345245669000288E-002   8.4484152230000966E-003   73.676745622662537     
  0.36263388647527084       0.16509005419515074        2.5345245669000288E-002   8.4484152230000966E-003   49.574176649705045     
   2.9699068391952358E-002  0.26897421193600768        2.5345245669000288E-002   8.4484152230000966E-003   26.514164397820817     
  0.45691975913805011       0.65836302796977819        2.5345245669000288E-002   8.4484152230000966E-003   113.55867601860660     
  0.79520415247286147        1.9076707748825108E-003   2.5345245669000288E-002   8.4484152230000966E-003   123.87001693688866     
  0.13499080543566450       0.28379711172342348        2.5345245669000288E-002   8.4484152230000966E-003   115.34901421431741     
  0.30053336360234167       0.80789296663333188        2.5345245669000288E-002   8.4484152230000966E-003   67.600363134886521     
  0.15842839730782510       0.15160987791428293        2.5345245669000288E-002   8.4484152230000966E-003   144.58743447830525     
  0.73323191270777710       0.96894681713207687        2.5345245669000288E-002   8.4484152230000966E-003   25.052122991732531     
  0.42814670902944124        8.3599196439471488E-002   2.5345245669000288E-002   8.4484152230000966E-003   74.066093979923977     
  0.50152342190476640       0.25296638496171048        2.5345245669000288E-002   8.4484152230000966E-003   122.52225736826279     
  0.88800053972753035        8.3080682148600413E-002   2.5345245669000288E-002   8.4484152230000966E-003   94.334547127800306     
  0.77987588815151221       0.40322060579967167        2.5345245669000288E-002   8.4484152230000966E-003   130.41534718955145     
  0.85684840608478741       0.97383813767207716        2.5345245669000288E-002   8.4484152230000966E-003   139.13395983324691     
  0.61288349525119235       0.87695183603458959        2.5345245669000288E-002   8.4484152230000966E-003   5.7874749346800911     
  0.68508113745222643       0.51254184755493570        2.5345245669000288E-002   8.4484152230000966E-003   145.51507965139197     
  0.62586084715936896       0.92397638605709920        2.5345245669000288E-002   8.4484152230000966E-003   114.88697837358022     
  0.38916653051039996       0.70776534419836401        2.5345245669000288E-002   8.4484152230000966E-003   123.93059932258954     
  0.95006354492420553       0.90254576716355195        2.5345245669000288E-002   8.4484152230000966E-003   89.198405894620578     
  0.27607930015780929       0.29077518688809656        2.5345245669000288E-002   8.4484152230000966E-003   148.45541825760645     
  0.95057324267744681       0.62009335505224106        2.5345245669000288E-002   8.4484152230000966E-003   18.792068587534981     
  0.79473105071046257        3.7824507468807507E-002   2.5345245669000288E-002   8.4484152230000966E-003   132.40079614150696     
  0.78018210196661808       0.72454140622672891        2.5345245669000288E-002   8.4484152230000966E-003   16.251569715739890     
  0.21064970388606852       0.81284383829876039        2.5345245669000288E-002   8.4484152230000966E-003   114.59982045902160     
  0.81339905657092970        8.5664312951565402E-002   2.5345245669000288E-002   8.4484152230000966E-003   14.292280968438780     
  0.67803057124131938       0.72834703061405226        2.5345245669000288E-002   8.4484152230000966E-003   171.95277466740734     
   1.6026166036148724E-002  0.15701825650821585        2.5345245669000288E-002   8.4484152230000966E-003   57.420213190940260     
  0.36734684121107275       0.35063883916866745        2.5345245669000288E-002   8.4484152230000966E-003   99.680946285082229     
  0.97014763298717432       0.35145203194887692        2.5345245669000288E-002   8.4484152230000966E-003   145.54932358567257     
  0.60304690344773215       0.60920373171763098        2.5345245669000288E-002   8.4484152230000966E-003   118.59185733544075     
  0.69842631677046718       0.77344994557065594        2.5345245669000288E-002   8.4484152230000966E-003   118.33309583217518     
  0.92424534333909591       0.51690808913454500        2.5345245669000288E-002   8.4484152230000966E-003   87.894661515507025     
  0.89566375464801706       0.49132110463701117        2.5345245669000288E-002   8.4484152230000966E-003   127.75984032945075     
  0.84925200656494670       0.96719352647396617        2.5345245669000288E-002   8.4484152230000966E-003   126.36885969566791     
  0.14879412644929801       0.58753478151802585        2.5345245669000288E-002   8.4484152230000966E-003   61.267034475783781     
  0.15050004494202252       0.84170599681875635        2.5345245669000288E-002   8.4484152230000966E-003   20.341927677655523     
  0.84647820098381688       0.52919381905924712        2.5345245669000288E-002   8.4484152230000966E-003   133.58328252941322     
  0.83139178528572477        4.1726066315399095E-002   2.5345245669000288E-002   8.4484152230000966E-003   142.00978762485644     
  0.49372355371544496       0.24603960615341020        2.5345245669000288E-002   8.4484152230000966E-003   118.28891637574783     
  0.42030660620333193       0.78957361304132923        2.5345245669000288E-002   8.4484152230000966E-003   151.36752159578697     
  0.72113993306117541       0.45507090160514913        2.5345245669000288E-002   8.4484152230000966E-003   55.265333024576911     
  0.70957046410364544       0.74152178964209503        2.5345245669000288E-002   8.4484152230000966E-003   75.813579949389350     
  0.26916640053965896       0.87995480578161978        2.5345245669000288E-002   8.4484152230000966E-003   139.72540175829045     
  0.91344890486229757       0.62430454605493146        2.5345245669000288E-002   8.4484152230000966E-003   47.329229254966833     
  0.99103498804897727       0.64000465200399193        2.5345245669000288E-002   8.4484152230000966E-003   174.31876165610490     
  0.89614396117374484       0.66489529045506723        2.5345245669000288E-002   8.4484152230000966E-003   18.727970589593752     
  0.75992063693388090       0.69583773534027082        2.5345245669000288E-002   8.4484152230000966E-003   126.26528715367867     
  0.67252124399080560       0.34136435785437957        2.5345245669000288E-002   8.4484152230000966E-003   99.826046937710601     
  0.58005920077488016       0.57576834260776188        2.5345245669000288E-002   8.4484152230000966E-003   23.646529059137670     
  0.17778680052889920       0.94013624363856330        2.5345245669000288E-002   8.4484152230000966E-003   5.5167079986632706     
  0.74467069746482284       0.64700837179190551        2.5345245669000288E-002   8.4484152230000966E-003   104.80786053634630     
  0.89070181790508773       0.27227297346713203        2.5345245669000288E-002   8.4484152230000966E-003   44.697246302974378     
  0.99685677134989470       0.43344132517078976        2.5345245669000288E-002   8.4484152230000966E-003   145.70845382857073     
  0.86048495443035511       0.40246125165711766        2.5345245669000288E-002   8.4484152230000966E-003   126.45001121505672     
  0.64316005151188205       0.60297881902484018        2.5345245669000288E-002   8.4484152230000966E-003   90.384724718845249     
  0.82788814142446687       0.71921340776652121        2.5345245669000288E-002   8.4484152230000966E-003   60.763427076810643     
  0.30080485908865690       0.74973436401885873        2.5345245669000288E-002   8.4484152230000966E-003   156.62801426177901     
  0.39905330189298799       0.43812991827544306        2.5345245669000288E-002   8.4484152230000966E-003   37.675154860312190     
  0.30881954313585996       0.63182748342915729        2.5345245669000288E-002   8.4484152230000966E-003   29.642631790425490     
  0.49936554837484470       0.15120139170362967        2.5345245669000288E-002   8.4484152230000966E-003   45.571204497968957     
  0.54198831567839778       0.95513963566315119        2.5345245669000288E-002   8.4484152230000966E-003   16.786071049895156     
  0.51380323248805682       0.11765445906403821        2.5345245669000288E-002   8.4484152230000966E-003   53.899761477475863     
  0.98975824708067306       0.77318393112886374        2.5345245669000288E-002   8.4484152230000966E-003   128.52265367560349     
   2.3083121075278854E-002  0.56736816652105637        2.5345245669000288E-002   8.4484152230000966E-003   7.1906639867026545     
  0.55952610948130244       0.44083086662106580        2.5345245669000288E-002   8.4484152230000966E-003   104.83250390866903     
  0.27471198716690715       0.77663601834542717        2.5345245669000288E-002   8.4484152230000966E-003   130.88356393627026     
  0.74172729423066441       0.60962569646829612        2.5345245669000288E-002   8.4484152230000966E-003   69.867150608081275     
  0.75468696101959409       0.85042442453051781        2.5345245669000288E-002   8.4484152230000966E-003   94.746889087131976     
  0.24671855148443805       0.81112382375577075        2.5345245669000288E-002   8.4484152230000966E-003   19.902888206646544     
  0.68084555066743480       0.50289419476295671        2.5345245669000288E-002   8.4484152230000966E-003   152.95708938564761     
  0.29905299007818431       0.17983223620070779        2.5345245669000288E-002   8.4484152230000966E-003   176.22275068631109     
  0.23820381673053931       0.92227415588835604        2.5345245669000288E-002   8.4484152230000966E-003   125.91141427958858     
  0.64571731503880492        9.6856121122982919E-002   2.5345245669000288E-002   8.4484152230000966E-003   140.26716843489993     
  0.36591838025630558       0.97775523335400027        2.5345245669000288E-002   8.4484152230000966E-003   129.07908713059612     
  0.37902174219005946       0.23992683585198510        2.5345245669000288E-002   8.4484152230000966E-003   124.31860168538110     
  0.45229853057187758       0.83338744468255266        2.5345245669000288E-002   8.4484152230000966E-003   143.50813860129182     
  0.75132082768365294       0.21549007553186467        2.5345245669000288E-002   8.4484152230000966E-003   156.47252722720839     
  0.50932637371075407       0.82587730385496383        2.5345245669000288E-002   8.4484152230000966E-003   149.04238109202237     
  0.30615175646969361       0.45334653860812113        2.5345245669000288E-002   8.4484152230000966E-003   89.598542314430759     
  0.94089828034936951       0.63646100790629678        2.5345245669000288E-002   8.4484152230000966E-003   64.132778686604553     
  0.68372191053816878       0.80564158722005474        2.5345245669000288E-002   8.4484152230000966E-003   80.522095887166515     
  0.50098301637152043       0.43170325322890318        2.5345245669000288E-002   8.4484152230000966E-003   163.38401666266910     
  0.50653981163324868       0.86732666350180976        2.5345245669000288E-002   8.4484152230000966E-003   26.656517172140980     
   3.4927139574217579E-002  0.32853606850310885        2.5345245669000288E-002   8.4484152230000966E-003   40.182784727093164     
  0.34659402060957595       0.77098228378791223        2.5345245669000288E-002   8.4484152230000966E-003   75.986041152530134     
  0.75574733959430274       0.25895175209531196        2.5345245669000288E-002   8.4484152230000966E-003   146.30773850956828     
  0.90822819061813187       0.42545241361989250        2.5345245669000288E-002   8.4484152230000966E-003   102.75742171838920     
  0.30895576785178569        5.9109278826083467E-002   2.5345245669000288E-002   8.4484152230000966E-003   157.86731495951383     
  0.33887135509119209       0.57585553276091572        2.5345245669000288E-002   8.4484152230000966E-003   85.346631548583360     
  0.74125875296983901       0.34680082960033415        2.5345245669000288E-002   8.4484152230000966E-003   45.926964730393138     
  0.11427527925364871       0.43842091920108317        2.5345245669000288E-002   8.4484152230000966E-003   82.093915848286301     
  0.81949478104202278       0.55560614181683632        2.5345245669000288E-002   8.4484152230000966E-003   20.028489139127348     
  0.28035448755716386       0.29881113616106614        2.5345245669000288E-002   8.4484152230000966E-003   136.28381744824557     
  0.89511242316971162       0.62770779660727261        2.5345245669000288E-002   8.4484152230000966E-003   120.13403016742905     
  0.81843913747792196       0.16888193444079264        2.5345245669000288E-002   8.4484152230000966E-003   126.42594192512570     
  0.51956436604747647       0.97246656486716898        2.5345245669000288E-002   8.4484152230000966E-003   76.731248279640496     
  0.53501535792105437       0.69885393340998925        2.5345245669000288E-002   8.4484152230000966E-003   19.804340371801025     
  0.88530748861429120        5.8392447539442165E-002   2.5345245669000288E-002   8.4484152230000966E-003   65.020562022341309     
  0.32145448134288901       0.11295148541578168        2.5345245669000288E-002   8.4484152230000966E-003   55.066132528298198     
  0.67877593890890742       0.71802206395955348        2.5345245669000288E-002   8.4484152230000966E-003   3.0763813587801607     
  0.26214904858286958       0.27279933044882454        2.5345245669000288E-002   8.4484152230000966E-003   139.66658000050080     
  0.54611398425795143       0.25949386119061058        2.5345245669000288E-002   8.4484152230000966E-003   59.001353807568123     
  0.78304751522794314       0.13429667831170983        2.5345245669000288E-002   8.4484152230000966E-003   75.526400562256597     
  0.34445243289528565       0.60647953206973149        2.5345245669000288E-002   8.4484152230000966E-003   87.759836965047811     
  0.14729250116299830       0.76574372907437693        2.5345245669000288E-002   8.4484152230000966E-003   134.77333145762475     
  0.29560214756671876        2.3983322996049581E-002   2.5345245669000288E-002   8.4484152230000966E-003   92.597507876711063     
  0.16091375769890737       0.27332308549080014        2.5345245669000288E-002   8.4484152230000966E-003   21.057299184086933     
  0.14120270106479527       0.45914138413224337        2.5345245669000288E-002   8.4484152230000966E-003   84.948264750234102     
  0.90768013395556590       0.14161476306600387        2.5345245669000288E-002   8.4484152230000966E-003   93.627392580885612     
  0.55469329383909260       0.61674610926060636        2.5345245669000288E-002   8.4484152230000966E-003   148.10853766474204     
  0.23844517138860846       0.68957050008235310        2.5345245669000288E-002   8.4484152230000966E-003   62.993806571221704     
  0.12858369108201925       0.46396617304646776        2.5345245669000288E-002   8.4484152230000966E-003   60.921722941960418     
  0.72743409779466295       0.38877141851069397        2.5345245669000288E-002   8.4484152230000966E-003   23.314019823536128     
  0.23539134771166303       0.18255753209867184        2.5345245669000288E-002   8.4484152230000966E-003   67.630718234745345     
  0.87498179990389302        3.5065596518334602E-002   2.5345245669000288E-002   8.4484152230000966E-003   57.664740713780276     
  0.82257346027629274       0.87460339398051490        2.5345245669000288E-002   8.4484152230000966E-003   81.494833690375501     
  0.12943668682100931       0.65296027740567786        2.5345245669000288E-002   8.4484152230000966E-003   66.547400292953952     
  0.60715213742902474       0.69508086869589447        2.5345245669000288E-002   8.4484152230000966E-003   86.193743581868802     
  0.89826041411807722       0.35598460011068789        2.5345245669000288E-002   8.4484152230000966E-003   130.41539129722315     
  0.44646203841514570       0.86044765541244561        2.5345245669000288E-002   8.4484152230000966E-003   103.44650948092028     
  0.79927572144332637       0.40141383735293157        2.5345245669000288E-002   8.4484152230000966E-003   58.922774605190313     
  0.73085468531589914       0.24243851350599147        2.5345245669000288E-002   8.4484152230000966E-003   134.01583655031681     
  0.48776134280971595       0.51669142988985928        2.5345245669000288E-002   8.4484152230000966E-003   148.83704994928522     
  0.38309647604828401       0.34131239363407850        2.5345245669000288E-002   8.4484152230000966E-003   33.714814364565171     
  0.61854234224935023       0.69301669436550650        2.5345245669000288E-002   8.4484152230000966E-003   66.655237975388403     
  0.73101542878798986       0.61524519405163580        2.5345245669000288E-002   8.4484152230000966E-003   32.749107398406665     
  0.32003190533523995       0.91775228136322018        2.5345245669000288E-002   8.4484152230000966E-003   49.485913674720877     
  0.54213882499349642       0.77269782081781724        2.5345245669000288E-002   8.4484152230000966E-003   50.943661943874915     
   9.8347333121977007E-002  0.43394835208672539        2.5345245669000288E-002   8.4484152230000966E-003   151.41012842061974     
  0.97772256129318835       0.54413785877628351        2.5345245669000288E-002   8.4484152230000966E-003   19.262646633118841     
  0.30677661939956091       0.93687308332400121        2.5345245669000288E-002   8.4484152230000966E-003   24.595868005719399     
  0.46180516931920201       0.30559172952311053        2.5345245669000288E-002   8.4484152230000966E-003   35.267533445842716     
  0.73298764475805211       0.49527331284216985        2.5345245669000288E-002   8.4484152230000966E-003   9.1346034670440925     
  0.97110900308204129       0.70011433643947063        2.5345245669000288E-002   8.4484152230000966E-003   133.28235567035165     
  0.15439964006630838       0.49990456240515996        2.5345245669000288E-002   8.4484152230000966E-003   29.099438379496458     
  0.30410096405950249       0.11909993596339020        2.5345245669000288E-002   8.4484152230000966E-003   97.038437259275085     
  0.76253399276257117       0.67719816345151407        2.5345245669000288E-002   8.4484152230000966E-003   9.4929391119628335     
  0.64653495364632785       0.28236401329777483        2.5345245669000288E-002   8.4484152230000966E-003   25.964550101657750     
  0.39135608022874030       0.46404248981147811        2.5345245669000288E-002   8.4484152230000966E-003   73.221235392524406     
  0.76320354114914335       0.86966422020585243        2.5345245669000288E-002   8.4484152230000966E-003   67.532736652429506     
  0.61894340230997236       0.86151458923194391        2.5345245669000288E-002   8.4484152230000966E-003   32.360478299502589     
  0.64544044606278905       0.88911927760293297        2.5345245669000288E-002   8.4484152230000966E-003   157.76397053568508     
  0.51499432136807022       0.46515999472566361        2.5345245669000288E-002   8.4484152230000966E-003   74.561323456565148     
  0.39710131230555989       0.13934168866076274        2.5345245669000288E-002   8.4484152230000966E-003   121.53188080140849     
  0.27465108472171340        2.8203227583572604E-002   2.5345245669000288E-002   8.4484152230000966E-003   91.767879780507556     
  0.32500485485324909       0.42335220817834890        2.5345245669000288E-002   8.4484152230000966E-003   136.93169078938371     
  0.45455502642280021       0.27787881311686041        2.5345245669000288E-002   8.4484152230000966E-003   71.352477515796480     
   5.8480651784922733E-002  0.24620453073110052        2.5345245669000288E-002   8.4484152230000966E-003   74.611511494255851     
  0.71331960519220072       0.11807156985580612        2.5345245669000288E-002   8.4484152230000966E-003   165.79950048586238     
  0.99010866590254898       0.93409939685586418        2.5345245669000288E-002   8.4484152230000966E-003   27.788424792008524     
  0.23067882581624802       0.10556081929369052        2.5345245669000288E-002   8.4484152230000966E-003   166.85650921138156     
  0.56409373191669376        8.2731075054891329E-002   2.5345245669000288E-002   8.4484152230000966E-003   144.05054384018118     
  0.22729816727832455       0.41916178006495369        2.5345245669000288E-002   8.4484152230000966E-003   173.20814734520042     
  0.14881655027267721       0.99144027035729410        2.5345245669000288E-002   8.4484152230000966E-003   8.8797258603278060     
   7.6680130202154504E-003  0.83348656888772754        2.5345245669000288E-002   8.4484152230000966E-003   131.43077429482520     
   8.9811296337262148E-002  0.70937062765751469        2.5345245669000288E-002   8.4484152230000966E-003   152.25245313507435     
  0.95317683545049159       0.25815853688404045        2.5345245669000288E-002   8.4484152230000966E-003   101.56231858455439     
  0.66324330034071510       0.89444748592069390        2.5345245669000288E-002   8.4484152230000966E-003   71.080052380126190     
  0.72015224711626824       0.21868150878528617        2.5345245669000288E-002   8.4484152230000966E-003   13.540590886003443     
  0.43054858540049695       0.67062916054654353        2.5345245669000288E-002   8.4484152230000966E-003   23.200105007043540     
   4.1931963677582000E-002  0.95921466914029763        2.5345245669000288E-002   8.4484152230000966E-003   78.990658337579092     
  0.76503534730235601       0.37282298617132559        2.5345245669000288E-002   8.4484152230000966E-003   11.517365369003294     
  0.25393861684208469       0.42081331298879426        2.5345245669000288E-002   8.4484152230000966E-003   25.125406966619000     
  0.81084150206944416        9.4632181143316174E-002   2.5345245669000288E-002   8.4484152230000966E-003   27.741116199872863     
  0.12507386934567372       0.84370729903398534        2.5345245669000288E-002   8.4484152230000966E-003   162.24616024197246     
  0.56890186777182794       0.49325922604032574        2.5345245669000288E-002   8.4484152230000966E-003   122.40115856011327     
  0.81049538268212262       0.90217324290000855        2.5345245669000288E-002   8.4484152230000966E-003   122.74412481801147     
  0.94470195297066650       0.34796610692972635        2.5345245669000288E-002   8.4484152230000966E-003   53.299887756579771     
  0.79300904848840659       0.28177907078809095        2.5345245669000288E-002   8.4484152230000966E-003   133.16633210081528     
  0.16574369933723337       0.76780927841292024        2.5345245669000288E-002   8.4484152230000966E-003   55.232561479680108     
  0.70156299046810899        3.0796616902370053E-002   2.5345245669000288E-002   8.4484152230000966E-003   155.35396780729633     
  0.85058616852131264       0.23603772280939286        2.5345245669000288E-002   8.4484152230000966E-003   160.50927786752050     
  0.76565157147104923       0.42575228675001170        2.5345245669000288E-002   8.4484152230000966E-003   104.70822153971476     
  0.94494222633029401       0.94604013564724720        2.5345245669000288E-002   8.4484152230000966E-003   124.94300163334938     
  0.97037956094474653       0.39945008638524176        2.5345245669000288E-002   8.4484152230000966E-003   24.472718425179394     
  0.36791403045537535       0.95150931276090223        2.5345245669000288E-002   8.4484152230000966E-003   116.85125692391621     
  0.74411235486092153       0.76706683190583436        2.5345245669000288E-002   8.4484152230000966E-003   38.761248077594708     
  0.42246831171960497       0.57891106344248988        2.5345245669000288E-002   8.4484152230000966E-003   4.9819884071913609     
  0.66463688391232212        8.2603390124838680E-002   2.5345245669000288E-002   8.4484152230000966E-003   160.79194954867273     
  0.97006596734749606       0.99873370335777678        2.5345245669000288E-002   8.4484152230000966E-003   158.52304053467628     
  0.37567586378379642       0.54996588625444864        2.5345245669000288E-002   8.4484152230000966E-003   170.88931429250709     
  0.90313133061312489        9.1859741112329613E-002   2.5345245669000288E-002   8.4484152230000966E-003   150.67426512381647     
  0.95308405397859608       0.79857640725960299        2.5345245669000288E-002   8.4484152230000966E-003   140.11236327143891     
  0.68736898779358269       0.82694036736122445        2.5345245669000288E-002   8.4484152230000966E-003   41.779895172124299     
  0.57228431065185559        6.7724430492639848E-003   2.5345245669000288E-002   8.4484152230000966E-003   59.096927259927064     
  0.43408244310527910       0.98131831471922115        2.5345245669000288E-002   8.4484152230000966E-003   104.75724877061609     
  0.73001097032014584       0.20103084284887876        2.5345245669000288E-002   8.4484152230000966E-003   48.242793041112556     
  0.68992725206826555        1.9124517762782779E-002   2.5345245669000288E-002   8.4484152230000966E-003   110.42231374811224     
  0.30587205692711827       0.19390683388334065        2.5345245669000288E-002   8.4484152230000966E-003   131.90497096507929     
   7.7781391614777165E-003   7.8711097733443383E-002   2.5345245669000288E-002   8.4484152230000966E-003   108.04385589609284     
  0.68492929321666707       0.35188814031603910        2.5345245669000288E-002   8.4484152230000966E-003   151.67534663919568     
  0.52630223766112461       0.15671111912668442        2.5345245669000288E-002   8.4484152230000966E-003   119.34737605602805     
   2.0380588225559881E-002  0.51564990488784113        2.5345245669000288E-002   8.4484152230000966E-003   90.772981446563918     
  0.52674636220618531       0.83230836483238646        2.5345245669000288E-002   8.4484152230000966E-003   64.763782739835577     
  0.35762723142097808       0.80059797568514757        2.5345245669000288E-002   8.4484152230000966E-003   81.470050025477192     
  0.37344132474411934       0.98899076801493824        2.5345245669000288E-002   8.4484152230000966E-003   173.83631333363550     
  0.62582758618980827       0.63988757711735667        2.5345245669000288E-002   8.4484152230000966E-003   27.463354975862977     
  0.58617705517683627       0.56469674776238454        2.5345245669000288E-002   8.4484152230000966E-003   39.266089535140253     
  0.18392056207840016       0.31168826100577829        2.5345245669000288E-002   8.4484152230000966E-003   88.879500712155149     
  0.23248998954457509       0.35815114848864826        2.5345245669000288E-002   8.4484152230000966E-003   168.98623548556583     
  0.35841250508044709       0.37866759793958149        2.5345245669000288E-002   8.4484152230000966E-003   93.986732564807042     
  0.67163548128536943       0.39913163288946579        2.5345245669000288E-002   8.4484152230000966E-003   17.087771221744156     
  0.92598818385426684        4.8712533335134645E-002   2.5345245669000288E-002   8.4484152230000966E-003   42.893056986113002     
  0.13165550764503761       0.16023320668020968        2.5345245669000288E-002   8.4484152230000966E-003   159.73824163514681     
  0.64779729139594966       0.63171736719555038        2.5345245669000288E-002   8.4484152230000966E-003   78.071465963299659     
  0.97988179881653503       0.62608958568307516        2.5345245669000288E-002   8.4484152230000966E-003   109.05882564489738     
  0.37384187749574621       0.42532686035510914        2.5345245669000288E-002   8.4484152230000966E-003   22.442841240503597     
  0.84214239930415002       0.58151248097992903        2.5345245669000288E-002   8.4484152230000966E-003   58.162166657524260     
  0.81557161637354336       0.56759522534622131        2.5345245669000288E-002   8.4484152230000966E-003   25.655084842435183     
  0.20123894834561570       0.87604517616622424        2.5345245669000288E-002   8.4484152230000966E-003   160.33993521909903     
   8.9306169542854863E-002  0.63535084424312038        2.5345245669000288E-002   8.4484152230000966E-003   175.89215620203561     
  0.13676921439312917       0.85575551214006051        2.5345245669000288E-002   8.4484152230000966E-003   86.639081681995620     
  0.93967174054754721        1.9912668618381063E-003   2.5345245669000288E-002   8.4484152230000966E-003   8.0183779665092612     
  0.44209685674273180       0.93633760479926065        2.5345245669000288E-002   8.4484152230000966E-003   154.63379778101705     
  0.14031087206497481       0.64846718843693385        2.5345245669000288E-002   8.4484152230000966E-003   55.860841300884033     
  0.41702514787548661       0.31303364770855563        2.5345245669000288E-002   8.4484152230000966E-003   141.48308999117586     
  0.12905624833413451       0.90553460261598739        2.5345245669000288E-002   8.4484152230000966E-003   54.101904341327895     
  0.64779143030779263       0.65374955490226050        2.5345245669000288E-002   8.4484152230000966E-003   71.002656553511429     
  0.17365992528046664       0.26231475850525521        2.5345245669000288E-002   8.4484152230000966E-003   82.483114271920513     
  0.47864909734692002       0.71800553419513680        2.5345245669000288E-002   8.4484152230000966E-003   7.1926805206471318     
  0.66415569339818425       0.41193549712824423        2.5345245669000288E-002   8.4484152230000966E-003   164.62258749241940     
  0.60622873153190759       0.93999765919051126        2.5345245669000288E-002   8.4484152230000966E-003   1.8082732731491458     
  0.37750465939189121       0.27990679266872370        2.5345245669000288E-002   8.4484152230000966E-003   58.654574791732642     
  0.89864606839614170       0.54336266690845925        2.5345245669000288E-002   8.4484152230000966E-003   111.95794028063534     
  0.69436563499388504       0.68174948748663411        2.5345245669000288E-002   8.4484152230000966E-003   97.410382495207031     
  0.78971800734849951       0.98912937931874134        2.5345245669000288E-002   8.4484152230000966E-003   170.54854782257536     
   8.2566395297165307E-002  0.72301132531188617        2.5345245669000288E-002   8.4484152230000966E-003   10.777033297832977     
  0.92587935173013691       0.78318335880529022        2.5345245669000288E-002   8.4484152230000966E-003   55.585181229394124     
  0.48814677234246368       0.77356071308677965        2.5345245669000288E-002   8.4484152230000966E-003   90.796169106464092     
  0.56795186792816232       0.19681404363092511        2.5345245669000288E-002   8.4484152230000966E-003   81.913469590779812     
  0.81151302064704089       0.23449324754720238        2.5345245669000288E-002   8.4484152230000966E-003   76.427586533289798     
