  0.26807163366400116       0.84047390544023792        2.5345245669000288E-002   8.4484152230000966E-003   78.250257601622451     
  0.33810032752273966        5.7299145812923953E-002   2.5345245669000288E-002   8.4484152230000966E-003   131.11248277340133     
  0.12895844083347704       0.37474705749526432        2.5345245669000288E-002   8.4484152230000966E-003   99.136661098625609     
  0.25282773118948432       0.55149352870178381        2.5345245669000288E-002   8.4484152230000966E-003   128.54688830975701     
  0.50897479209250640        4.5664197296425117E-002   2.5345245669000288E-002   8.4484152230000966E-003   92.909372661866556     
   7.6701378226101929E-002  0.99660156643668607        2.5345245669000288E-002   8.4484152230000966E-003   52.036814877357919     
  0.84442423739287076       0.40145271243547942        2.5345245669000288E-002   8.4484152230000966E-003   152.97974608991220     
  0.47626822138335501       0.62456288975072871        2.5345245669000288E-002   8.4484152230000966E-003   67.408205321849067     
  0.59626150582089466       0.63568597727626297        2.5345245669000288E-002   8.4484152230000966E-003   99.744107787613359     
   1.6403448951567132E-002  0.44170049105173675        2.5345245669000288E-002   8.4484152230000966E-003   39.842780421784305     
  0.49752886606843844       0.67150568162692947        2.5345245669000288E-002   8.4484152230000966E-003   39.021563090771842     
   4.5973149550947223E-002  0.59357980917002906        2.5345245669000288E-002   8.4484152230000966E-003   22.358730528732806     
  0.24897743024075478       0.20137863188982125        2.5345245669000288E-002   8.4484152230000966E-003   153.70971407989305     
   7.3629119088163192E-002  0.95352138381057583        2.5345245669000288E-002   8.4484152230000966E-003   40.001224968630879     
  0.52678416007042561       0.77728723239733866        2.5345245669000288E-002   8.4484152230000966E-003   139.70137947919650     
  0.17778842342645673       0.79176383355945690        2.5345245669000288E-002   8.4484152230000966E-003   82.567901740908454     
  0.90084817939069828       0.73885756498767119        2.5345245669000288E-002   8.4484152230000966E-003   12.686914269992949     
  0.93837300956328673       0.89884064329848790        2.5345245669000288E-002   8.4484152230000966E-003   139.23634719806236     
  0.42581014157918379       0.62108865573190608        2.5345245669000288E-002   8.4484152230000966E-003   81.232728047660501     
  0.55594090756726322        8.1271834933229842E-002   2.5345245669000288E-002   8.4484152230000966E-003   135.24974047030693     
  0.98597538834805976       0.97943903972108814        2.5345245669000288E-002   8.4484152230000966E-003   46.070991622300021     
  0.21394221586412207       0.41938195040468412        2.5345245669000288E-002   8.4484152230000966E-003   27.151306563923626     
  0.19075196479163925       0.66395117341830878        2.5345245669000288E-002   8.4484152230000966E-003   57.954098529228176     
  0.18016673778843725       0.40753879218488248        2.5345245669000288E-002   8.4484152230000966E-003   168.36635589187046     
  0.63118088741338596       0.60173562574357153        2.5345245669000288E-002   8.4484152230000966E-003   120.19446630800591     
  0.51778029976940032        6.3823797303554267E-002   2.5345245669000288E-002   8.4484152230000966E-003   126.74950276208470     
  0.19083712167160369       0.50143771238071833        2.5345245669000288E-002   8.4484152230000966E-003   107.11334759585306     
  0.95833364150410494       0.96815476740322781        2.5345245669000288E-002   8.4484152230000966E-003   80.773728725391877     
  0.16561015466082057       0.15939711981491606        2.5345245669000288E-002   8.4484152230000966E-003   139.61037036351928     
  0.17239302939428366       0.49191497619744934        2.5345245669000288E-002   8.4484152230000966E-003   122.76679688840068     
  0.32988366113980822       0.23970240670087531        2.5345245669000288E-002   8.4484152230000966E-003   95.518689145840966     
  0.32037578720224180       0.21023640065393426        2.5345245669000288E-002   8.4484152230000966E-003   158.41090783706269     
  0.24925849222902760       0.41944573881697522        2.5345245669000288E-002   8.4484152230000966E-003   143.04281198356256     
  0.34985884173680171       0.46375941984982216        2.5345245669000288E-002   8.4484152230000966E-003   18.926764330256248     
  0.75902389898757983       0.23357938545451559        2.5345245669000288E-002   8.4484152230000966E-003   19.607668009890141     
  0.99648562525458551       0.32307081420597700        2.5345245669000288E-002   8.4484152230000966E-003   160.73826789984142     
  0.35372844760628325       0.93011010819280915        2.5345245669000288E-002   8.4484152230000966E-003   127.03672536561342     
  0.23009609969247527       0.45339196764324224        2.5345245669000288E-002   8.4484152230000966E-003   68.370705503742187     
  0.49840547953008940       0.88116376056349999        2.5345245669000288E-002   8.4484152230000966E-003  0.58848414105416835     
   6.6541253428909250E-002   5.1712395609032182E-003   2.5345245669000288E-002   8.4484152230000966E-003   49.036784427299480     
   9.8459597383190767E-002  0.10245464580698259        2.5345245669000288E-002   8.4484152230000966E-003   135.09075973309325     
  0.66390043656878972       0.25836989435922214        2.5345245669000288E-002   8.4484152230000966E-003   100.69466543339499     
   7.4725114438512694E-002  0.82647217630981895        2.5345245669000288E-002   8.4484152230000966E-003   69.776630006271205     
  0.16779830784669900       0.23198463280341283        2.5345245669000288E-002   8.4484152230000966E-003   60.176725953361817     
  0.30144901183581257        7.5336216751598628E-002   2.5345245669000288E-002   8.4484152230000966E-003   98.981022226338695     
  0.64405726443271505       0.95059312036192045        2.5345245669000288E-002   8.4484152230000966E-003   134.40810867803600     
  0.96261534133102000       0.29090555919099070        2.5345245669000288E-002   8.4484152230000966E-003   117.96293939782765     
  0.66095163122792200       0.21867187538744526        2.5345245669000288E-002   8.4484152230000966E-003   155.77583225487999     
   5.9244299789781442E-002  0.62609336075378319        2.5345245669000288E-002   8.4484152230000966E-003   37.786841817145032     
  0.61933383096166683       0.45420686663438936        2.5345245669000288E-002   8.4484152230000966E-003   114.58784290587840     
   5.3789117174257974E-002  0.90988380290018112        2.5345245669000288E-002   8.4484152230000966E-003   45.371191108855996     
  0.56650827273409965       0.70120169327916282        2.5345245669000288E-002   8.4484152230000966E-003   175.45399634800370     
   8.9415896497830383E-002  0.48798539576848282        2.5345245669000288E-002   8.4484152230000966E-003   163.82152226978420     
  0.33258041193212151       0.66422784052219430        2.5345245669000288E-002   8.4484152230000966E-003   100.12569754881984     
   4.5697561876984663E-002  0.11745322161967438        2.5345245669000288E-002   8.4484152230000966E-003   155.26180070697006     
  0.27478951930865142       0.73500903343060175        2.5345245669000288E-002   8.4484152230000966E-003   101.41863063936289     
  0.91495213740083003       0.40024851455931154        2.5345245669000288E-002   8.4484152230000966E-003   34.047561676261360     
  0.31595105624563979       0.75885152180515969        2.5345245669000288E-002   8.4484152230000966E-003   76.288221629568767     
  0.17714545319665387       0.57632097351964595        2.5345245669000288E-002   8.4484152230000966E-003   24.837265345811634     
   7.3145663466947803E-003  0.68213901722166259        2.5345245669000288E-002   8.4484152230000966E-003   67.627946309920134     
  0.45585098198956503       0.97377578027553380        2.5345245669000288E-002   8.4484152230000966E-003   30.939405509200629     
   6.1214723253274095E-002  0.33932887543538204        2.5345245669000288E-002   8.4484152230000966E-003   9.5909250226005103     
  0.28749748758845334       0.79129878389907959        2.5345245669000288E-002   8.4484152230000966E-003   92.120013102051388     
  0.74783068269752340       0.57736577946893375        2.5345245669000288E-002   8.4484152230000966E-003   137.94941638861800     
  0.73575703545443150       0.70467691423481682        2.5345245669000288E-002   8.4484152230000966E-003   95.268108033476949     
  0.12910022492218720        1.8629065988801489E-002   2.5345245669000288E-002   8.4484152230000966E-003   96.813873196569844     
  0.60667459600015572       0.40102874931368726        2.5345245669000288E-002   8.4484152230000966E-003   155.37758379573683     
  0.46868451863442739        4.5228476550938576E-002   2.5345245669000288E-002   8.4484152230000966E-003   157.23116288178079     
  0.71679623375073065        3.0040077095773400E-003   2.5345245669000288E-002   8.4484152230000966E-003   60.751619424618617     
  0.95929622442469886       0.72931211017929309        2.5345245669000288E-002   8.4484152230000966E-003   18.641505941994492     
  0.43089620844748694       0.13192546974357583        2.5345245669000288E-002   8.4484152230000966E-003   59.678056422916612     
  0.86584943421054716       0.85795276472094528        2.5345245669000288E-002   8.4484152230000966E-003   175.67121220382538     
  0.17891991334417492       0.46073039671164689        2.5345245669000288E-002   8.4484152230000966E-003   5.2863188503948519     
  0.42524244782776016       0.28286029675928498        2.5345245669000288E-002   8.4484152230000966E-003   158.83136825667057     
  0.59961536851120478       0.26284353895562235        2.5345245669000288E-002   8.4484152230000966E-003   158.50464593288251     
  0.61620698747113067       0.58387803585191922        2.5345245669000288E-002   8.4484152230000966E-003   48.568461829945100     
  0.26638888923593590       0.22534354463656447        2.5345245669000288E-002   8.4484152230000966E-003   46.283756687361432     
  0.64762199299776435       0.86723821960618463        2.5345245669000288E-002   8.4484152230000966E-003   167.77836636694201     
  0.48802198585209844       0.41242919447316712        2.5345245669000288E-002   8.4484152230000966E-003   140.93916048287815     
  0.70114813027791267       0.87108925828991512        2.5345245669000288E-002   8.4484152230000966E-003   166.98579754391349     
  0.97405470944691930       0.87119906373709755        2.5345245669000288E-002   8.4484152230000966E-003   29.520935224964976     
  0.26308010954494088       0.11335436500537778        2.5345245669000288E-002   8.4484152230000966E-003   51.645863284309577     
  0.38922078538861438       0.91702943681333293        2.5345245669000288E-002   8.4484152230000966E-003   49.209707706619596     
   8.8338185338650718E-002   8.9474649894694086E-002   2.5345245669000288E-002   8.4484152230000966E-003   112.03905449403432     
  0.15377091619676345       0.51067148081175773        2.5345245669000288E-002   8.4484152230000966E-003   5.6796901313465371     
   8.0163130450000092E-002  0.51284079076769884        2.5345245669000288E-002   8.4484152230000966E-003   140.01154050276656     
  0.14308406513284219       0.94155020950717783        2.5345245669000288E-002   8.4484152230000966E-003   141.51514100320031     
  0.62733280021850391       0.16392258534205773        2.5345245669000288E-002   8.4484152230000966E-003   134.10608438729179     
  0.52474349299594614       0.11129948807171969        2.5345245669000288E-002   8.4484152230000966E-003   46.706438898130926     
  0.93381031526898817       0.55210957644014835        2.5345245669000288E-002   8.4484152230000966E-003   90.888669651717379     
   9.5583793765223801E-002  0.13733952135742519        2.5345245669000288E-002   8.4484152230000966E-003   65.694887751743877     
  0.22533193237763563        3.4639793682379287E-003   2.5345245669000288E-002   8.4484152230000966E-003   164.47305039512426     
  0.26560981505403031       0.23772819894064440        2.5345245669000288E-002   8.4484152230000966E-003   45.169081119527995     
  0.64334072251057317       0.48648349847123035        2.5345245669000288E-002   8.4484152230000966E-003   69.567018716221952     
  0.65984972337597347        4.3155180053644916E-002   2.5345245669000288E-002   8.4484152230000966E-003   123.67191506182438     
  0.37512197666120156        3.4409487947781862E-002   2.5345245669000288E-002   8.4484152230000966E-003   131.48798291407459     
  0.32129338258408824       0.34918328846898067        2.5345245669000288E-002   8.4484152230000966E-003   53.125108236276631     
  0.45040700411638029       0.40709274280344754        2.5345245669000288E-002   8.4484152230000966E-003   78.800712375929834     
  0.87867045946744693       0.75983124576158534        2.5345245669000288E-002   8.4484152230000966E-003   69.459733620321998     
  0.92456840145788810       0.73517738456622839        2.5345245669000288E-002   8.4484152230000966E-003   7.3219358652665036     
   7.6872569757592130E-003  0.11883806104284461        2.5345245669000288E-002   8.4484152230000966E-003   91.656433740070497     
  0.94282544038266058       0.74588986309544159        2.5345245669000288E-002   8.4484152230000966E-003   123.03926709030647     
  0.47318844786892555       0.84828378692753004        2.5345245669000288E-002   8.4484152230000966E-003   138.01985011048953     
  0.61583570593317738       0.95791176230075481        2.5345245669000288E-002   8.4484152230000966E-003   132.78166258076266     
  0.38108858018765657       0.84384237994103839        2.5345245669000288E-002   8.4484152230000966E-003   108.23746110321218     
  0.17627798997966068       0.55630283698244654        2.5345245669000288E-002   8.4484152230000966E-003   108.08482353911269     
  0.44796504270147003       0.34393492637893552        2.5345245669000288E-002   8.4484152230000966E-003   153.10959292311006     
  0.60823748153643031        2.9057669657637827E-002   2.5345245669000288E-002   8.4484152230000966E-003   128.69826045788457     
  0.86989633084330154       0.29993813768725081        2.5345245669000288E-002   8.4484152230000966E-003   128.11819644181369     
  0.13929171526795056       0.40653040006335422        2.5345245669000288E-002   8.4484152230000966E-003   151.84243368292547     
  0.81971210319340637       0.66236097901011060        2.5345245669000288E-002   8.4484152230000966E-003   46.602648553077657     
  0.10413297910769620       0.34968704782997290        2.5345245669000288E-002   8.4484152230000966E-003   118.06542736271459     
  0.75223010822178760       0.48103952419831453        2.5345245669000288E-002   8.4484152230000966E-003   100.96542195512953     
   7.3085081862393750E-002  0.68068661334075731        2.5345245669000288E-002   8.4484152230000966E-003   127.65434575761640     
   9.1106200937194320E-002  0.59122950821420461        2.5345245669000288E-002   8.4484152230000966E-003   37.605495060080237     
  0.46686177779140470       0.39551280729061022        2.5345245669000288E-002   8.4484152230000966E-003   68.436914997705145     
  0.53873796565119503       0.41903760902830994        2.5345245669000288E-002   8.4484152230000966E-003   155.57901342595747     
  0.24850063171356623       0.23289545870429151        2.5345245669000288E-002   8.4484152230000966E-003   64.771413042009868     
  0.45053750895694283       0.48959748100328804        2.5345245669000288E-002   8.4484152230000966E-003   146.29892257759738     
  0.76027951325464926       0.56295957002913710        2.5345245669000288E-002   8.4484152230000966E-003   45.217678306392699     
  0.44055282112536476       0.43694796490902743        2.5345245669000288E-002   8.4484152230000966E-003   150.81231132105293     
  0.90548953598673010       0.50535833360093818        2.5345245669000288E-002   8.4484152230000966E-003   160.75870071746854     
  0.29995943582456186       0.81910047383641527        2.5345245669000288E-002   8.4484152230000966E-003   6.4988751022165561     
  0.64401092042258390       0.69542465318541191        2.5345245669000288E-002   8.4484152230000966E-003   101.44031914995384     
   8.5689310582164391E-002  0.15395356106985988        2.5345245669000288E-002   8.4484152230000966E-003   7.4075268347001550     
  0.94723676495027032       0.99449212180749835        2.5345245669000288E-002   8.4484152230000966E-003   100.15965582503506     
  0.27567008157817502        9.4473786470997675E-002   2.5345245669000288E-002   8.4484152230000966E-003   153.73518643318249     
  0.26191734115731624        2.9961537677120995E-002   2.5345245669000288E-002   8.4484152230000966E-003   48.739917437961786     
  0.32654183439726753       0.74960637126104490        2.5345245669000288E-002   8.4484152230000966E-003   38.957912508129404     
  0.43393455766348049       0.47581029314121898        2.5345245669000288E-002   8.4484152230000966E-003   172.98226914531222     
  0.97329011220934780       0.76339276017425051        2.5345245669000288E-002   8.4484152230000966E-003   76.309171191546852     
   9.6151876343837706E-002  0.89439837361473773        2.5345245669000288E-002   8.4484152230000966E-003   135.46613841998473     
  0.70047719475839354       0.94156645324968025        2.5345245669000288E-002   8.4484152230000966E-003   35.499255814327270     
  0.55193435722702200       0.84391669847143180        2.5345245669000288E-002   8.4484152230000966E-003   44.865173163609448     
  0.98631643263478608       0.10048252080453449        2.5345245669000288E-002   8.4484152230000966E-003   92.224539713508392     
  0.13545699441518846       0.78993776031792007        2.5345245669000288E-002   8.4484152230000966E-003   9.1408485718873003     
  0.39216476880666118       0.95562301251427695        2.5345245669000288E-002   8.4484152230000966E-003   60.156124324198146     
  0.40565860712946467       0.77810656213460017        2.5345245669000288E-002   8.4484152230000966E-003   135.72957376810430     
  0.30147350189520400       0.97952969831455139        2.5345245669000288E-002   8.4484152230000966E-003   147.59483602156914     
   7.2362006246471086E-002  0.20432252486286601        2.5345245669000288E-002   8.4484152230000966E-003   107.81466012087004     
  0.31979069960406492       0.58186859198062846        2.5345245669000288E-002   8.4484152230000966E-003   36.573462210942196     
  0.81615891418117459       0.32704612456939886        2.5345245669000288E-002   8.4484152230000966E-003   44.517569674175895     
  0.22396291328447296       0.33699877806762102        2.5345245669000288E-002   8.4484152230000966E-003   164.26454216357604     
  0.85356389617218220       0.87894215040056267        2.5345245669000288E-002   8.4484152230000966E-003   115.72047075081618     
  0.73470204297903630       0.63740219155919065        2.5345245669000288E-002   8.4484152230000966E-003   156.49553191015508     
  0.50899830566013970       0.76488201528066257        2.5345245669000288E-002   8.4484152230000966E-003   40.831060405187372     
  0.66059935239653333       0.44411578047175626        2.5345245669000288E-002   8.4484152230000966E-003   8.5440396919117187     
  0.10439942072795273       0.85352261188542222        2.5345245669000288E-002   8.4484152230000966E-003   89.960450365505309     
  0.56340167480015302       0.46669134859853456        2.5345245669000288E-002   8.4484152230000966E-003   145.03289011670074     
  0.66917743621397863       0.77681915957402237        2.5345245669000288E-002   8.4484152230000966E-003   72.133434941685749     
  0.38760699701802559       0.56157414384154236        2.5345245669000288E-002   8.4484152230000966E-003   167.70278339029130     
  0.42196632729244316       0.85856755377749494        2.5345245669000288E-002   8.4484152230000966E-003   178.81961726568053     
  0.97168166730224237       0.24052246186695347        2.5345245669000288E-002   8.4484152230000966E-003   29.458505131291659     
  0.43950420867551943       0.50621767825230446        2.5345245669000288E-002   8.4484152230000966E-003   179.35905645858486     
   6.3460907616735035E-002  0.96521709524984312        2.5345245669000288E-002   8.4484152230000966E-003   176.25725184654183     
  0.81098426409701929        5.4513159941002892E-002   2.5345245669000288E-002   8.4484152230000966E-003   171.08475027708513     
  0.90139723039174668       0.26507564666448924        2.5345245669000288E-002   8.4484152230000966E-003   76.168196962353193     
  0.49142902799484661       0.92552090404226872        2.5345245669000288E-002   8.4484152230000966E-003   161.47205854073400     
  0.88883767814897119       0.92920647283170210        2.5345245669000288E-002   8.4484152230000966E-003   129.13385038095399     
  0.52855497781521321       0.46858795408805198        2.5345245669000288E-002   8.4484152230000966E-003   122.24121675384390     
  0.32316661973910532       0.53507285043508934        2.5345245669000288E-002   8.4484152230000966E-003   32.150186557679369     
  0.47585892185941725       0.54339798879500367        2.5345245669000288E-002   8.4484152230000966E-003   4.5134019030440413     
  0.18501937982004474       0.69507541481553770        2.5345245669000288E-002   8.4484152230000966E-003   72.759763712333481     
  0.80034689560042982       0.69343243487497064        2.5345245669000288E-002   8.4484152230000966E-003   81.312148259735011     
  0.46263888726211405       0.87912191994397137        2.5345245669000288E-002   8.4484152230000966E-003   175.17840397086198     
  0.15363872147132238       0.98861191401003490        2.5345245669000288E-002   8.4484152230000966E-003   155.14490902764595     
  0.40008237073523994       0.23174904060519375        2.5345245669000288E-002   8.4484152230000966E-003   69.190198677204023     
  0.82632819248265421       0.24226572920053696        2.5345245669000288E-002   8.4484152230000966E-003   144.73656954365242     
  0.55066881319826888       0.50832696327784621        2.5345245669000288E-002   8.4484152230000966E-003   107.51839796968913     
  0.62453303909176416       0.78976011354953490        2.5345245669000288E-002   8.4484152230000966E-003   6.1792004505321563     
   5.7425280977575516E-002   8.7561109201980597E-002   2.5345245669000288E-002   8.4484152230000966E-003   55.426888992677242     
  0.74024445047638299       0.24903730614420280        2.5345245669000288E-002   8.4484152230000966E-003   99.909131793433900     
  0.12751208843594766       0.31121635809543213        2.5345245669000288E-002   8.4484152230000966E-003   78.800184818923327     
  0.68296465699188214       0.23922108956684138        2.5345245669000288E-002   8.4484152230000966E-003   156.68776173072854     
  0.89280557720385212       0.45079027512419478        2.5345245669000288E-002   8.4484152230000966E-003   29.104989717679157     
  0.49997560749665210       0.85287421113859463        2.5345245669000288E-002   8.4484152230000966E-003   8.7920905590652012     
  0.40574054675546778       0.11651687774810540        2.5345245669000288E-002   8.4484152230000966E-003   58.318486780427108     
  0.69482329490593642       0.57222227604367859        2.5345245669000288E-002   8.4484152230000966E-003   140.92470404626795     
  0.62828210899791648       0.97353561634022434        2.5345245669000288E-002   8.4484152230000966E-003   173.66100953947091     
  0.22837679014169945       0.39309383395786363        2.5345245669000288E-002   8.4484152230000966E-003   152.11906156042602     
  0.95740047999613020       0.15599087369207296        2.5345245669000288E-002   8.4484152230000966E-003   82.533256400063081     
  0.89119852229574437       0.79531193335547301        2.5345245669000288E-002   8.4484152230000966E-003   37.044197203943860     
  0.12478000978301318       0.24433569356456816        2.5345245669000288E-002   8.4484152230000966E-003   55.671129865593294     
  0.17643732996525852       0.58620569868243266        2.5345245669000288E-002   8.4484152230000966E-003   11.168679804232802     
  0.35648504472394882       0.89823656024977261        2.5345245669000288E-002   8.4484152230000966E-003   73.690569653966662     
  0.26826914064720131       0.97785870770145256        2.5345245669000288E-002   8.4484152230000966E-003   173.64988960336922     
  0.61697577519479252       0.36591588763265692        2.5345245669000288E-002   8.4484152230000966E-003   70.001927861088831     
  0.20133963651669634        9.1110378804311748E-003   2.5345245669000288E-002   8.4484152230000966E-003   111.07187645561504     
  0.97426169356901382       0.49688534921871608        2.5345245669000288E-002   8.4484152230000966E-003   167.22107723997513     
  0.59744528065568248       0.17852690292378390        2.5345245669000288E-002   8.4484152230000966E-003   120.58617621186421     
  0.61532603544309405       0.19034340826533666        2.5345245669000288E-002   8.4484152230000966E-003   92.125770380110694     
  0.81725164152048035        2.8392264840734784E-002   2.5345245669000288E-002   8.4484152230000966E-003   12.558663015945982     
  0.44108907808203790       0.38660584477413862        2.5345245669000288E-002   8.4484152230000966E-003   128.04259519261336     
   2.5143907935001038E-002  0.61121827302737208        2.5345245669000288E-002   8.4484152230000966E-003   113.17454811177988     
  0.40472238808935646       0.63483833022272995        2.5345245669000288E-002   8.4484152230000966E-003   61.512994826121513     
  0.19624014928956177       0.75018070242194179        2.5345245669000288E-002   8.4484152230000966E-003   46.609356171356175     
  0.83667318342124142       0.69802400236929540        2.5345245669000288E-002   8.4484152230000966E-003   126.50150662876111     
  0.28709731828573720       0.52438671395253456        2.5345245669000288E-002   8.4484152230000966E-003   30.016214023985988     
  0.59568861342665369       0.23815450586291734        2.5345245669000288E-002   8.4484152230000966E-003   47.205660963655063     
  0.32203375984582566       0.85935899615116407        2.5345245669000288E-002   8.4484152230000966E-003   8.9859484805751695     
  0.45244937364859356       0.54519760086879343        2.5345245669000288E-002   8.4484152230000966E-003   28.692232686485990     
  0.26869348103131441       0.40475550701139118        2.5345245669000288E-002   8.4484152230000966E-003   78.357271962039221     
  0.54358622022197989       0.86365613121332130        2.5345245669000288E-002   8.4484152230000966E-003   86.305035360123966     
  0.79021690840294456       0.74103772519964006        2.5345245669000288E-002   8.4484152230000966E-003   80.360491075851826     
  0.37315878910873879       0.74838391528615456        2.5345245669000288E-002   8.4484152230000966E-003   125.11935127672966     
  0.91155496075850517       0.79850118831726591        2.5345245669000288E-002   8.4484152230000966E-003   59.901758698583343     
  0.62399983268230486       0.85292472266799535        2.5345245669000288E-002   8.4484152230000966E-003   22.242681398348843     
  0.47606443542310828       0.91608786092020233        2.5345245669000288E-002   8.4484152230000966E-003   143.87547597727527     
  0.28674935753163666       0.37793656698532069        2.5345245669000288E-002   8.4484152230000966E-003   44.787916069372031     
  0.17607239632222507        3.6573651965760533E-002   2.5345245669000288E-002   8.4484152230000966E-003   65.144870848075499     
  0.24844984250061056       0.95041537494638373        2.5345245669000288E-002   8.4484152230000966E-003   4.7309822878490637     
   2.1260598584614172E-002  0.88435293037232732        2.5345245669000288E-002   8.4484152230000966E-003   146.81411568969480     
  0.24299546454782342       0.57107953162033931        2.5345245669000288E-002   8.4484152230000966E-003   138.51949856344487     
  0.97674485949022372        2.5113965003975211E-002   2.5345245669000288E-002   8.4484152230000966E-003   104.62997315151046     
  0.52604909972947722       0.51696721041981153        2.5345245669000288E-002   8.4484152230000966E-003   5.4873613204926777     
  0.11808824494364710       0.88431039251079202        2.5345245669000288E-002   8.4484152230000966E-003   56.371738645992146     
  0.86986037620256285       0.69226947290406537        2.5345245669000288E-002   8.4484152230000966E-003   119.55600297183742     
  0.43960682692312647       0.65946467816916332        2.5345245669000288E-002   8.4484152230000966E-003   70.995383921362290     
  0.16047567531486620       0.73935924484809790        2.5345245669000288E-002   8.4484152230000966E-003   175.34453891417283     
  0.86797402229988574       0.82102737563435124        2.5345245669000288E-002   8.4484152230000966E-003   29.278612466846617     
   6.1431299532605552E-002  0.21879149669151529        2.5345245669000288E-002   8.4484152230000966E-003   39.435025710601913     
  0.50523125889927945       0.39481341294622646        2.5345245669000288E-002   8.4484152230000966E-003   76.167998143602091     
  0.73430351187279375       0.90507282413237811        2.5345245669000288E-002   8.4484152230000966E-003   130.66439979079829     
   4.0270422316615422E-002   1.4981542427661018E-002   2.5345245669000288E-002   8.4484152230000966E-003   120.45495642287251     
  0.51034514018303567       0.13778007674396703        2.5345245669000288E-002   8.4484152230000966E-003   128.07214986818505     
   4.4802971560625633E-002  0.39085855930318131        2.5345245669000288E-002   8.4484152230000966E-003   14.976285115342698     
  0.90147736232056086       0.59550622936512643        2.5345245669000288E-002   8.4484152230000966E-003   177.19391020083910     
  0.36236610999383001       0.88040512581276109        2.5345245669000288E-002   8.4484152230000966E-003   94.366765153210153     
  0.21549972347797663       0.80049349550320692        2.5345245669000288E-002   8.4484152230000966E-003   114.95804861720377     
  0.11469040147433249       0.39970275384699938        2.5345245669000288E-002   8.4484152230000966E-003   65.071381000367637     
  0.16658381985482978       0.90292892093642330        2.5345245669000288E-002   8.4484152230000966E-003   25.635477285373753     
  0.86492200452758483       0.53117862058510379        2.5345245669000288E-002   8.4484152230000966E-003   90.588171537963007     
   4.1870148647093507E-002  0.98560299813935548        2.5345245669000288E-002   8.4484152230000966E-003   60.874180623472363     
  0.25365531889754445       0.47361379658871416        2.5345245669000288E-002   8.4484152230000966E-003   170.19716838689490     
  0.36353953876572698       0.60590611182275045        2.5345245669000288E-002   8.4484152230000966E-003   64.072799070825766     
  0.38678148476240515       0.20061705168404093        2.5345245669000288E-002   8.4484152230000966E-003   107.19495095851404     
  0.42441188174998851       0.94248245068094283        2.5345245669000288E-002   8.4484152230000966E-003   141.46974737985457     
  0.39517796486156387       0.76833049867041892        2.5345245669000288E-002   8.4484152230000966E-003   95.392423229457791     
  0.93669220414889853       0.59893072660694091        2.5345245669000288E-002   8.4484152230000966E-003   128.16485338565545     
  0.50979563283390772       0.94106337930026396        2.5345245669000288E-002   8.4484152230000966E-003   127.69514257744285     
  0.27701074189781821       0.68541222416656944        2.5345245669000288E-002   8.4484152230000966E-003   14.355832813422097     
  0.81472373718932156       0.77725241646730614        2.5345245669000288E-002   8.4484152230000966E-003   83.097113754253215     
  0.84753775412249799       0.43448117516150875        2.5345245669000288E-002   8.4484152230000966E-003   68.604667061658901     
  0.38406600041576194       0.65772223723813183        2.5345245669000288E-002   8.4484152230000966E-003   65.769301788132012     
  0.23372879897567811       0.97914545183882584        2.5345245669000288E-002   8.4484152230000966E-003   130.78790353470100     
  0.97916725661103465       0.60161491699425163        2.5345245669000288E-002   8.4484152230000966E-003   88.593000979351388     
  0.80101110697069400       0.64582056683269218        2.5345245669000288E-002   8.4484152230000966E-003   146.08031960056499     
   9.2812662426883491E-002  0.28363038760846293        2.5345245669000288E-002   8.4484152230000966E-003   116.64754490137162     
  0.43934964916888630       0.32621315407154683        2.5345245669000288E-002   8.4484152230000966E-003   80.756897863157249     
  0.82221167017146568       0.93506071828097681        2.5345245669000288E-002   8.4484152230000966E-003   53.122698103743296     
  0.49122413934862791       0.64542703309990967        2.5345245669000288E-002   8.4484152230000966E-003   153.57732191405836     
  0.63706821163687766       0.62769253065681452        2.5345245669000288E-002   8.4484152230000966E-003   75.256640984124729     
  0.96769913949744157       0.48225622932346457        2.5345245669000288E-002   8.4484152230000966E-003   130.76396758432372     
  0.65760931600667161       0.48489516905257479        2.5345245669000288E-002   8.4484152230000966E-003   110.37545778877750     
  0.93503485781977091       0.46480611358917368        2.5345245669000288E-002   8.4484152230000966E-003   50.408058224564854     
  0.64808310898349819       0.51340116149539639        2.5345245669000288E-002   8.4484152230000966E-003   35.426120604956637     
   9.8362607583786191E-002  0.55983107473289528        2.5345245669000288E-002   8.4484152230000966E-003   34.660683500654109     
  0.73130506098313730       0.11798298427672939        2.5345245669000288E-002   8.4484152230000966E-003   28.999515112935931     
  0.84425250290029807       0.48142718237646703        2.5345245669000288E-002   8.4484152230000966E-003   52.116635409143754     
  0.34151885194196480       0.75208376232012886        2.5345245669000288E-002   8.4484152230000966E-003   70.692726964541606     
  0.66218291469176660       0.14395409856763408        2.5345245669000288E-002   8.4484152230000966E-003   22.487522918469946     
  0.54056395913843835       0.89611478751855222        2.5345245669000288E-002   8.4484152230000966E-003   111.46769315691381     
   5.8983291971301576E-003  0.22282490603929916        2.5345245669000288E-002   8.4484152230000966E-003   81.856195320271226     
  0.33122636245295445       0.69956805317644566        2.5345245669000288E-002   8.4484152230000966E-003   103.15330990964142     
   1.7231879040929359E-002   2.6656250399367726E-002   2.5345245669000288E-002   8.4484152230000966E-003   143.85730711178439     
  0.63271431661244337       0.75712295103587746        2.5345245669000288E-002   8.4484152230000966E-003   45.758498166442081     
   8.8714836882781770E-002  0.75530051191817538        2.5345245669000288E-002   8.4484152230000966E-003   9.0620755265822730     
  0.17582235296485013       0.53841716150226537        2.5345245669000288E-002   8.4484152230000966E-003   8.5326504452504626     
  0.22556913046789173       0.47710928441551009        2.5345245669000288E-002   8.4484152230000966E-003   34.276009953329734     
  0.68420766254777610       0.67901522767373579        2.5345245669000288E-002   8.4484152230000966E-003   102.54352140063389     
  0.20729251001955165       0.98387908751734643        2.5345245669000288E-002   8.4484152230000966E-003   9.8434923108186787     
   8.7948181422238897E-002  0.93952238097100804        2.5345245669000288E-002   8.4484152230000966E-003   90.024397248436586     
  0.74062017721716089       0.72207199742214268        2.5345245669000288E-002   8.4484152230000966E-003   6.3864643046862755     
  0.86213324092390264       0.10977056750408366        2.5345245669000288E-002   8.4484152230000966E-003   11.777472124008987     
  0.85246933505865441       0.99632131732444229        2.5345245669000288E-002   8.4484152230000966E-003   4.2376609985722160     
  0.93107274553793640       0.32633677989158622        2.5345245669000288E-002   8.4484152230000966E-003   33.819865842670481     
  0.78246767889231106       0.78956072950907086        2.5345245669000288E-002   8.4484152230000966E-003   150.96697462359108     
  0.41478275193671410       0.72505366015596284        2.5345245669000288E-002   8.4484152230000966E-003   32.696247454351294     
  0.32431192443078083       0.13693092578669097        2.5345245669000288E-002   8.4484152230000966E-003   134.69930841095803     
  0.95675118608579546       0.43134780892950497        2.5345245669000288E-002   8.4484152230000966E-003   60.873853310140561     
  0.58428721300531783       0.76776754264284630        2.5345245669000288E-002   8.4484152230000966E-003   116.06975372225469     
  0.76977421409953761       0.89886902808568847        2.5345245669000288E-002   8.4484152230000966E-003   91.998508106858083     
  0.40772638500516428       0.58389528188670570        2.5345245669000288E-002   8.4484152230000966E-003   18.212941143708303     
  0.47662689514145540       0.52606422877181591        2.5345245669000288E-002   8.4484152230000966E-003   2.0149652619250338     
  0.52688032471799640       0.97365985312115932        2.5345245669000288E-002   8.4484152230000966E-003   39.366244481006071     
  0.40989808218615920       0.46547282455020011        2.5345245669000288E-002   8.4484152230000966E-003   116.56020295229612     
  0.80426441010202976       0.95296050356103468        2.5345245669000288E-002   8.4484152230000966E-003   39.149373205237424     
   3.2121222340643359E-002  0.18625371187662373        2.5345245669000288E-002   8.4484152230000966E-003   52.113446849232062     
  0.37598916187839526       0.62284918352509544        2.5345245669000288E-002   8.4484152230000966E-003   8.7396477548731770     
  0.62850012230803742       0.53855095170143974        2.5345245669000288E-002   8.4484152230000966E-003   170.41229421507799     
  0.15999829005443242       0.71421840733636688        2.5345245669000288E-002   8.4484152230000966E-003   102.67108944572630     
  0.81456911295576695       0.70258883508962278        2.5345245669000288E-002   8.4484152230000966E-003   129.47494188573680     
  0.99837437265637408       0.41018890137731245        2.5345245669000288E-002   8.4484152230000966E-003   26.737237178098951     
  0.92040885390469462       0.58760565392029795        2.5345245669000288E-002   8.4484152230000966E-003   87.080624290673555     
  0.38853471773930404       0.50924226878309831        2.5345245669000288E-002   8.4484152230000966E-003   88.418141145045865     
  0.57578008432933458       0.79952124127660418        2.5345245669000288E-002   8.4484152230000966E-003   73.495326119988562     
  0.89621239210388315       0.98983687385436891        2.5345245669000288E-002   8.4484152230000966E-003   141.09153569339799     
  0.30353222731512008       0.92363056962662071        2.5345245669000288E-002   8.4484152230000966E-003   11.283963163912700     
  0.54022747321023379       0.23789797022299877        2.5345245669000288E-002   8.4484152230000966E-003   99.379592466757330     
   3.4010118288388502E-003  0.90824361486012717        2.5345245669000288E-002   8.4484152230000966E-003   79.438483785964138     
  0.20312738384391535       0.23014713370902598        2.5345245669000288E-002   8.4484152230000966E-003   95.869658304807245     
  0.41308594407155425       0.60104945988913594        2.5345245669000288E-002   8.4484152230000966E-003   135.37737783374129     
  0.73069272241968730       0.86749653508268043        2.5345245669000288E-002   8.4484152230000966E-003   77.468350559850123     
  0.86847228921025277       0.95267782363407749        2.5345245669000288E-002   8.4484152230000966E-003   154.67926419700379     
   2.5066412114838618E-002  0.97045067469198776        2.5345245669000288E-002   8.4484152230000966E-003   69.839223714700907     
  0.92117190468106969       0.37245797919515944        2.5345245669000288E-002   8.4484152230000966E-003   137.98384044721089     
  0.11686112449187580       0.77532110905036034        2.5345245669000288E-002   8.4484152230000966E-003   25.963876744233783     
  0.53015081913341755       0.53946977500133830        2.5345245669000288E-002   8.4484152230000966E-003   132.43182497876936     
  0.14749841836158445       0.32252179348449900        2.5345245669000288E-002   8.4484152230000966E-003   130.50864088965321     
  0.61934587622266235       0.31140143271513265        2.5345245669000288E-002   8.4484152230000966E-003   121.47451264100782     
  0.45888030762077597       0.91172641349909078        2.5345245669000288E-002   8.4484152230000966E-003   121.45277995778541     
  0.35535323210294578       0.28574701300577054        2.5345245669000288E-002   8.4484152230000966E-003   43.501957057819858     
  0.71699330394362604       0.76557013127760665        2.5345245669000288E-002   8.4484152230000966E-003   161.52986735572981     
  0.31420511273082091       0.30276948217085892        2.5345245669000288E-002   8.4484152230000966E-003   34.664800272559759     
  0.44559638382666400       0.60647414259482257        2.5345245669000288E-002   8.4484152230000966E-003   83.951006930244901     
  0.37688171865183212       0.73009102901789369        2.5345245669000288E-002   8.4484152230000966E-003   138.92437618624976     
  0.72996445933681864       0.41920169693185305        2.5345245669000288E-002   8.4484152230000966E-003   7.6154930923678510     
  0.70818436527423145        9.8691489171655142E-002   2.5345245669000288E-002   8.4484152230000966E-003   166.96563613232181     
  0.94820992629874667       0.32849032072811229        2.5345245669000288E-002   8.4484152230000966E-003   56.134433211491832     
  0.95569580571453250       0.51527363705409523        2.5345245669000288E-002   8.4484152230000966E-003   11.276047461882250     
  0.84382167864816382       0.46266037611458183        2.5345245669000288E-002   8.4484152230000966E-003   39.527006456533236     
  0.54311662780349768       0.32439880169368102        2.5345245669000288E-002   8.4484152230000966E-003   164.84824535069097     
   4.4331767022702931E-002  0.50029061771106276        2.5345245669000288E-002   8.4484152230000966E-003   125.94209084523736     
   4.5902101277224071E-002  0.64358280133743528        2.5345245669000288E-002   8.4484152230000966E-003   124.02904156710419     
  0.76063950017763182       0.14201249880944661        2.5345245669000288E-002   8.4484152230000966E-003   67.727974018490769     
  0.91009817847904984       0.88220573599098440        2.5345245669000288E-002   8.4484152230000966E-003   127.24899782620594     
  0.34601105023684875       0.20408077698933214        2.5345245669000288E-002   8.4484152230000966E-003   173.35706453553891     
  0.48552923196460340       0.18502515932164607        2.5345245669000288E-002   8.4484152230000966E-003   160.60161655356055     
  0.10233522378769425       0.26509941271760751        2.5345245669000288E-002   8.4484152230000966E-003   7.9449922569675095     
  0.98818560130697497       0.66925896064545987        2.5345245669000288E-002   8.4484152230000966E-003   1.9277922920241695     
  0.27683605324992189       0.94070346796004478        2.5345245669000288E-002   8.4484152230000966E-003   108.03133157205917     
  0.58650374917910375       0.29225206302821471        2.5345245669000288E-002   8.4484152230000966E-003   143.19578314742145     
  0.24754206465607298       0.88029084727563978        2.5345245669000288E-002   8.4484152230000966E-003   70.072893666194730     
  0.90447646280773886       0.14749982478289728        2.5345245669000288E-002   8.4484152230000966E-003   121.91195965861742     
  0.73542254115963168        3.4009806915386173E-002   2.5345245669000288E-002   8.4484152230000966E-003   114.00944973845185     
  0.75251319583674037       0.16383928061454611        2.5345245669000288E-002   8.4484152230000966E-003   104.68906205080928     
  0.57867046454315518       0.92513921169019608        2.5345245669000288E-002   8.4484152230000966E-003   5.7779200892537865     
  0.55133164062313245       0.81022934210581288        2.5345245669000288E-002   8.4484152230000966E-003   123.28666911430977     
  0.14066473718569739       0.59250908042447648        2.5345245669000288E-002   8.4484152230000966E-003   71.486338328727882     
  0.88986098283817228       0.21844413680536970        2.5345245669000288E-002   8.4484152230000966E-003   143.24303637987845     
  0.16379384553175275       0.87382973432220468        2.5345245669000288E-002   8.4484152230000966E-003   42.141492311855245     
  0.58364328444454783       0.72605144352085793        2.5345245669000288E-002   8.4484152230000966E-003   124.63370546412884     
  0.35995656931600922       0.77300782264622259        2.5345245669000288E-002   8.4484152230000966E-003   101.44331065131416     
  0.60454767401635290       0.47903990967809712        2.5345245669000288E-002   8.4484152230000966E-003   76.536146851988732     
  0.53127032246346462       0.20675685364843496        2.5345245669000288E-002   8.4484152230000966E-003   69.236388078468380     
  0.32311963916996927       0.15857984072858147        2.5345245669000288E-002   8.4484152230000966E-003   122.01917828602258     
  0.54186527247473049       0.74513011298044773        2.5345245669000288E-002   8.4484152230000966E-003   59.711724098537374     
   9.1024093673121170E-002   3.8080288514134038E-002   2.5345245669000288E-002   8.4484152230000966E-003   40.335453119368069     
  0.69288802840536567       0.38543057564045458        2.5345245669000288E-002   8.4484152230000966E-003   9.0557748497188371     
  0.55158458179081293       0.93593979887707068        2.5345245669000288E-002   8.4484152230000966E-003   34.027202284108938     
  0.99739595957969152       0.29667167550866708        2.5345245669000288E-002   8.4484152230000966E-003   107.56037915248062     
  0.45948844312528037       0.26518110279598900        2.5345245669000288E-002   8.4484152230000966E-003   70.538610162111866     
  0.92214723135461785       0.55749157982800701        2.5345245669000288E-002   8.4484152230000966E-003   100.63526564929521     
  0.57846461942861449       0.59968435594537639        2.5345245669000288E-002   8.4484152230000966E-003   101.83132086678513     
  0.60997998427986100        3.4228193096059421E-003   2.5345245669000288E-002   8.4484152230000966E-003   100.58401600906689     
  0.80428205680287201       0.33802013903234968        2.5345245669000288E-002   8.4484152230000966E-003   106.08172545998667     
  0.23465074782507195       0.82210320657809166        2.5345245669000288E-002   8.4484152230000966E-003   1.8315747453290288     
  0.33792192801989795       0.97445626414710840        2.5345245669000288E-002   8.4484152230000966E-003   51.816114077516694     
  0.78293858075038503       0.92264727343348840        2.5345245669000288E-002   8.4484152230000966E-003   165.48944663563881     
  0.34375615474734134       0.71627254022853815        2.5345245669000288E-002   8.4484152230000966E-003   53.869926277056216     
  0.20432280999023414       0.69961741676941880        2.5345245669000288E-002   8.4484152230000966E-003   88.509712351172027     
  0.92427466090924393       0.71154684006190949        2.5345245669000288E-002   8.4484152230000966E-003   162.01113999399678     
  0.44859541679295267       0.36603122802260674        2.5345245669000288E-002   8.4484152230000966E-003   129.07222956006393     
   7.7715183890327166E-002  0.31906111460798436        2.5345245669000288E-002   8.4484152230000966E-003   81.580656335854798     
  0.14145603078592689       0.61546207115680929        2.5345245669000288E-002   8.4484152230000966E-003   59.585535379485464     
  0.20102450907560218       0.37936744019478535        2.5345245669000288E-002   8.4484152230000966E-003   85.042705605099897     
  0.51781424228763695       0.22149765747459763        2.5345245669000288E-002   8.4484152230000966E-003   40.415825096585387     
   5.0342941321036783E-002  0.72870337768559001        2.5345245669000288E-002   8.4484152230000966E-003   133.37911963333616     
  0.58051034917280997        7.3373790811533238E-002   2.5345245669000288E-002   8.4484152230000966E-003   120.16271498698312     
  0.74630256669396444       0.38883346682951436        2.5345245669000288E-002   8.4484152230000966E-003   111.91588275732940     
  0.60191277235866791       0.30645546416156816        2.5345245669000288E-002   8.4484152230000966E-003   40.826658145648402     
  0.41962247372973255        7.7705086172419308E-002   2.5345245669000288E-002   8.4484152230000966E-003   149.83420328046535     
  0.40109934522465074       0.91345440122648258        2.5345245669000288E-002   8.4484152230000966E-003   47.919852870138122     
  0.22869756558877094        3.2082423514611692E-002   2.5345245669000288E-002   8.4484152230000966E-003   15.131452924652724     
  0.76776761340920219       0.64212273508557161        2.5345245669000288E-002   8.4484152230000966E-003   46.321547086039324     
  0.19881129772353931        8.5749158323872893E-002   2.5345245669000288E-002   8.4484152230000966E-003   9.4854226737566893     
  0.71748959225910502       0.28355069978806613        2.5345245669000288E-002   8.4484152230000966E-003   120.43310077712572     
  0.70936716734255156       0.20183555479312146        2.5345245669000288E-002   8.4484152230000966E-003   169.94751565416288     
  0.87331843340399995       0.57573626114200771        2.5345245669000288E-002   8.4484152230000966E-003   153.17866022707247     
  0.21752969617490850       0.95621084949390622        2.5345245669000288E-002   8.4484152230000966E-003   105.61902561114037     
  0.35792318239038368       0.67002901845714846        2.5345245669000288E-002   8.4484152230000966E-003   89.684491950637579     
  0.75029400772181831       0.74530000059199009        2.5345245669000288E-002   8.4484152230000966E-003   147.90658960680483     
  0.83451008467625698       0.88720086432878453        2.5345245669000288E-002   8.4484152230000966E-003   150.27604283460585     
  0.95366381856679194       0.79384785095472110        2.5345245669000288E-002   8.4484152230000966E-003   145.03283831653710     
  0.22655333869952418       0.54489345308815695        2.5345245669000288E-002   8.4484152230000966E-003   145.48306111528547     
   6.3796330905839860E-002   5.8978911834652412E-002   2.5345245669000288E-002   8.4484152230000966E-003   167.84425483400079     
  0.12094774063702578       0.81035851496685507        2.5345245669000288E-002   8.4484152230000966E-003   7.4451499305841260     
  0.33288992862014283       0.95102222151129034        2.5345245669000288E-002   8.4484152230000966E-003   68.353573479714683     
  0.82705412958730062       0.37133303081100782        2.5345245669000288E-002   8.4484152230000966E-003   118.58904738913709     
   6.6888426749741783E-002  0.24023845718320272        2.5345245669000288E-002   8.4484152230000966E-003   62.496564095936691     
  0.65467086091964655       0.30632837266235841        2.5345245669000288E-002   8.4484152230000966E-003   56.671406951299680     
  0.26341615356056625       0.15558606207716760        2.5345245669000288E-002   8.4484152230000966E-003   101.84413310920415     
   2.7372752002758866E-002  0.83112318708860289        2.5345245669000288E-002   8.4484152230000966E-003   67.481151267838598     
  0.18716362161045327       0.62337778987002124        2.5345245669000288E-002   8.4484152230000966E-003   72.954038968818864     
  0.30282715183697079        9.4190142873046626E-002   2.5345245669000288E-002   8.4484152230000966E-003   30.602959003882255     
  0.19625206556237562       0.12023710658645928        2.5345245669000288E-002   8.4484152230000966E-003   47.931914596917444     
  0.57968155121101617       0.34718430584891274        2.5345245669000288E-002   8.4484152230000966E-003   49.407039675674568     
  0.79935917581689075       0.19274142000903044        2.5345245669000288E-002   8.4484152230000966E-003   171.58520808664275     
  0.51348806109581380       0.60901240173826088        2.5345245669000288E-002   8.4484152230000966E-003   105.48685523047237     
  0.73246089241429035       0.80169527792011419        2.5345245669000288E-002   8.4484152230000966E-003   46.988228016532666     
  0.12598197893633889        4.8297612785053366E-002   2.5345245669000288E-002   8.4484152230000966E-003   112.17919681930529     
  0.55431892216070944       0.71070440688258485        2.5345245669000288E-002   8.4484152230000966E-003   17.456314425816167     
  0.12758753441504223       0.48405365766573633        2.5345245669000288E-002   8.4484152230000966E-003   157.86061164836957     
  0.49001971569455965       0.95372788487076454        2.5345245669000288E-002   8.4484152230000966E-003   152.01376507113224     
  0.76630728837853279       0.29815279780888432        2.5345245669000288E-002   8.4484152230000966E-003   1.0816738344460148     
  0.86770495341854215       0.44900214148404810        2.5345245669000288E-002   8.4484152230000966E-003   77.642653919582060     
  0.55241996839442165       0.53866878060538026        2.5345245669000288E-002   8.4484152230000966E-003   88.473612163335559     
  0.47291828235520700       0.45840863875071874        2.5345245669000288E-002   8.4484152230000966E-003   130.60519052736518     
  0.84887747240931966        9.1920852633145492E-002   2.5345245669000288E-002   8.4484152230000966E-003   138.42346776555979     
  0.86338934832629499       0.63965655350704798        2.5345245669000288E-002   8.4484152230000966E-003   123.41964558263770     
  0.57721562267436088       0.14377149477988774        2.5345245669000288E-002   8.4484152230000966E-003   38.747265717721348     
  0.55904043489994337       0.19620887436277376        2.5345245669000288E-002   8.4484152230000966E-003   91.797541492986966     
  0.10612013843851711       0.76263219017113915        2.5345245669000288E-002   8.4484152230000966E-003   153.98504754003559     
  0.73836563982119752       0.46362432629842493        2.5345245669000288E-002   8.4484152230000966E-003   6.2914683366077053     
   5.5902844179301407E-002  0.17774402191303845        2.5345245669000288E-002   8.4484152230000966E-003   88.805521209011459     
  0.95109972117630592       0.76597580093660311        2.5345245669000288E-002   8.4484152230000966E-003   107.79165431032450     
   2.7226556238838136E-002  0.89923509323995543        2.5345245669000288E-002   8.4484152230000966E-003   34.711965997944169     
  0.96566939031793653        4.7107769000057156E-002   2.5345245669000288E-002   8.4484152230000966E-003   38.422442733267147     
  0.22938881791105936       0.70007331225333014        2.5345245669000288E-002   8.4484152230000966E-003   8.5196993146904010     
   9.0597763518248636E-002  0.87738147336053962        2.5345245669000288E-002   8.4484152230000966E-003   124.02969401447288     
  0.55862550040854486        2.3305342536595951E-002   2.5345245669000288E-002   8.4484152230000966E-003   5.7650100300208909     
  0.49715788162239821       0.36889008389387146        2.5345245669000288E-002   8.4484152230000966E-003   148.53833308711569     
  0.19259569904330859       0.23990033848775566        2.5345245669000288E-002   8.4484152230000966E-003   111.36268684911931     
  0.11889211884971247       0.62388126352652762        2.5345245669000288E-002   8.4484152230000966E-003   155.17070039618272     
  0.44553179706921930       0.57605823008893631        2.5345245669000288E-002   8.4484152230000966E-003   21.820869312982023     
  0.62045589170360504       0.28121661465573888        2.5345245669000288E-002   8.4484152230000966E-003   175.11385166304066     
  0.16291748771815862        2.0787143663661471E-002   2.5345245669000288E-002   8.4484152230000966E-003   172.73987095006231     
  0.93689056562059470       0.43358560467035068        2.5345245669000288E-002   8.4484152230000966E-003   3.9332671437075861     
  0.67147545380304263       0.20358445292472324        2.5345245669000288E-002   8.4484152230000966E-003   53.600755695283524     
   8.7938902655060741E-002  0.65584736715942604        2.5345245669000288E-002   8.4484152230000966E-003   147.46942447261003     
  0.11477417580588019       0.79166883123411191        2.5345245669000288E-002   8.4484152230000966E-003   19.807831721224680     
  0.90564139558911261       0.64564472781988913        2.5345245669000288E-002   8.4484152230000966E-003   169.86661846687204     
  0.54013221427390268       0.79316330765980037        2.5345245669000288E-002   8.4484152230000966E-003   2.8891521159456719     
  0.79044165238157871       0.17386728936888546        2.5345245669000288E-002   8.4484152230000966E-003   50.694904480626292     
  0.25506508754591106        6.3159767032337208E-002   2.5345245669000288E-002   8.4484152230000966E-003   10.546133283721902     
  0.46070615302772400       0.84212267531715257        2.5345245669000288E-002   8.4484152230000966E-003   118.17945930420143     
   3.3208898651765836E-002  0.55077275026073635        2.5345245669000288E-002   8.4484152230000966E-003   145.90037949454609     
  0.91352637934020819       0.83299784684413669        2.5345245669000288E-002   8.4484152230000966E-003   166.08050963694384     
  0.58564882156446096       0.38451584433607472        2.5345245669000288E-002   8.4484152230000966E-003   51.267557049981484     
  0.97587666052836741       0.21591549855109976        2.5345245669000288E-002   8.4484152230000966E-003   121.46775238437529     
  0.31857468750274204       0.48933311222116305        2.5345245669000288E-002   8.4484152230000966E-003   87.313593012120307     
  0.27596994976394146       0.42720905884877586        2.5345245669000288E-002   8.4484152230000966E-003   25.898436289917253     
  0.43005575498321053        4.3377064485661157E-002   2.5345245669000288E-002   8.4484152230000966E-003   127.03732064840023     
   4.1736235631434256E-003  0.24085098154311954        2.5345245669000288E-002   8.4484152230000966E-003   42.585481656606284     
  0.58876464424887431       0.52568005814272112        2.5345245669000288E-002   8.4484152230000966E-003   129.10888446227423     
  0.14047450522907681       0.14257623424257923        2.5345245669000288E-002   8.4484152230000966E-003   151.46169149980125     
  0.51274640792209869        8.1352179315564016E-003   2.5345245669000288E-002   8.4484152230000966E-003   6.7473992116418353     
  0.22871746841863952       0.91422416402735018        2.5345245669000288E-002   8.4484152230000966E-003   144.83155319033284     
  0.98393207259207316       0.38215787961334163        2.5345245669000288E-002   8.4484152230000966E-003   69.159485035834948     
  0.19210838728082036       0.91039986011761709        2.5345245669000288E-002   8.4484152230000966E-003   1.3525557494569751     
  0.67625390807240371       0.29495801674534239        2.5345245669000288E-002   8.4484152230000966E-003   173.50737972563471     
  0.47900545397562139       0.71671730533573708        2.5345245669000288E-002   8.4484152230000966E-003   173.72368304362197     
  0.64541044079693377       0.26729657467306794        2.5345245669000288E-002   8.4484152230000966E-003   149.80974714915664     
  0.48732024264625301        2.0938523301385421E-002   2.5345245669000288E-002   8.4484152230000966E-003   41.908055628735909     
  0.22045951417603468       0.23581570939847410        2.5345245669000288E-002   8.4484152230000966E-003   46.875990640585869     
  0.57908398295852292        4.2286680760495944E-002   2.5345245669000288E-002   8.4484152230000966E-003   106.99901675568726     
  0.53569578357699399       0.66406854165866480        2.5345245669000288E-002   8.4484152230000966E-003   107.17405705237520     
  0.52412197950778916       0.74557866483537594        2.5345245669000288E-002   8.4484152230000966E-003   96.882482010410627     
  0.98128978182078874       0.95815002448649800        2.5345245669000288E-002   8.4484152230000966E-003   20.469472948417625     
  0.78498281106517598       0.90718116037706220        2.5345245669000288E-002   8.4484152230000966E-003   42.763491074972201     
  0.21076213937009772       0.61416899731565577        2.5345245669000288E-002   8.4484152230000966E-003   41.898331531024617     
  0.95247421039282709        9.1145157509004149E-002   2.5345245669000288E-002   8.4484152230000966E-003   96.860359317218197     
  0.18194498702200310       0.72062395030198800        2.5345245669000288E-002   8.4484152230000966E-003   52.520440986490570     
  0.14538624759662480       0.25282050676394774        2.5345245669000288E-002   8.4484152230000966E-003   163.21393426190335     
  0.37132039133563322       0.28742890692100681        2.5345245669000288E-002   8.4484152230000966E-003   63.061403725398385     
   6.3503905384723072E-002  0.46576318592610261        2.5345245669000288E-002   8.4484152230000966E-003   28.238193942348698     
  0.20279318151875420        6.8624793165755787E-002   2.5345245669000288E-002   8.4484152230000966E-003   162.76856416618821     
  0.46893060713033269       0.31424975800297850        2.5345245669000288E-002   8.4484152230000966E-003   68.758473314563844     
  0.49519944055562487        6.6744687342954370E-002   2.5345245669000288E-002   8.4484152230000966E-003   137.50468918490157     
  0.59919718649786002       0.22019994396010803        2.5345245669000288E-002   8.4484152230000966E-003   66.272743220060676     
  0.32964687329716247       0.18140718802743738        2.5345245669000288E-002   8.4484152230000966E-003   55.690518549501000     
   3.6938328361025972E-002  0.27781690390668029        2.5345245669000288E-002   8.4484152230000966E-003   24.212725692466684     
  0.46366696125440843       0.65771753940020161        2.5345245669000288E-002   8.4484152230000966E-003   112.22209456324485     
  0.79250756388676491        9.0743290418506661E-003   2.5345245669000288E-002   8.4484152230000966E-003   122.64655102275165     
  0.14981474994414196       0.28653589101881827        2.5345245669000288E-002   8.4484152230000966E-003   119.02039732631937     
  0.31738144670493107       0.81077704225834812        2.5345245669000288E-002   8.4484152230000966E-003   71.090372513365764     
  0.14956360343513372       0.15671670593836606        2.5345245669000288E-002   8.4484152230000966E-003   146.97837836722013     
  0.75577809859120215       0.96797294348635810        2.5345245669000288E-002   8.4484152230000966E-003   28.490778497288083     
  0.43694914138907426        7.6242417869277282E-002   2.5345245669000288E-002   8.4484152230000966E-003   71.048341374429413     
  0.50152342190476640       0.25296638496171048        2.5345245669000288E-002   8.4484152230000966E-003   122.52225736826279     
  0.88800053972753035        8.3080682148600413E-002   2.5345245669000288E-002   8.4484152230000966E-003   94.334547127800306     
  0.79118700337172265       0.40432139440060016        2.5345245669000288E-002   8.4484152230000966E-003   132.87674404425698     
  0.84641952437612211       0.98215576365976198        2.5345245669000288E-002   8.4484152230000966E-003   137.33502562785390     
  0.60456608440173654       0.90694930653363015        2.5345245669000288E-002   8.4484152230000966E-003   13.069253205734547     
  0.68508113745222643       0.51254184755493570        2.5345245669000288E-002   8.4484152230000966E-003   145.51507965139197     
  0.62586084715936896       0.92397638605709920        2.5345245669000288E-002   8.4484152230000966E-003   114.88697837358022     
  0.37590857918943710       0.71754195503942630        2.5345245669000288E-002   8.4484152230000966E-003   123.20902586577795     
  0.96448680012551047       0.92292674314017231        2.5345245669000288E-002   8.4484152230000966E-003   89.680437623913036     
  0.27201073948336429       0.28608996866885661        2.5345245669000288E-002   8.4484152230000966E-003   151.77967870667234     
  0.95179812605625047       0.61188642181716280        2.5345245669000288E-002   8.4484152230000966E-003   19.465103482144791     
  0.78816264960627314        4.8144221583009690E-002   2.5345245669000288E-002   8.4484152230000966E-003   129.36206631165726     
  0.77526198322757545       0.71808742772066891        2.5345245669000288E-002   8.4484152230000966E-003   16.344237834801998     
  0.20186795394810667       0.81472356905811272        2.5345245669000288E-002   8.4484152230000966E-003   113.09015625746142     
  0.82109937434710878        8.0712555373316217E-002   2.5345245669000288E-002   8.4484152230000966E-003   10.852416754912317     
  0.67589272859081717       0.73896869007316290        2.5345245669000288E-002   8.4484152230000966E-003   167.81838199336198     
   1.7316381201097929E-002  0.15718507423781997        2.5345245669000288E-002   8.4484152230000966E-003   55.982215329300750     
  0.35008473822716751       0.35225686149832763        2.5345245669000288E-002   8.4484152230000966E-003   96.290615519835754     
  0.97661327571241574       0.32429668653646204        2.5345245669000288E-002   8.4484152230000966E-003   139.65557262800806     
  0.60808654766872361       0.60374569593121064        2.5345245669000288E-002   8.4484152230000966E-003   118.98199840144713     
  0.68685572146565477       0.76426443804613364        2.5345245669000288E-002   8.4484152230000966E-003   119.26191475114913     
  0.92424534333909591       0.51690808913454500        2.5345245669000288E-002   8.4484152230000966E-003   87.894661515507025     
  0.91091990071730289       0.48996590670943885        2.5345245669000288E-002   8.4484152230000966E-003   128.97514306143259     
  0.84482189119321327       0.96472768904938899        2.5345245669000288E-002   8.4484152230000966E-003   122.30240791836040     
  0.15173305799128017       0.58996345531685102        2.5345245669000288E-002   8.4484152230000966E-003   60.399812159121048     
  0.13812178314679840       0.82364332778526972        2.5345245669000288E-002   8.4484152230000966E-003   22.094451206749468     
  0.85580422251641697       0.51713260819001217        2.5345245669000288E-002   8.4484152230000966E-003   135.57075488544729     
  0.82757296336055819        6.2056768104703293E-002   2.5345245669000288E-002   8.4484152230000966E-003   133.08655507506671     
  0.49496165806043002       0.24431666350535372        2.5345245669000288E-002   8.4484152230000966E-003   118.69597617031911     
  0.42902651590632918       0.79343118632618703        2.5345245669000288E-002   8.4484152230000966E-003   146.74181188133267     
  0.72044032916306888       0.46429015036572169        2.5345245669000288E-002   8.4484152230000966E-003   55.952320851361037     
  0.71132550130722472       0.73945361527329345        2.5345245669000288E-002   8.4484152230000966E-003   76.467935340374012     
  0.27991205164814570       0.87727170048552983        2.5345245669000288E-002   8.4484152230000966E-003   139.12440385929045     
  0.90511862511517627       0.61660141411468994        2.5345245669000288E-002   8.4484152230000966E-003   48.870946957743953     
   5.7140521172873810E-003  0.63678687204154349        2.5345245669000288E-002   8.4484152230000966E-003   167.50317623734938     
  0.92449809824225415       0.65770812743825502        2.5345245669000288E-002   8.4484152230000966E-003   20.596078918625931     
  0.75992063693388090       0.69583773534027082        2.5345245669000288E-002   8.4484152230000966E-003   126.26528715367867     
  0.66704531605301975       0.32800641736356967        2.5345245669000288E-002   8.4484152230000966E-003   93.886927496822949     
  0.57276843985790260       0.57182496068165101        2.5345245669000288E-002   8.4484152230000966E-003   29.586224888837485     
  0.17642291681652325       0.94980997551657653        2.5345245669000288E-002   8.4484152230000966E-003   3.3370468409960070     
  0.74865469366109416       0.64307085705477207        2.5345245669000288E-002   8.4484152230000966E-003   106.72252919125138     
  0.89645479489055346       0.28554057243675962        2.5345245669000288E-002   8.4484152230000966E-003   41.799264472414499     
  0.99585319014616358       0.43335829231842010        2.5345245669000288E-002   8.4484152230000966E-003   148.12571050165474     
  0.85836392592682209       0.40295319237790467        2.5345245669000288E-002   8.4484152230000966E-003   122.71611989981969     
  0.64316005151188205       0.60297881902484018        2.5345245669000288E-002   8.4484152230000966E-003   90.384724718845249     
  0.83294497048497318       0.73042377888865395        2.5345245669000288E-002   8.4484152230000966E-003   60.049982017021847     
  0.27949306031545162       0.75799538179026571        2.5345245669000288E-002   8.4484152230000966E-003   163.88432225685912     
  0.39238164450621221       0.44386774523826678        2.5345245669000288E-002   8.4484152230000966E-003   38.304431650730173     
  0.27675307519920700       0.62524484355792365        2.5345245669000288E-002   8.4484152230000966E-003   30.007775374995969     
  0.48805784316962431       0.13281893979491452        2.5345245669000288E-002   8.4484152230000966E-003   43.899857667967630     
  0.53761331536673562       0.94990633889342180        2.5345245669000288E-002   8.4484152230000966E-003   16.393412534818083     
  0.52008764315743450       0.12319580407729183        2.5345245669000288E-002   8.4484152230000966E-003   52.276138255126661     
   4.1011680609543272E-003  0.77977633827097581        2.5345245669000288E-002   8.4484152230000966E-003   131.52266588966671     
   2.6408431234171918E-002  0.57080075942346709        2.5345245669000288E-002   8.4484152230000966E-003   4.1984509568979647     
  0.55879695643565674       0.44095784551523670        2.5345245669000288E-002   8.4484152230000966E-003   110.34680400019434     
  0.27471198716690715       0.77663601834542717        2.5345245669000288E-002   8.4484152230000966E-003   130.88356393627026     
  0.74933242178208004       0.61621012367396988        2.5345245669000288E-002   8.4484152230000966E-003   73.006130822711214     
  0.75468696101959409       0.85042442453051781        2.5345245669000288E-002   8.4484152230000966E-003   94.746889087131976     
  0.24671855148443805       0.81112382375577075        2.5345245669000288E-002   8.4484152230000966E-003   19.902888206646544     
  0.68084555066743480       0.50289419476295671        2.5345245669000288E-002   8.4484152230000966E-003   152.95708938564761     
  0.29850942891710508       0.15831935641070383        2.5345245669000288E-002   8.4484152230000966E-003   1.6162739868198004     
  0.23566131434925447       0.92735848410177057        2.5345245669000288E-002   8.4484152230000966E-003   124.08967206609533     
  0.64636969377353037        9.9374740747271789E-002   2.5345245669000288E-002   8.4484152230000966E-003   138.38682979479458     
  0.36591838025630558       0.97775523335400027        2.5345245669000288E-002   8.4484152230000966E-003   129.07908713059612     
  0.37800442805996926       0.24061844275342834        2.5345245669000288E-002   8.4484152230000966E-003   123.14255267713078     
  0.45535775260320349       0.83000160247925281        2.5345245669000288E-002   8.4484152230000966E-003   139.49091222916149     
  0.77370661579308209       0.20841845603074158        2.5345245669000288E-002   8.4484152230000966E-003   148.07369333052259     
  0.50116554535882141       0.83158511307762273        2.5345245669000288E-002   8.4484152230000966E-003   151.52095013264602     
  0.30408690397040306       0.45060901796312924        2.5345245669000288E-002   8.4484152230000966E-003   90.382577107529656     
  0.95031350421563154       0.65817957520397496        2.5345245669000288E-002   8.4484152230000966E-003   62.988604211263059     
  0.68853371335443370       0.79049866104139843        2.5345245669000288E-002   8.4484152230000966E-003   79.448071593924467     
  0.50098301637152043       0.43170325322890318        2.5345245669000288E-002   8.4484152230000966E-003   163.38401666266910     
  0.50489361068045580       0.86434354318601936        2.5345245669000288E-002   8.4484152230000966E-003   27.013489713960617     
   4.5446147612725640E-002  0.31169124734385129        2.5345245669000288E-002   8.4484152230000966E-003   38.499074369865156     
  0.34903847922956138       0.78708895063533524        2.5345245669000288E-002   8.4484152230000966E-003   80.491883532055709     
  0.74677921434688999       0.26413891192684841        2.5345245669000288E-002   8.4484152230000966E-003   144.49592115457790     
  0.91734181063904141       0.42978675451759601        2.5345245669000288E-002   8.4484152230000966E-003   101.35668032584611     
  0.30009868531878492        5.5808325380957487E-002   2.5345245669000288E-002   8.4484152230000966E-003   155.16260481850310     
  0.34008279205627612       0.57673557819091792        2.5345245669000288E-002   8.4484152230000966E-003   84.929883256107601     
  0.72948342701703839       0.31930827225407921        2.5345245669000288E-002   8.4484152230000966E-003   41.590005892864660     
  0.11397089003004397       0.44872326505622323        2.5345245669000288E-002   8.4484152230000966E-003   83.766254857243823     
  0.79846220969654980       0.55060991545520688        2.5345245669000288E-002   8.4484152230000966E-003   13.261629122886097     
  0.27977141867418337       0.30050378789881871        2.5345245669000288E-002   8.4484152230000966E-003   135.67522148247519     
  0.89042198643361625       0.63294747558295295        2.5345245669000288E-002   8.4484152230000966E-003   119.63937885563226     
  0.81964989689655654       0.16252976434063712        2.5345245669000288E-002   8.4484152230000966E-003   123.23297447282954     
  0.53962970891433082        1.7713612512822219E-002   2.5345245669000288E-002   8.4484152230000966E-003   76.651371957439281     
  0.52815816965580187       0.69235524846353114        2.5345245669000288E-002   8.4484152230000966E-003   16.386873979533227     
  0.88530748861429120        5.8392447539442165E-002   2.5345245669000288E-002   8.4484152230000966E-003   65.020562022341309     
  0.33674072177287251        8.5393595368702876E-002   2.5345245669000288E-002   8.4484152230000966E-003   57.013998313895364     
  0.67501731793231889       0.71048256293312606        2.5345245669000288E-002   8.4484152230000966E-003  0.76150163296965834     
  0.24542799026769546       0.25239605552488253        2.5345245669000288E-002   8.4484152230000966E-003   147.15462716675518     
  0.54686990821917647       0.27148169170688607        2.5345245669000288E-002   8.4484152230000966E-003   55.710671746827245     
  0.78304751522794314       0.13429667831170983        2.5345245669000288E-002   8.4484152230000966E-003   75.526400562256597     
  0.34637448584746161       0.61965474167746581        2.5345245669000288E-002   8.4484152230000966E-003   88.877683614661493     
  0.13616373509816709       0.76186627507449545        2.5345245669000288E-002   8.4484152230000966E-003   136.43530967505711     
  0.29403000464316009        9.5332704892219008E-003   2.5345245669000288E-002   8.4484152230000966E-003   91.555770431757210     
  0.17187385661959545       0.26408070498899983        2.5345245669000288E-002   8.4484152230000966E-003   19.959653893751362     
  0.16175105830134823       0.45903342048452184        2.5345245669000288E-002   8.4484152230000966E-003   86.923323203102910     
  0.92159680385874976       0.14350774766094368        2.5345245669000288E-002   8.4484152230000966E-003   94.316037537932019     
  0.57962656825234105       0.63238989582513505        2.5345245669000288E-002   8.4484152230000966E-003   151.73781042812107     
  0.23746929791983698       0.68842573364422666        2.5345245669000288E-002   8.4484152230000966E-003   60.388535146147703     
  0.12503463059102352       0.46392051948918267        2.5345245669000288E-002   8.4484152230000966E-003   63.720184795658902     
  0.72470236457870385       0.38579845459942164        2.5345245669000288E-002   8.4484152230000966E-003   24.713387852831726     
  0.25102940077776975       0.16717849134480128        2.5345245669000288E-002   8.4484152230000966E-003   68.981878032656212     
  0.86832719054436835        3.4367533593453875E-002   2.5345245669000288E-002   8.4484152230000966E-003   51.513323848430318     
  0.81512142125764897       0.87130955133863874        2.5345245669000288E-002   8.4484152230000966E-003   76.672790738375497     
  0.13012829286088462       0.65651132995971395        2.5345245669000288E-002   8.4484152230000966E-003   69.360005397163548     
  0.60700684487613932       0.68511755395754170        2.5345245669000288E-002   8.4484152230000966E-003   87.594027531096870     
  0.89656307464831575       0.35639072947569272        2.5345245669000288E-002   8.4484152230000966E-003   131.06336104701538     
  0.44646203841514570       0.86044765541244561        2.5345245669000288E-002   8.4484152230000966E-003   103.44650948092028     
  0.81352580159422616       0.41970784383310078        2.5345245669000288E-002   8.4484152230000966E-003   63.164896345239221     
  0.72653372714080233       0.24738164259960443        2.5345245669000288E-002   8.4484152230000966E-003   136.64481158126563     
  0.47342956449906948       0.49284896091308472        2.5345245669000288E-002   8.4484152230000966E-003   146.43453942934789     
  0.38746158822171156       0.34093257891952999        2.5345245669000288E-002   8.4484152230000966E-003   34.697610144175989     
  0.61854234224935023       0.69301669436550650        2.5345245669000288E-002   8.4484152230000966E-003   66.655237975388403     
  0.72414560408907769       0.62398455965766364        2.5345245669000288E-002   8.4484152230000966E-003   32.152390746843636     
  0.31829380106878147       0.91278004138868363        2.5345245669000288E-002   8.4484152230000966E-003   49.853849530954484     
  0.53957427519551171       0.76418940246262534        2.5345245669000288E-002   8.4484152230000966E-003   50.335086378493507     
   9.1210851796400913E-002  0.41586382910574476        2.5345245669000288E-002   8.4484152230000966E-003   144.39905903950336     
  0.99471260726012833       0.53616985747890533        2.5345245669000288E-002   8.4484152230000966E-003   22.688942490406387     
  0.30294618743957297       0.94691162774723636        2.5345245669000288E-002   8.4484152230000966E-003   18.104040352089065     
  0.49231909906823346       0.28844755601970368        2.5345245669000288E-002   8.4484152230000966E-003   34.458448453325829     
  0.73298764475805211       0.49527331284216985        2.5345245669000288E-002   8.4484152230000966E-003   9.1346034670440925     
  0.97110900308204129       0.70011433643947063        2.5345245669000288E-002   8.4484152230000966E-003   133.28235567035165     
  0.15376622931572120       0.48760037640163190        2.5345245669000288E-002   8.4484152230000966E-003   30.433613623891567     
  0.29805410668933718       0.12137516108225317        2.5345245669000288E-002   8.4484152230000966E-003   94.787000099613806     
  0.77664638870160241       0.66496262267089912        2.5345245669000288E-002   8.4484152230000966E-003   7.1086027586046772     
  0.64987348729709460       0.28989274330309933        2.5345245669000288E-002   8.4484152230000966E-003   26.939642629525448     
  0.39391136936958243       0.46074396720940786        2.5345245669000288E-002   8.4484152230000966E-003   68.466120986091113     
  0.75517745231747790       0.87420990229659712        2.5345245669000288E-002   8.4484152230000966E-003   66.828141389597221     
  0.60019696225260466       0.86411405454763879        2.5345245669000288E-002   8.4484152230000966E-003   28.662242990122479     
  0.64607295250343200       0.90361540785941807        2.5345245669000288E-002   8.4484152230000966E-003   156.99743048510589     
  0.50355708962415935       0.45389996324794646        2.5345245669000288E-002   8.4484152230000966E-003   74.580718166828646     
  0.37802341586537208       0.14324925955193296        2.5345245669000288E-002   8.4484152230000966E-003   114.48476334624220     
  0.27465108472171340        2.8203227583572604E-002   2.5345245669000288E-002   8.4484152230000966E-003   91.767879780507556     
  0.31557719447839144       0.41138227272860700        2.5345245669000288E-002   8.4484152230000966E-003   136.19209315456820     
  0.45527544976138196       0.27716651904922135        2.5345245669000288E-002   8.4484152230000966E-003   64.205227027388432     
   5.6539809706566774E-002  0.24084828456722382        2.5345245669000288E-002   8.4484152230000966E-003   77.898814026917890     
  0.71790834610453313       0.13039480284216884        2.5345245669000288E-002   8.4484152230000966E-003   165.49402055656154     
  0.99495673997854950       0.93013495517674272        2.5345245669000288E-002   8.4484152230000966E-003   26.003899495271714     
  0.25357599256278918       0.12489127919257433        2.5345245669000288E-002   8.4484152230000966E-003   170.59387868292615     
  0.58617563630683767       0.11342601029102971        2.5345245669000288E-002   8.4484152230000966E-003   151.50652613400237     
  0.23345433307980110       0.40923955888227093        2.5345245669000288E-002   8.4484152230000966E-003   174.14519849342381     
  0.14483953328400864       0.96979060938481620        2.5345245669000288E-002   8.4484152230000966E-003   7.3533497308542612     
   6.6252181134855096E-003  0.83230958194583182        2.5345245669000288E-002   8.4484152230000966E-003   128.23396570043968     
  0.11735053918082072       0.68271433438875739        2.5345245669000288E-002   8.4484152230000966E-003   153.53116469930345     
  0.93571645418922356       0.25985101200627186        2.5345245669000288E-002   8.4484152230000966E-003   108.87735556558484     
  0.66975543272179172       0.89389887934709622        2.5345245669000288E-002   8.4484152230000966E-003   74.063099834771592     
  0.74071307292236532       0.22194642942434967        2.5345245669000288E-002   8.4484152230000966E-003   16.643840090709929     
  0.42761795518338969       0.66659523721549430        2.5345245669000288E-002   8.4484152230000966E-003   22.127817804396393     
   4.3118493475519097E-002  0.96363370563382877        2.5345245669000288E-002   8.4484152230000966E-003   77.957747441906733     
  0.77350801823110393       0.38696489202114898        2.5345245669000288E-002   8.4484152230000966E-003   20.348435244344639     
  0.26575461895630814       0.43139085398630012        2.5345245669000288E-002   8.4484152230000966E-003   24.684604144744270     
  0.78358583040758756       0.10349350407754396        2.5345245669000288E-002   8.4484152230000966E-003   28.503205088326908     
  0.11396391395802269       0.83136678552686016        2.5345245669000288E-002   8.4484152230000966E-003   158.87000598197361     
  0.56890186777182794       0.49325922604032574        2.5345245669000288E-002   8.4484152230000966E-003   122.40115856011327     
  0.80415783513030781       0.91028194187286005        2.5345245669000288E-002   8.4484152230000966E-003   121.52875705153883     
  0.93313081344408877       0.34973568227159535        2.5345245669000288E-002   8.4484152230000966E-003   55.958269823553479     
  0.78346584345893777       0.26366615475978777        2.5345245669000288E-002   8.4484152230000966E-003   123.86212978897665     
  0.17532352958922276       0.76348918404227339        2.5345245669000288E-002   8.4484152230000966E-003   54.472156236941586     
  0.69026154497276582        2.9872706382543582E-002   2.5345245669000288E-002   8.4484152230000966E-003   157.89963712052869     
  0.85533484290515149       0.23416475951257548        2.5345245669000288E-002   8.4484152230000966E-003   157.69806952417636     
  0.76810274146903912       0.40819228489292941        2.5345245669000288E-002   8.4484152230000966E-003   106.44459549700404     
  0.93419639319493131       0.94713769956470562        2.5345245669000288E-002   8.4484152230000966E-003   120.22810992756362     
  0.97037956094474653       0.39945008638524176        2.5345245669000288E-002   8.4484152230000966E-003   24.472718425179394     
  0.36791403045537535       0.95150931276090223        2.5345245669000288E-002   8.4484152230000966E-003   116.85125692391621     
  0.75465445413516308       0.77148467526353104        2.5345245669000288E-002   8.4484152230000966E-003   42.526350763970896     
  0.42315568959723859       0.56760381091449330        2.5345245669000288E-002   8.4484152230000966E-003   2.9260371852261762     
  0.65930610338273399        7.2493708853788683E-002   2.5345245669000288E-002   8.4484152230000966E-003   163.23466899569465     
  0.96652530792851521       0.98924272531831292        2.5345245669000288E-002   8.4484152230000966E-003   146.15564818644435     
  0.37694537036137493       0.54875498745654994        2.5345245669000288E-002   8.4484152230000966E-003   170.92201092670248     
  0.90344765213925871        9.5269685648519245E-002   2.5345245669000288E-002   8.4484152230000966E-003   152.61195847392850     
  0.97185599785659449       0.79970126255637586        2.5345245669000288E-002   8.4484152230000966E-003   141.19557028711935     
  0.70640969371647755       0.84160882788897273        2.5345245669000288E-002   8.4484152230000966E-003   43.192674122460787     
  0.58448634142118461        1.5301676165319052E-002   2.5345245669000288E-002   8.4484152230000966E-003   60.339262629317730     
  0.43932913026911025       0.97419600271595497        2.5345245669000288E-002   8.4484152230000966E-003   104.57185579864668     
  0.72925920830435709       0.19215935202649490        2.5345245669000288E-002   8.4484152230000966E-003   48.699138555408815     
  0.66825157487829390        1.3762378568792368E-002   2.5345245669000288E-002   8.4484152230000966E-003   111.52329065812738     
  0.29743761908365302       0.19961964103786439        2.5345245669000288E-002   8.4484152230000966E-003   128.84102581603787     
   7.7781391614777165E-003   7.8711097733443383E-002   2.5345245669000288E-002   8.4484152230000966E-003   108.04385589609284     
  0.68492929321666707       0.35188814031603910        2.5345245669000288E-002   8.4484152230000966E-003   151.67534663919568     
  0.53176036626083367       0.17271726273837440        2.5345245669000288E-002   8.4484152230000966E-003   117.50385826818085     
   3.6972968439898599E-002  0.52535970337960569        2.5345245669000288E-002   8.4484152230000966E-003   86.868070701037539     
  0.53391579416712864       0.82908433240667312        2.5345245669000288E-002   8.4484152230000966E-003   61.960653432950167     
  0.38728264762043257       0.79047381591873178        2.5345245669000288E-002   8.4484152230000966E-003   79.165074894685006     
  0.37720929880756437       0.98795875167688207        2.5345245669000288E-002   8.4484152230000966E-003   171.00447427266292     
  0.61952537189221779       0.63624934231726082        2.5345245669000288E-002   8.4484152230000966E-003   26.813034396203200     
  0.58617705517683627       0.56469674776238454        2.5345245669000288E-002   8.4484152230000966E-003   39.266089535140253     
  0.17882876759415736       0.30411798780075094        2.5345245669000288E-002   8.4484152230000966E-003   85.776658100549099     
  0.22693050153976893       0.35850464998671988        2.5345245669000288E-002   8.4484152230000966E-003   172.24105691560069     
  0.35991826727662829       0.37477851244239585        2.5345245669000288E-002   8.4484152230000966E-003   92.843526942515638     
  0.65576413215135743       0.38351075224095299        2.5345245669000288E-002   8.4484152230000966E-003   17.492329788789167     
  0.91616146726241554        6.1212190745784566E-002   2.5345245669000288E-002   8.4484152230000966E-003   42.174510389954499     
  0.11960110076055562       0.20417221452303860        2.5345245669000288E-002   8.4484152230000966E-003   166.61063091918064     
  0.64861182129569572       0.63186339550382975        2.5345245669000288E-002   8.4484152230000966E-003   79.659944992091184     
  0.97281238515351565       0.62480800791349889        2.5345245669000288E-002   8.4484152230000966E-003   109.67966156209411     
  0.34335333909142474       0.42656359332002103        2.5345245669000288E-002   8.4484152230000966E-003   30.659633495876960     
  0.83935349450681684       0.57605808770201017        2.5345245669000288E-002   8.4484152230000966E-003   61.448077905497804     
  0.80233029331922290       0.58268950379484752        2.5345245669000288E-002   8.4484152230000966E-003   24.802703656363214     
  0.21655119788220703       0.88274757687497607        2.5345245669000288E-002   8.4484152230000966E-003   158.17590616874025     
   9.7368008120116173E-002  0.64134062789658497        2.5345245669000288E-002   8.4484152230000966E-003   170.63720289811596     
  0.13853510691574034       0.85712428732165236        2.5345245669000288E-002   8.4484152230000966E-003   84.663058685306453     
  0.92321289259618888       0.99788253506253122        2.5345245669000288E-002   8.4484152230000966E-003   15.709954973005772     
  0.44910271194471535       0.95176595961152455        2.5345245669000288E-002   8.4484152230000966E-003   153.28691016388470     
  0.14572788234188686       0.64900328083689951        2.5345245669000288E-002   8.4484152230000966E-003   54.067326307167640     
  0.41863049593921386       0.30522252599620109        2.5345245669000288E-002   8.4484152230000966E-003   145.32796505506943     
  0.12905624833413451       0.90553460261598739        2.5345245669000288E-002   8.4484152230000966E-003   54.101904341327895     
  0.66193282337127712       0.65802553907291272        2.5345245669000288E-002   8.4484152230000966E-003   72.699637887752246     
  0.20696734385202836       0.28086815894864187        2.5345245669000288E-002   8.4484152230000966E-003   87.903591427861372     
  0.48075801546891744       0.67657759979239385        2.5345245669000288E-002   8.4484152230000966E-003   9.7880207896147713     
  0.66214482173431188       0.40667325137564397        2.5345245669000288E-002   8.4484152230000966E-003   164.79187989947843     
  0.59140104161067331       0.93577432014175521        2.5345245669000288E-002   8.4484152230000966E-003   5.4076905733224461     
  0.37750465939189121       0.27990679266872370        2.5345245669000288E-002   8.4484152230000966E-003   58.654574791732642     
  0.91663320172290419       0.54603210412002723        2.5345245669000288E-002   8.4484152230000966E-003   113.46034285804683     
  0.70347576578866688       0.66754412276948516        2.5345245669000288E-002   8.4484152230000966E-003   94.489799761973785     
  0.78070937812342178       0.98281496301245774        2.5345245669000288E-002   8.4484152230000966E-003   168.28732334283296     
   7.4477017545395763E-002  0.72836367784381895        2.5345245669000288E-002   8.4484152230000966E-003   14.682987391973812     
  0.91379974767238770       0.78420232093776554        2.5345245669000288E-002   8.4484152230000966E-003   49.044978659983350     
  0.44116900558553890       0.74966300310168732        2.5345245669000288E-002   8.4484152230000966E-003   89.923382319271326     
  0.57055846252360809       0.19135881689817125        2.5345245669000288E-002   8.4484152230000966E-003   78.469565161463350     
  0.81151302064704089       0.23449324754720238        2.5345245669000288E-002   8.4484152230000966E-003   76.427586533289798     
