  0.28155656982005056       0.83722672088482319        2.5345245669000288E-002   8.4484152230000966E-003   79.109376915403203     
  0.33155005169485019        4.3260164884306743E-002   2.5345245669000288E-002   8.4484152230000966E-003   135.87008281655471     
  0.12995873435305960       0.36974389560634513        2.5345245669000288E-002   8.4484152230000966E-003   98.110408345882178     
  0.24996289504281879       0.54296737504189496        2.5345245669000288E-002   8.4484152230000966E-003   124.13948977475830     
  0.50959078824820092        4.4087151591145776E-002   2.5345245669000288E-002   8.4484152230000966E-003   99.309519970002199     
   7.4182482935487473E-002  0.99899270957002562        2.5345245669000288E-002   8.4484152230000966E-003   51.323731820572725     
  0.85354206953079481       0.39436383332726976        2.5345245669000288E-002   8.4484152230000966E-003   153.46232378263841     
  0.47513202295487855       0.62734094772668603        2.5345245669000288E-002   8.4484152230000966E-003   65.921132341863697     
  0.58630133283124852       0.63079914269968984        2.5345245669000288E-002   8.4484152230000966E-003   100.23385123227598     
   1.7442325890010216E-002  0.43422414107094259        2.5345245669000288E-002   8.4484152230000966E-003   44.068767352888933     
  0.50099269863265861       0.66935451266881552        2.5345245669000288E-002   8.4484152230000966E-003   40.896759476850072     
   4.5973149550947223E-002  0.59357980917002906        2.5345245669000288E-002   8.4484152230000966E-003   22.358730528732806     
  0.25646181651987188       0.18961871652494505        2.5345245669000288E-002   8.4484152230000966E-003   154.62778893851771     
   7.3629119088163192E-002  0.95352138381057583        2.5345245669000288E-002   8.4484152230000966E-003   40.001224968630879     
  0.50193961086515038       0.81663677533933443        2.5345245669000288E-002   8.4484152230000966E-003   144.95107935780740     
  0.19493865219439577       0.81231676516692530        2.5345245669000288E-002   8.4484152230000966E-003   66.561969492243321     
  0.89838416473696747       0.74051701177409202        2.5345245669000288E-002   8.4484152230000966E-003   11.584403345908171     
  0.93497169644460498       0.89706384105414205        2.5345245669000288E-002   8.4484152230000966E-003   143.90818348116969     
  0.42419844469821288       0.62357160229604458        2.5345245669000288E-002   8.4484152230000966E-003   73.869812690156536     
  0.54762105861633714        6.4136908054030661E-002   2.5345245669000288E-002   8.4484152230000966E-003   132.00954712639168     
  0.97065847465455424       0.98265244657724615        2.5345245669000288E-002   8.4484152230000966E-003   46.091401408784613     
  0.20316591072396140       0.41611418581845361        2.5345245669000288E-002   8.4484152230000966E-003   28.360462393210874     
  0.22971479482247228       0.66451217608942614        2.5345245669000288E-002   8.4484152230000966E-003   61.368213807604356     
  0.17970048238995462       0.42952887051921790        2.5345245669000288E-002   8.4484152230000966E-003   169.99768711361261     
  0.63118088741338596       0.60173562574357153        2.5345245669000288E-002   8.4484152230000966E-003   120.19446630800591     
  0.54179761972320739        5.6787856987975303E-002   2.5345245669000288E-002   8.4484152230000966E-003   134.23148553337731     
  0.18981450889884205       0.50063501847673175        2.5345245669000288E-002   8.4484152230000966E-003   108.87662527384849     
  0.96589916235362883       0.95461015499936108        2.5345245669000288E-002   8.4484152230000966E-003   79.813763394798087     
  0.16561015466082057       0.15939711981491606        2.5345245669000288E-002   8.4484152230000966E-003   139.61037036351928     
  0.17938961111002430       0.49615397910559100        2.5345245669000288E-002   8.4484152230000966E-003   122.47646374674487     
  0.36590885771054699       0.23486696419008574        2.5345245669000288E-002   8.4484152230000966E-003   96.217025291615684     
  0.31011581251947112       0.20556891901994082        2.5345245669000288E-002   8.4484152230000966E-003   158.28947297092770     
  0.24281609674822491       0.38103860256429056        2.5345245669000288E-002   8.4484152230000966E-003   139.78863934033285     
  0.35029837153463639       0.47815755119964981        2.5345245669000288E-002   8.4484152230000966E-003   12.892254918041484     
  0.75374734059733839       0.23730261662025723        2.5345245669000288E-002   8.4484152230000966E-003   21.334834385179413     
   1.5266146460150093E-002  0.32003870434783949        2.5345245669000288E-002   8.4484152230000966E-003   161.14892704210189     
  0.36100860555511044       0.94333820561903969        2.5345245669000288E-002   8.4484152230000966E-003   128.68786720999924     
  0.23009609969247527       0.45339196764324224        2.5345245669000288E-002   8.4484152230000966E-003   68.370705503742187     
  0.49955279749569220       0.87684611871673424        2.5345245669000288E-002   8.4484152230000966E-003   178.35927474453968     
   6.6541253428909250E-002   5.1712395609032182E-003   2.5345245669000288E-002   8.4484152230000966E-003   49.036784427299480     
   8.8470142957580794E-002   9.0749504421603192E-002   2.5345245669000288E-002   8.4484152230000966E-003   138.73946972859784     
  0.68263386269002468       0.23404580722486185        2.5345245669000288E-002   8.4484152230000966E-003   98.335241498190697     
   3.8141677790568235E-002  0.83591206014405040        2.5345245669000288E-002   8.4484152230000966E-003   67.364566018566535     
  0.17023524347990263       0.23116301865559227        2.5345245669000288E-002   8.4484152230000966E-003   62.583477703898964     
  0.32281320692072246        6.7255307061699937E-002   2.5345245669000288E-002   8.4484152230000966E-003   103.62461519036083     
  0.63487463384278886       0.92996317032475473        2.5345245669000288E-002   8.4484152230000966E-003   133.96262828345567     
  0.98818127969840974       0.28737863132340113        2.5345245669000288E-002   8.4484152230000966E-003   112.95071845073767     
  0.66297607682936766       0.21764807218157584        2.5345245669000288E-002   8.4484152230000966E-003   152.81920995685869     
   6.2299845180353738E-002  0.63753825567809874        2.5345245669000288E-002   8.4484152230000966E-003   36.896222568666062     
  0.64161469283384620       0.43346502469551063        2.5345245669000288E-002   8.4484152230000966E-003   122.66696349726614     
   5.4417839508302888E-002  0.91604942167138070        2.5345245669000288E-002   8.4484152230000966E-003   47.273554065614981     
  0.56650827273409965       0.70120169327916282        2.5345245669000288E-002   8.4484152230000966E-003   175.45399634800370     
   9.8662026448774268E-002  0.49240245077973582        2.5345245669000288E-002   8.4484152230000966E-003   163.53770593679744     
  0.34434923864146150       0.66578378808158045        2.5345245669000288E-002   8.4484152230000966E-003   100.73172887097903     
   1.2783333755616428E-002  0.10300247344396532        2.5345245669000288E-002   8.4484152230000966E-003   151.47012740301940     
  0.28670476229738390       0.74265205687558367        2.5345245669000288E-002   8.4484152230000966E-003   99.401886463239933     
  0.95226393833489598       0.38545557915470929        2.5345245669000288E-002   8.4484152230000966E-003   30.799799315390615     
  0.31595105624563979       0.75885152180515969        2.5345245669000288E-002   8.4484152230000966E-003   76.288221629568767     
  0.17714545319665387       0.57632097351964595        2.5345245669000288E-002   8.4484152230000966E-003   24.837265345811634     
  0.98567628720566269       0.70047817469947127        2.5345245669000288E-002   8.4484152230000966E-003   73.866166289255091     
  0.45585098198956503       0.97377578027553380        2.5345245669000288E-002   8.4484152230000966E-003   30.939405509200629     
   5.5472693184492050E-002  0.35182742570175662        2.5345245669000288E-002   8.4484152230000966E-003   11.081780826650267     
  0.28726581300906578       0.77988408517750996        2.5345245669000288E-002   8.4484152230000966E-003   94.643901845548143     
  0.79318309571294277       0.57221894979668630        2.5345245669000288E-002   8.4484152230000966E-003   136.04987253678925     
  0.74735700145010286       0.68924444157641118        2.5345245669000288E-002   8.4484152230000966E-003   90.247138597074326     
  0.11776019249089803        2.0316863818158497E-002   2.5345245669000288E-002   8.4484152230000966E-003   93.342588725090053     
  0.60293510893034274       0.39601345245314001        2.5345245669000288E-002   8.4484152230000966E-003   156.01961549868216     
  0.44702817599033456        4.7585638991359265E-002   2.5345245669000288E-002   8.4484152230000966E-003   151.08346049911066     
  0.72352760846322972       0.97603665714028243        2.5345245669000288E-002   8.4484152230000966E-003   59.146273762655113     
  0.95657584830256437       0.72081994277710770        2.5345245669000288E-002   8.4484152230000966E-003   20.738872544981618     
  0.42014890761938045       0.13914137411719385        2.5345245669000288E-002   8.4484152230000966E-003   59.966305711369955     
  0.85680517305633519       0.83769752311544632        2.5345245669000288E-002   8.4484152230000966E-003   177.10998198313104     
  0.17882837432620824       0.43960394503149963        2.5345245669000288E-002   8.4484152230000966E-003   4.8076034433423978     
  0.43736937074735166       0.26216108466378885        2.5345245669000288E-002   8.4484152230000966E-003   161.59950433809209     
  0.61905602254501779       0.25867268025684942        2.5345245669000288E-002   8.4484152230000966E-003   163.06512127608772     
  0.60511664771293971       0.57748413379787389        2.5345245669000288E-002   8.4484152230000966E-003   51.434694869420063     
  0.26735707904731193       0.22214176351818804        2.5345245669000288E-002   8.4484152230000966E-003   47.809956272061115     
  0.64346780104703361       0.87813835963166920        2.5345245669000288E-002   8.4484152230000966E-003   171.91405721925889     
  0.49466073840823405       0.42389176629849717        2.5345245669000288E-002   8.4484152230000966E-003   139.98603294478391     
  0.69348772937987690       0.87572654473616041        2.5345245669000288E-002   8.4484152230000966E-003   168.25213017916820     
  0.96711001421892184       0.89485296041214168        2.5345245669000288E-002   8.4484152230000966E-003   24.938852672140335     
  0.25233618973947397       0.10758708033333575        2.5345245669000288E-002   8.4484152230000966E-003   48.370996031460663     
  0.37841997291373158       0.92817359387427045        2.5345245669000288E-002   8.4484152230000966E-003   47.167769115306605     
   8.0487629308800934E-002   8.3522797075505584E-002   2.5345245669000288E-002   8.4484152230000966E-003   111.44940129746641     
  0.15138943918268852       0.51418606742121531        2.5345245669000288E-002   8.4484152230000966E-003   4.6887843031653516     
   7.7120338949579065E-002  0.49816460582921257        2.5345245669000288E-002   8.4484152230000966E-003   143.19251382856800     
  0.15432191056994249       0.94531786957632746        2.5345245669000288E-002   8.4484152230000966E-003   142.08602304026110     
  0.64494012949999724       0.14731674072729387        2.5345245669000288E-002   8.4484152230000966E-003   138.70667827621457     
  0.52044170923902022       0.10887243465789716        2.5345245669000288E-002   8.4484152230000966E-003   47.971959517391660     
  0.94091188530207759       0.54665140924691769        2.5345245669000288E-002   8.4484152230000966E-003   91.266210246425061     
   9.8597803485960811E-002  0.14165667909154048        2.5345245669000288E-002   8.4484152230000966E-003   67.221516916448692     
  0.21820588977940045       0.99754019461846821        2.5345245669000288E-002   8.4484152230000966E-003   169.13587950638018     
  0.28574196616888320       0.24180894667026817        2.5345245669000288E-002   8.4484152230000966E-003   49.944387893552417     
  0.64334072251057317       0.48648349847123035        2.5345245669000288E-002   8.4484152230000966E-003   69.567018716221952     
  0.67780145554987858        4.2145279367287264E-002   2.5345245669000288E-002   8.4484152230000966E-003   128.10398988092277     
  0.38177632953903973        3.8906363504137734E-003   2.5345245669000288E-002   8.4484152230000966E-003   133.14001863678061     
  0.29823845580683034       0.37845879908207636        2.5345245669000288E-002   8.4484152230000966E-003   51.441982752675436     
  0.45657797431013780       0.40179170051785218        2.5345245669000288E-002   8.4484152230000966E-003   75.524412493256406     
  0.89008218914926973       0.75241801149623877        2.5345245669000288E-002   8.4484152230000966E-003   66.162007512417901     
  0.93340601036670467       0.72382267563238312        2.5345245669000288E-002   8.4484152230000966E-003   1.9406292359128057     
  0.99891059312104236        9.7694632361688960E-002   2.5345245669000288E-002   8.4484152230000966E-003   90.940307431587087     
  0.94747559405064474       0.76034035795838162        2.5345245669000288E-002   8.4484152230000966E-003   127.00570276704836     
  0.46978937624899747       0.85088668078192509        2.5345245669000288E-002   8.4484152230000966E-003   137.43894726448249     
  0.62123029417657916       0.96200084282608700        2.5345245669000288E-002   8.4484152230000966E-003   128.62879433038060     
  0.40488418761221562       0.84249387305020629        2.5345245669000288E-002   8.4484152230000966E-003   108.17787573282583     
  0.19682223193117102       0.57176454868885496        2.5345245669000288E-002   8.4484152230000966E-003   113.94147815859209     
  0.44609278554217430       0.34779103685130064        2.5345245669000288E-002   8.4484152230000966E-003   156.96782014345038     
  0.59627085813078451        9.0666463589898667E-003   2.5345245669000288E-002   8.4484152230000966E-003   130.09417519858337     
  0.87179931458301041       0.27321474267679513        2.5345245669000288E-002   8.4484152230000966E-003   123.64553219260193     
  0.13929171526795056       0.40653040006335422        2.5345245669000288E-002   8.4484152230000966E-003   151.84243368292547     
  0.81368405444682090       0.64830567618486057        2.5345245669000288E-002   8.4484152230000966E-003   44.832775942881568     
  0.11965679746829250       0.36710889862930129        2.5345245669000288E-002   8.4484152230000966E-003   114.35988314826511     
  0.75722511706403028       0.45004025431240752        2.5345245669000288E-002   8.4484152230000966E-003   101.24879789103186     
   6.1726409893178347E-002  0.68261620346607987        2.5345245669000288E-002   8.4484152230000966E-003   126.64116530748970     
   8.1935829608919430E-002  0.57597935917690180        2.5345245669000288E-002   8.4484152230000966E-003   35.146402070505630     
  0.46519429576296678       0.39918219681136108        2.5345245669000288E-002   8.4484152230000966E-003   65.491343007080317     
  0.54972565294427977       0.43122053003836963        2.5345245669000288E-002   8.4484152230000966E-003   151.02633618481391     
  0.25698062460051690       0.22932295762357538        2.5345245669000288E-002   8.4484152230000966E-003   70.236033145367557     
  0.44517743654045405       0.46602451302522724        2.5345245669000288E-002   8.4484152230000966E-003   149.45324745891895     
  0.79867133520847522       0.54545712344620789        2.5345245669000288E-002   8.4484152230000966E-003   46.371991266552016     
  0.43715851381076914       0.45569288870718583        2.5345245669000288E-002   8.4484152230000966E-003   154.95867011648929     
  0.90167761140251079       0.50198917911836793        2.5345245669000288E-002   8.4484152230000966E-003   166.27434321228378     
  0.29058605343163435       0.82105533010764742        2.5345245669000288E-002   8.4484152230000966E-003   10.655813506452436     
  0.63149734894977272       0.68957754246398562        2.5345245669000288E-002   8.4484152230000966E-003   95.694975757772553     
   8.8789643146769251E-002  0.15348492351871101        2.5345245669000288E-002   8.4484152230000966E-003   7.0971272074411687     
  0.95746373055268319       0.98732613288438098        2.5345245669000288E-002   8.4484152230000966E-003   98.124570845201845     
  0.27811437542624751        8.0029513839730601E-002   2.5345245669000288E-002   8.4484152230000966E-003   150.97033807727448     
  0.26141934644664550        3.4015519513043997E-002   2.5345245669000288E-002   8.4484152230000966E-003   45.516849049568258     
  0.32627698430738600       0.75095374135432258        2.5345245669000288E-002   8.4484152230000966E-003   39.414514494935858     
  0.42175854213795538       0.47503264298649828        2.5345245669000288E-002   8.4484152230000966E-003   171.41340929299585     
  0.97083918717399953       0.76528050738045683        2.5345245669000288E-002   8.4484152230000966E-003   76.318149813936429     
   9.3761120857048033E-002  0.88042822341168681        2.5345245669000288E-002   8.4484152230000966E-003   136.71349417238824     
  0.71188328281680013       0.95560773788697551        2.5345245669000288E-002   8.4484152230000966E-003   41.164561027422394     
  0.55730271757277494       0.87055796806117047        2.5345245669000288E-002   8.4484152230000966E-003   50.741341841413671     
  0.96758998760362058        8.4121359282133809E-002   2.5345245669000288E-002   8.4484152230000966E-003   85.032563462512513     
  0.15509199468973561       0.78424246562886335        2.5345245669000288E-002   8.4484152230000966E-003   8.1964668860657532     
  0.38405585850182250       0.94996686745943248        2.5345245669000288E-002   8.4484152230000966E-003   63.245924545174276     
  0.41524126629839175       0.78108251845417365        2.5345245669000288E-002   8.4484152230000966E-003   137.84349958211996     
  0.28558387569550930       0.96642553711409540        2.5345245669000288E-002   8.4484152230000966E-003   154.99213014651608     
   7.7684331726224312E-002  0.20538343674887885        2.5345245669000288E-002   8.4484152230000966E-003   101.77890321598704     
  0.32570671803156065       0.58040121725561877        2.5345245669000288E-002   8.4484152230000966E-003   35.532620895082495     
  0.81232814330043313       0.32878573184698456        2.5345245669000288E-002   8.4484152230000966E-003   43.292140159444841     
  0.22911455093646479       0.34679690554643788        2.5345245669000288E-002   8.4484152230000966E-003   161.58623870524124     
  0.86346000131351619       0.85179038777701033        2.5345245669000288E-002   8.4484152230000966E-003   117.82296316137159     
  0.73470204297903630       0.63740219155919065        2.5345245669000288E-002   8.4484152230000966E-003   156.49553191015508     
  0.50899830566013970       0.76488201528066257        2.5345245669000288E-002   8.4484152230000966E-003   40.831060405187372     
  0.66372960215750765       0.42362997775717781        2.5345245669000288E-002   8.4484152230000966E-003   2.8496449437084701     
   8.9703827414298790E-002  0.83493287187058651        2.5345245669000288E-002   8.4484152230000966E-003   94.811385832479118     
  0.58563689087505955       0.47389868345770930        2.5345245669000288E-002   8.4484152230000966E-003   140.95361998796355     
  0.64048722088747534       0.75522545445158029        2.5345245669000288E-002   8.4484152230000966E-003   78.587135961701406     
  0.37858857213753749       0.56042719442046651        2.5345245669000288E-002   8.4484152230000966E-003   168.51220800193849     
  0.41619403108638531       0.85729588293541514        2.5345245669000288E-002   8.4484152230000966E-003   176.81598290072685     
  0.96986811991220356       0.24980686243449474        2.5345245669000288E-002   8.4484152230000966E-003   29.440206839664640     
  0.43803518523408552       0.52325630972754777        2.5345245669000288E-002   8.4484152230000966E-003   178.43831104610879     
   7.2927821875522533E-002  0.96721086709797122        2.5345245669000288E-002   8.4484152230000966E-003  0.66155963867555556     
  0.80078406545641523        4.3250539988708696E-002   2.5345245669000288E-002   8.4484152230000966E-003   173.71165763237093     
  0.89980525127734179       0.26565930368559409        2.5345245669000288E-002   8.4484152230000966E-003   76.814210287624917     
  0.48550744303606969       0.92640812505244530        2.5345245669000288E-002   8.4484152230000966E-003   158.60385139976972     
  0.89112421386649721       0.93530234216268393        2.5345245669000288E-002   8.4484152230000966E-003   127.15885224263296     
  0.52855497781521321       0.46858795408805198        2.5345245669000288E-002   8.4484152230000966E-003   122.24121675384390     
  0.30849195238758703       0.53376295965548914        2.5345245669000288E-002   8.4484152230000966E-003   38.422581800920632     
  0.47649562475542245       0.54145409463001559        2.5345245669000288E-002   8.4484152230000966E-003   1.1251091492056267     
  0.17427980546217764       0.69728151733795052        2.5345245669000288E-002   8.4484152230000966E-003   70.432163732002451     
  0.79107319649123398       0.71479813446399876        2.5345245669000288E-002   8.4484152230000966E-003   73.937418555692091     
  0.45608576011061991       0.87633224324079884        2.5345245669000288E-002   8.4484152230000966E-003   172.55590397480495     
  0.15716070016825040        5.0858111113436001E-003   2.5345245669000288E-002   8.4484152230000966E-003   147.50519124904707     
  0.39312415426693964       0.23934844684406228        2.5345245669000288E-002   8.4484152230000966E-003   71.078867030657676     
  0.82593264552619283       0.24307043245793358        2.5345245669000288E-002   8.4484152230000966E-003   147.54924608915388     
  0.56161230662485284       0.52104969733940265        2.5345245669000288E-002   8.4484152230000966E-003   106.68131203433103     
  0.62436592543718616       0.77232672004750791        2.5345245669000288E-002   8.4484152230000966E-003   12.495068081692230     
   3.9716960546355685E-002  0.10541678371156391        2.5345245669000288E-002   8.4484152230000966E-003   58.260498896074665     
  0.74024445047638299       0.24903730614420280        2.5345245669000288E-002   8.4484152230000966E-003   99.909131793433900     
  0.15687164678120652       0.31067108689907791        2.5345245669000288E-002   8.4484152230000966E-003   87.436646276439973     
  0.66580151960563627       0.22666496024467861        2.5345245669000288E-002   8.4484152230000966E-003   161.04529179113442     
  0.89032480049850504       0.43141986254489012        2.5345245669000288E-002   8.4484152230000966E-003   29.998323163184093     
  0.47985550806459470       0.83332668518163011        2.5345245669000288E-002   8.4484152230000966E-003   11.641888670651490     
  0.40496919945983384       0.11823413338700030        2.5345245669000288E-002   8.4484152230000966E-003   61.694150744938668     
  0.69048997157895087       0.52687160014391188        2.5345245669000288E-002   8.4484152230000966E-003   141.99476169517945     
  0.62828210899791648       0.97353561634022434        2.5345245669000288E-002   8.4484152230000966E-003   173.66100953947091     
  0.23620313280852029       0.37052263185403783        2.5345245669000288E-002   8.4484152230000966E-003   143.78967523277851     
  0.91773443474626748       0.14033678425057966        2.5345245669000288E-002   8.4484152230000966E-003   82.150932936849671     
  0.90275308513173158       0.79450370726489883        2.5345245669000288E-002   8.4484152230000966E-003   38.096103506939862     
  0.11888403383286758       0.25256224991766607        2.5345245669000288E-002   8.4484152230000966E-003   54.247644198848754     
  0.17643732996525852       0.58620569868243266        2.5345245669000288E-002   8.4484152230000966E-003   11.168679804232802     
  0.35594778626262524       0.89223883796792047        2.5345245669000288E-002   8.4484152230000966E-003   74.883378612616653     
  0.28361903415726136       0.95373676829938681        2.5345245669000288E-002   8.4484152230000966E-003   174.41951637280118     
  0.65845058403196177       0.34148315952836933        2.5345245669000288E-002   8.4484152230000966E-003   75.478126260051823     
  0.18835564909853858       0.99432183335838631        2.5345245669000288E-002   8.4484152230000966E-003   120.06153333523791     
  0.97426169356901382       0.49688534921871608        2.5345245669000288E-002   8.4484152230000966E-003   167.22107723997513     
  0.60816960829466193       0.18101622095968137        2.5345245669000288E-002   8.4484152230000966E-003   117.50023377990344     
  0.62019809967112105       0.18375642957349467        2.5345245669000288E-002   8.4484152230000966E-003   87.408273687913663     
  0.81368097534927630        2.3702783453630773E-002   2.5345245669000288E-002   8.4484152230000966E-003   11.372592251827170     
  0.44244733142449094       0.40001248953389779        2.5345245669000288E-002   8.4484152230000966E-003   130.15224709498744     
   2.6901374453238060E-002  0.60298678845859666        2.5345245669000288E-002   8.4484152230000966E-003   108.35684942399720     
  0.41572780824406197       0.62722845791649218        2.5345245669000288E-002   8.4484152230000966E-003   65.043367625068058     
  0.19969173038754987       0.73864890076446199        2.5345245669000288E-002   8.4484152230000966E-003   48.389372193299529     
  0.85519444561698987       0.68195759690915825        2.5345245669000288E-002   8.4484152230000966E-003   122.48547781015077     
  0.28709731828573720       0.52438671395253456        2.5345245669000288E-002   8.4484152230000966E-003   30.016214023985988     
  0.58815542049363323       0.24366704661900626        2.5345245669000288E-002   8.4484152230000966E-003   49.361122085338167     
  0.28717600926111170       0.86800945610385105        2.5345245669000288E-002   8.4484152230000966E-003   4.0144189313173344     
  0.43290297612135281       0.53408880635538936        2.5345245669000288E-002   8.4484152230000966E-003   23.902465640199175     
  0.27698878302719659       0.39307141426715675        2.5345245669000288E-002   8.4484152230000966E-003   77.851342775097166     
  0.54733260214245494       0.87653753472003360        2.5345245669000288E-002   8.4484152230000966E-003   81.713009556339031     
  0.80560415680093223       0.74274301645145280        2.5345245669000288E-002   8.4484152230000966E-003   80.703547688807149     
  0.35289158898780199       0.74786899289628794        2.5345245669000288E-002   8.4484152230000966E-003   124.80979724779390     
  0.90994829096108054       0.78758362034258600        2.5345245669000288E-002   8.4484152230000966E-003   60.641317625302818     
  0.62399983268230486       0.85292472266799535        2.5345245669000288E-002   8.4484152230000966E-003   22.242681398348843     
  0.47864881736965137       0.91652374522355362        2.5345245669000288E-002   8.4484152230000966E-003   140.62839726494335     
  0.29071165590124093       0.38602865966151156        2.5345245669000288E-002   8.4484152230000966E-003   42.091335300013192     
  0.18281415945476043        2.9638769223253512E-002   2.5345245669000288E-002   8.4484152230000966E-003   65.772483975934406     
  0.24844984250061056       0.95041537494638373        2.5345245669000288E-002   8.4484152230000966E-003   4.7309822878490637     
   6.8820407831453843E-003  0.89988844095306231        2.5345245669000288E-002   8.4484152230000966E-003   146.12608965310153     
  0.27021063029053644       0.57225356614602796        2.5345245669000288E-002   8.4484152230000966E-003   136.48773039642586     
  0.94645069494992007        3.9990614601836109E-002   2.5345245669000288E-002   8.4484152230000966E-003   103.18661296035262     
  0.50811813923213844       0.54401852651668092        2.5345245669000288E-002   8.4484152230000966E-003   9.8514832686055804     
  0.11306200497265793       0.87993633918619152        2.5345245669000288E-002   8.4484152230000966E-003   59.489267847541612     
  0.86655918378446262       0.68462716346873942        2.5345245669000288E-002   8.4484152230000966E-003   117.88707246254252     
  0.43960682692312647       0.65946467816916332        2.5345245669000288E-002   8.4484152230000966E-003   70.995383921362290     
  0.14754152240113330       0.73015514194395548        2.5345245669000288E-002   8.4484152230000966E-003   178.13148693143222     
  0.85331065182685650       0.82589973132608263        2.5345245669000288E-002   8.4484152230000966E-003   21.556264716099246     
   6.3436705964339313E-002  0.21194121425896534        2.5345245669000288E-002   8.4484152230000966E-003   37.068620417422025     
  0.47363706767042363       0.39649696462073514        2.5345245669000288E-002   8.4484152230000966E-003   72.826750942400579     
  0.75449874148454066       0.90082618258081393        2.5345245669000288E-002   8.4484152230000966E-003   130.36611635336646     
   4.9998568794084569E-002   9.0473957673891641E-003   2.5345245669000288E-002   8.4484152230000966E-003   121.69192732768776     
  0.51904341524297992       0.14842250950836144        2.5345245669000288E-002   8.4484152230000966E-003   130.19549158057978     
   5.5315808725169995E-002  0.36055143681095603        2.5345245669000288E-002   8.4484152230000966E-003   13.110871238132965     
  0.87924282149655608       0.57204159719081793        2.5345245669000288E-002   8.4484152230000966E-003   3.0268936135274540     
  0.34829769835375612       0.87125076696021486        2.5345245669000288E-002   8.4484152230000966E-003   88.884371351530561     
  0.21732890428926879       0.79002594423659322        2.5345245669000288E-002   8.4484152230000966E-003   116.48079740366329     
  0.12032052128292357       0.40190214382298001        2.5345245669000288E-002   8.4484152230000966E-003   67.874083013877765     
  0.17342969091213101       0.87912157687376891        2.5345245669000288E-002   8.4484152230000966E-003   29.486664430408958     
  0.86163224352829459       0.53235215506503686        2.5345245669000288E-002   8.4484152230000966E-003   89.445867519312870     
   4.7968695849175090E-002  0.98305401823674343        2.5345245669000288E-002   8.4484152230000966E-003   59.139945639714306     
  0.24803313247711975       0.46711371207238894        2.5345245669000288E-002   8.4484152230000966E-003   171.67461356490020     
  0.35765025903943237       0.60345659468969326        2.5345245669000288E-002   8.4484152230000966E-003   65.208266250417864     
  0.39050232323602646       0.21629894592261062        2.5345245669000288E-002   8.4484152230000966E-003   114.16835495168814     
  0.43840995505047170       0.92638186587747107        2.5345245669000288E-002   8.4484152230000966E-003   147.33211585540784     
  0.36874589084209819       0.77672843881521714        2.5345245669000288E-002   8.4484152230000966E-003   92.192600614098382     
  0.94582448244388584       0.58687960476289214        2.5345245669000288E-002   8.4484152230000966E-003   127.77534094401818     
  0.49674517669632345       0.93490615665001442        2.5345245669000288E-002   8.4484152230000966E-003   125.36274512220793     
  0.30614486438907690       0.64345525927608216        2.5345245669000288E-002   8.4484152230000966E-003   14.081996218054403     
  0.81277982716794317       0.76649282458215151        2.5345245669000288E-002   8.4484152230000966E-003   80.134694737125685     
  0.82727769624613867       0.43977465849281244        2.5345245669000288E-002   8.4484152230000966E-003   65.250238176095408     
  0.36701962284305384       0.66438904057488446        2.5345245669000288E-002   8.4484152230000966E-003   61.152970219032120     
  0.23552635256122709       0.98131282628748584        2.5345245669000288E-002   8.4484152230000966E-003   130.05849714506056     
  0.99709990625947820       0.58118850843481262        2.5345245669000288E-002   8.4484152230000966E-003   92.856154547432965     
  0.78893494002011488       0.64566031787980049        2.5345245669000288E-002   8.4484152230000966E-003   148.38503859458879     
   9.1057648603660959E-002  0.27280095010614608        2.5345245669000288E-002   8.4484152230000966E-003   120.35070614438041     
  0.43228867587954156       0.31933133769273325        2.5345245669000288E-002   8.4484152230000966E-003   81.036410752262427     
  0.81336289317676103       0.94113824572214200        2.5345245669000288E-002   8.4484152230000966E-003   50.203861167574395     
  0.49248401736186109       0.63372560962792768        2.5345245669000288E-002   8.4484152230000966E-003   149.31103433153496     
  0.63746859990868032       0.63164041085260925        2.5345245669000288E-002   8.4484152230000966E-003   74.443204099858349     
  0.96957231605002114       0.48452113720196366        2.5345245669000288E-002   8.4484152230000966E-003   133.60825800160038     
  0.66044425944083940       0.48593789443195429        2.5345245669000288E-002   8.4484152230000966E-003   110.53102282836890     
  0.95056294789309659       0.48516067435383892        2.5345245669000288E-002   8.4484152230000966E-003   49.600804625343706     
  0.61804537275982641       0.52349940904618764        2.5345245669000288E-002   8.4484152230000966E-003   27.227556609708028     
   8.7738129640971163E-002  0.56956812506036758        2.5345245669000288E-002   8.4484152230000966E-003   37.003375666582464     
  0.73544787454869387       0.10888228950356760        2.5345245669000288E-002   8.4484152230000966E-003   28.392799053521788     
  0.83877064589997608       0.47673874800091881        2.5345245669000288E-002   8.4484152230000966E-003   50.520084399360776     
  0.33652343711829891       0.74553449227245949        2.5345245669000288E-002   8.4484152230000966E-003   69.331884666443884     
  0.66611063030951456       0.14799390101978624        2.5345245669000288E-002   8.4484152230000966E-003   27.446943538724536     
  0.50950241327664358       0.89115147148153362        2.5345245669000288E-002   8.4484152230000966E-003   109.96842925358401     
   1.0989627064185435E-002  0.21122617547300498        2.5345245669000288E-002   8.4484152230000966E-003   80.436718744747850     
  0.33794105315654727       0.69130177167357121        2.5345245669000288E-002   8.4484152230000966E-003   100.25077119088523     
   3.2086089462438905E-002   2.2804100359965593E-002   2.5345245669000288E-002   8.4484152230000966E-003   140.75405937228120     
  0.62946018963129446       0.76114848675543512        2.5345245669000288E-002   8.4484152230000966E-003   42.726717153690274     
   8.2148669334398003E-002  0.76591269525145000        2.5345245669000288E-002   8.4484152230000966E-003   6.7901812473616596     
  0.15038768788248047       0.52353791761129331        2.5345245669000288E-002   8.4484152230000966E-003   5.0521519654118068     
  0.21843716407094621       0.46374497420558286        2.5345245669000288E-002   8.4484152230000966E-003   38.203554851376524     
  0.68438446250945317       0.68159493642870383        2.5345245669000288E-002   8.4484152230000966E-003   100.50134402844787     
  0.20877728607956972       0.98853026950794409        2.5345245669000288E-002   8.4484152230000966E-003   9.0097475425938800     
   8.6853108268114293E-002  0.94885478010666191        2.5345245669000288E-002   8.4484152230000966E-003   89.603067781897622     
  0.72030464683036555       0.72754879539009187        2.5345245669000288E-002   8.4484152230000966E-003   4.1242721665478941     
  0.87628288761916706        9.7041793214125482E-002   2.5345245669000288E-002   8.4484152230000966E-003   7.6940380586279717     
  0.81323569477044155        1.2621060793526541E-002   2.5345245669000288E-002   8.4484152230000966E-003   174.32174777046248     
  0.91208635216000766       0.28525483271613178        2.5345245669000288E-002   8.4484152230000966E-003   27.385908419174243     
  0.75968319492551994       0.81147116519586582        2.5345245669000288E-002   8.4484152230000966E-003   152.63471092374550     
  0.39881354012999570       0.72978618509837934        2.5345245669000288E-002   8.4484152230000966E-003   32.332793751166889     
  0.33908465800927690       0.11355916591259732        2.5345245669000288E-002   8.4484152230000966E-003   130.17255324668579     
  0.94818759348789816       0.42296856086057233        2.5345245669000288E-002   8.4484152230000966E-003   60.607128625784974     
  0.56868326554767512       0.76082241055270727        2.5345245669000288E-002   8.4484152230000966E-003   116.03080820623725     
  0.76556007039399487       0.90763619834126386        2.5345245669000288E-002   8.4484152230000966E-003   92.647636113711201     
  0.42147933389577436       0.59041244205356547        2.5345245669000288E-002   8.4484152230000966E-003   18.441094859732807     
  0.47728950952134236       0.52898064343110218        2.5345245669000288E-002   8.4484152230000966E-003   5.5384536980504926     
  0.53512768991900517       0.96319626525578705        2.5345245669000288E-002   8.4484152230000966E-003   41.308646339334054     
  0.41322989373653168       0.46344590794247120        2.5345245669000288E-002   8.4484152230000966E-003   114.38505179305999     
  0.80575787476760130       0.94774442928015767        2.5345245669000288E-002   8.4484152230000966E-003   37.323553837836755     
   2.7397960610567457E-002  0.17910219761312463        2.5345245669000288E-002   8.4484152230000966E-003   57.344372399976308     
  0.37980736431262718       0.65175379356525154        2.5345245669000288E-002   8.4484152230000966E-003   7.8424725593580700     
  0.61522041058461185       0.53418849302736215        2.5345245669000288E-002   8.4484152230000966E-003   173.74116849317181     
  0.13732869010849913       0.71653555238435473        2.5345245669000288E-002   8.4484152230000966E-003   101.84961687806874     
  0.80729718949538865       0.71645171783903583        2.5345245669000288E-002   8.4484152230000966E-003   128.82062020746650     
  0.99132308698418370       0.41319948612364393        2.5345245669000288E-002   8.4484152230000966E-003   22.760766009411363     
  0.93233393820013455       0.58055172397815635        2.5345245669000288E-002   8.4484152230000966E-003   88.475830487415934     
  0.40000528888635051       0.48736943035036678        2.5345245669000288E-002   8.4484152230000966E-003   91.611419715904958     
  0.57690807791674015       0.80963694676033449        2.5345245669000288E-002   8.4484152230000966E-003   76.868264579820675     
  0.86100590295146207       0.98180960904741332        2.5345245669000288E-002   8.4484152230000966E-003   148.58828351879680     
  0.30962215770504031       0.92803257544228213        2.5345245669000288E-002   8.4484152230000966E-003   9.8307216547482366     
  0.53416629436840568       0.23644890206352118        2.5345245669000288E-002   8.4484152230000966E-003   94.169037673328162     
   2.0467486671075653E-002  0.90642289700621104        2.5345245669000288E-002   8.4484152230000966E-003   83.921341627283965     
  0.20646779119835487       0.23196520391753300        2.5345245669000288E-002   8.4484152230000966E-003   96.967224974517762     
  0.39989475927745866       0.61994879512809242        2.5345245669000288E-002   8.4484152230000966E-003   139.52676801582578     
  0.71039832025694705       0.88565032763415552        2.5345245669000288E-002   8.4484152230000966E-003   80.648057340450990     
  0.87519033707813532       0.95546103851888331        2.5345245669000288E-002   8.4484152230000966E-003   149.25047421585316     
   3.3310579022320479E-002  0.96142034225249284        2.5345245669000288E-002   8.4484152230000966E-003   69.310935380370125     
  0.90503884457396988       0.36482747817361744        2.5345245669000288E-002   8.4484152230000966E-003   141.12105428184830     
  0.11606347188140496       0.77764701479235121        2.5345245669000288E-002   8.4484152230000966E-003   26.414605883295415     
  0.53015081913341755       0.53946977500133830        2.5345245669000288E-002   8.4484152230000966E-003   132.43182497876936     
  0.17217926518421670       0.31084320612972965        2.5345245669000288E-002   8.4484152230000966E-003   123.48867406558119     
  0.61826885709435142       0.29853962516344612        2.5345245669000288E-002   8.4484152230000966E-003   118.49027817774270     
  0.47055907633559130       0.91004027373948093        2.5345245669000288E-002   8.4484152230000966E-003   117.41307097166359     
  0.36455465379593738       0.29504304770843010        2.5345245669000288E-002   8.4484152230000966E-003   46.812135555330435     
  0.72164705928415307       0.76298468656933816        2.5345245669000288E-002   8.4484152230000966E-003   158.29330060185427     
  0.30416729255573699       0.29571179577490864        2.5345245669000288E-002   8.4484152230000966E-003   31.916137926220763     
  0.43540782879252421       0.62331625249427303        2.5345245669000288E-002   8.4484152230000966E-003   87.075511058521656     
  0.37623804366501123       0.72864804888023249        2.5345245669000288E-002   8.4484152230000966E-003   137.69244796845970     
  0.72800114702435836       0.44034414632895247        2.5345245669000288E-002   8.4484152230000966E-003   9.8060793974514802     
  0.71198241754692637       0.10824854107279022        2.5345245669000288E-002   8.4484152230000966E-003   163.25403355159463     
  0.95325253741736748       0.34211519736536272        2.5345245669000288E-002   8.4484152230000966E-003   57.488784435692558     
  0.95280558514520608       0.53531021663547007        2.5345245669000288E-002   8.4484152230000966E-003   19.032649403566122     
  0.84757098817641086       0.46679159960300681        2.5345245669000288E-002   8.4484152230000966E-003   40.275732100912009     
  0.54311662780349768       0.32439880169368102        2.5345245669000288E-002   8.4484152230000966E-003   164.84824535069097     
   2.0748664633710501E-002  0.49279898846063708        2.5345245669000288E-002   8.4484152230000966E-003   120.96518141824772     
   4.3962096796310475E-002  0.63996247904177150        2.5345245669000288E-002   8.4484152230000966E-003   122.00541211383418     
  0.76660762581358788       0.13932039245960917        2.5345245669000288E-002   8.4484152230000966E-003   72.567704257673981     
  0.92689022112681452       0.89043089498714645        2.5345245669000288E-002   8.4484152230000966E-003   123.25521762584964     
  0.33905377444728069       0.19714232461752731        2.5345245669000288E-002   8.4484152230000966E-003   178.07794749020857     
  0.48405585956438540       0.22841330819860053        2.5345245669000288E-002   8.4484152230000966E-003   163.98687694775151     
  0.11153103256636485       0.26563403363038979        2.5345245669000288E-002   8.4484152230000966E-003   7.4374770550921330     
   1.0152345720779277E-002  0.65326178982100847        2.5345245669000288E-002   8.4484152230000966E-003   2.1655690819366820     
  0.26822436846806669       0.94034479595097376        2.5345245669000288E-002   8.4484152230000966E-003   108.62084024807972     
  0.60136174662237940       0.27388557777279771        2.5345245669000288E-002   8.4484152230000966E-003   138.15219466524971     
  0.25184682504162470       0.87605066858104497        2.5345245669000288E-002   8.4484152230000966E-003   74.255357670460540     
  0.89703398073708296       0.13684544350551439        2.5345245669000288E-002   8.4484152230000966E-003   121.43882449707021     
  0.71050784826420177        4.0958098888466112E-002   2.5345245669000288E-002   8.4484152230000966E-003   110.48633473521957     
  0.78206520566965809       0.16996877807423411        2.5345245669000288E-002   8.4484152230000966E-003   105.19151574619062     
  0.56789311386672614       0.91629006336562158        2.5345245669000288E-002   8.4484152230000966E-003   7.4601283735180788     
  0.56333537903495468       0.80429965575312634        2.5345245669000288E-002   8.4484152230000966E-003   130.94211772297507     
  0.14090854192137453       0.59228634375062927        2.5345245669000288E-002   8.4484152230000966E-003   72.016798919033221     
  0.87228212526633220       0.22984470852177666        2.5345245669000288E-002   8.4484152230000966E-003   143.16855940517388     
  0.17886349558356257       0.87048278041478411        2.5345245669000288E-002   8.4484152230000966E-003   37.646023967728041     
  0.57307747832659461       0.71350177837752204        2.5345245669000288E-002   8.4484152230000966E-003   128.37485976603955     
  0.35995656931600922       0.77300782264622259        2.5345245669000288E-002   8.4484152230000966E-003   101.44331065131416     
  0.60151014262409319       0.47714602892860253        2.5345245669000288E-002   8.4484152230000966E-003   76.754456447264545     
  0.52627012918940941       0.21251655247464435        2.5345245669000288E-002   8.4484152230000966E-003   68.037799924478392     
  0.33125481697507508       0.17994123291472439        2.5345245669000288E-002   8.4484152230000966E-003   130.43387737305815     
  0.55408814568131670       0.76443768212337027        2.5345245669000288E-002   8.4484152230000966E-003   57.771799965809564     
  0.10108894928873882        4.5903664377743986E-002   2.5345245669000288E-002   8.4484152230000966E-003   41.092881168422707     
  0.69388805478578452       0.36090076724384151        2.5345245669000288E-002   8.4484152230000966E-003   6.7153424151726542     
  0.56185609072583531       0.92560291493587954        2.5345245669000288E-002   8.4484152230000966E-003   37.521636424976911     
  0.99905071355911446       0.28887071158760080        2.5345245669000288E-002   8.4484152230000966E-003   103.41023687616463     
  0.46308299483882326       0.27075329183434504        2.5345245669000288E-002   8.4484152230000966E-003   73.237013289074469     
  0.92931885516203805       0.54540057260615438        2.5345245669000288E-002   8.4484152230000966E-003   97.476449774810206     
  0.59396598604340967       0.60724048705600042        2.5345245669000288E-002   8.4484152230000966E-003   102.21856961007157     
  0.58641272188778237        6.3755119972468410E-003   2.5345245669000288E-002   8.4484152230000966E-003   108.53084592899397     
  0.79835193554132455       0.33518780691020977        2.5345245669000288E-002   8.4484152230000966E-003   106.76666378517002     
  0.24522474184189402       0.82085668614856577        2.5345245669000288E-002   8.4484152230000966E-003  0.31009770317857033     
  0.34736827411508248       0.97468940493215006        2.5345245669000288E-002   8.4484152230000966E-003   46.939341152014215     
  0.78229957274712925       0.94459613904432871        2.5345245669000288E-002   8.4484152230000966E-003   161.00610817504077     
  0.35673559289217488       0.72480922130415282        2.5345245669000288E-002   8.4484152230000966E-003   49.990742918901688     
  0.19537243982227245       0.71650344658627907        2.5345245669000288E-002   8.4484152230000966E-003   87.677414564918848     
  0.92819519271471307       0.71466420398891750        2.5345245669000288E-002   8.4484152230000966E-003   160.28465380389036     
  0.45367736122498353       0.35722600165723994        2.5345245669000288E-002   8.4484152230000966E-003   128.30709325410564     
   7.3783776920258282E-002  0.33751106433179018        2.5345245669000288E-002   8.4484152230000966E-003   84.886804932671794     
  0.15188693934491224       0.64031879030982919        2.5345245669000288E-002   8.4484152230000966E-003   61.369654057044805     
  0.13935237133384745       0.36984933411984167        2.5345245669000288E-002   8.4484152230000966E-003   85.203161742663369     
  0.51781424228763695       0.22149765747459763        2.5345245669000288E-002   8.4484152230000966E-003   40.415825096585387     
   6.0644186564474671E-002  0.73139205396242835        2.5345245669000288E-002   8.4484152230000966E-003   133.80358415413863     
  0.60159259400982734        6.8759750140340234E-002   2.5345245669000288E-002   8.4484152230000966E-003   117.84619582417730     
  0.74514516191610669       0.38189013771776420        2.5345245669000288E-002   8.4484152230000966E-003   111.77421555077113     
  0.60191277235866791       0.30645546416156816        2.5345245669000288E-002   8.4484152230000966E-003   40.826658145648402     
  0.41135650877635155        7.7163644149746510E-002   2.5345245669000288E-002   8.4484152230000966E-003   155.27994487494945     
  0.38720774179606171       0.92314261863993363        2.5345245669000288E-002   8.4484152230000966E-003   54.306376889134768     
  0.23404735917548181        5.7815858861758251E-003   2.5345245669000288E-002   8.4484152230000966E-003   9.4802822034452028     
  0.76237275607925725       0.64289351526297778        2.5345245669000288E-002   8.4484152230000966E-003   46.338996100851645     
  0.19720577315051158        7.5912326210671385E-002   2.5345245669000288E-002   8.4484152230000966E-003   6.0436273434703827     
  0.73647874855550877       0.27480976287099995        2.5345245669000288E-002   8.4484152230000966E-003   122.31260647278816     
  0.72447252481100777       0.23012970789834158        2.5345245669000288E-002   8.4484152230000966E-003   175.32917811930187     
  0.86258908687817160       0.58443777554978005        2.5345245669000288E-002   8.4484152230000966E-003   154.52289227160898     
  0.21653255057663559       0.95267165815124411        2.5345245669000288E-002   8.4484152230000966E-003   110.99085120168623     
  0.35541353298633310       0.66539928209576626        2.5345245669000288E-002   8.4484152230000966E-003   92.802086585982408     
  0.74431988349007461       0.71849733821173301        2.5345245669000288E-002   8.4484152230000966E-003   145.83648573681771     
  0.83756774541079626       0.88074996045175002        2.5345245669000288E-002   8.4484152230000966E-003   150.85976892038263     
  0.94373304055713858       0.78837743673292315        2.5345245669000288E-002   8.4484152230000966E-003   144.58031729903396     
  0.24263012440660486       0.53643454189469297        2.5345245669000288E-002   8.4484152230000966E-003   145.48614173537214     
   6.9835096217715012E-002   7.2795679167366956E-002   2.5345245669000288E-002   8.4484152230000966E-003   168.02327737094768     
  0.10477822505398784       0.82445561700140257        2.5345245669000288E-002   8.4484152230000966E-003   11.770752498886530     
  0.34298389512848659       0.94117609665049184        2.5345245669000288E-002   8.4484152230000966E-003   70.414222720409256     
  0.84203176928448320       0.38344520153989209        2.5345245669000288E-002   8.4484152230000966E-003   119.93617031563745     
   6.9811257723626619E-002  0.24038249595413408        2.5345245669000288E-002   8.4484152230000966E-003   60.913325230652767     
  0.63500878533049443       0.29723129002447851        2.5345245669000288E-002   8.4484152230000966E-003   55.778867121182245     
  0.28973782780772522       0.16416985316702135        2.5345245669000288E-002   8.4484152230000966E-003   102.58346000737235     
   2.9404797518378985E-002  0.83742506533339878        2.5345245669000288E-002   8.4484152230000966E-003   64.065662422488117     
  0.19372055510998024       0.61588129484398713        2.5345245669000288E-002   8.4484152230000966E-003   71.807721774632270     
  0.30158479444459418        7.7864624993563031E-002   2.5345245669000288E-002   8.4484152230000966E-003   32.508817150140857     
  0.22806566567081293       0.16125155012238793        2.5345245669000288E-002   8.4484152230000966E-003   49.529170213024805     
  0.56523192150388946       0.33034305821961318        2.5345245669000288E-002   8.4484152230000966E-003   47.149752511749490     
  0.79683236697187543       0.21976432327792217        2.5345245669000288E-002   8.4484152230000966E-003   178.84742109385817     
  0.54507893475709701       0.60523455261943104        2.5345245669000288E-002   8.4484152230000966E-003   103.20098520004363     
  0.73949571514055834       0.80548092721454823        2.5345245669000288E-002   8.4484152230000966E-003   45.936512646313552     
  0.11812688385395691        4.1773335878386622E-002   2.5345245669000288E-002   8.4484152230000966E-003   118.98031556714643     
  0.55431892216070944       0.71070440688258485        2.5345245669000288E-002   8.4484152230000966E-003   17.456314425816167     
  0.13476265833031087       0.50728103345719955        2.5345245669000288E-002   8.4484152230000966E-003   155.24348419261915     
  0.48244551176886008       0.95499147971748466        2.5345245669000288E-002   8.4484152230000966E-003   155.15636291834099     
  0.77067556611770871       0.29139713239878434        2.5345245669000288E-002   8.4484152230000966E-003  0.44847195670945394     
  0.85874399094580822       0.46293211060266365        2.5345245669000288E-002   8.4484152230000966E-003   72.648996373016715     
  0.54138548529383468       0.54614174326110665        2.5345245669000288E-002   8.4484152230000966E-003   84.402960937354550     
  0.47553016691863348       0.43814312989349835        2.5345245669000288E-002   8.4484152230000966E-003   125.77697278165384     
  0.83580689556873966        7.9856438985509634E-002   2.5345245669000288E-002   8.4484152230000966E-003   134.29186655315976     
  0.88073036102899760       0.61999388216138673        2.5345245669000288E-002   8.4484152230000966E-003   119.00309577899201     
  0.54597922330984139       0.15310929117233235        2.5345245669000288E-002   8.4484152230000966E-003   35.815322679841159     
  0.55904043489994337       0.19620887436277376        2.5345245669000288E-002   8.4484152230000966E-003   91.797541492986966     
   7.9532615467549236E-002  0.77678047324634281        2.5345245669000288E-002   8.4484152230000966E-003   158.64139588597169     
  0.73342880755569584       0.48303372581133253        2.5345245669000288E-002   8.4484152230000966E-003   9.0848687180382370     
   7.2119096345899317E-002  0.16469925620138168        2.5345245669000288E-002   8.4484152230000966E-003   90.955346381386946     
  0.95948673816245067       0.76395023514343929        2.5345245669000288E-002   8.4484152230000966E-003   105.36283106815098     
   3.4456503018730981E-002  0.89900574217940676        2.5345245669000288E-002   8.4484152230000966E-003   32.997785695042353     
  0.93091588625239963        4.0808722941436143E-002   2.5345245669000288E-002   8.4484152230000966E-003   43.643717821089560     
  0.22938881791105936       0.70007331225333014        2.5345245669000288E-002   8.4484152230000966E-003   8.5196993146904010     
   8.4076727694348111E-002  0.87480381446447586        2.5345245669000288E-002   8.4484152230000966E-003   121.94170229069175     
  0.56314243819780974        1.8333635435912963E-002   2.5345245669000288E-002   8.4484152230000966E-003   15.110160787526361     
  0.47293249597382359       0.33888215253227588        2.5345245669000288E-002   8.4484152230000966E-003   152.89185194732036     
  0.18336130063186640       0.23177630047842451        2.5345245669000288E-002   8.4484152230000966E-003   108.83916570051996     
  0.11526787456707860       0.63233811208509738        2.5345245669000288E-002   8.4484152230000966E-003   150.07279834509259     
  0.45220078180151191       0.60718110724100560        2.5345245669000288E-002   8.4484152230000966E-003   22.366013579122324     
  0.62451181641648235       0.26736496826261946        2.5345245669000288E-002   8.4484152230000966E-003   170.93337434732209     
  0.16090642429051269        1.5221820802279240E-002   2.5345245669000288E-002   8.4484152230000966E-003   170.18041732527104     
  0.94069918649904294       0.43766433175176311        2.5345245669000288E-002   8.4484152230000966E-003   1.0647442652859085     
  0.71257854546612209       0.18171867417357826        2.5345245669000288E-002   8.4484152230000966E-003   52.847289500534359     
   9.3596532970372889E-002  0.64607816984471234        2.5345245669000288E-002   8.4484152230000966E-003   147.77763789920098     
  0.11013091936672165       0.78530456209443134        2.5345245669000288E-002   8.4484152230000966E-003   22.418909950697490     
  0.90389010612924459       0.65421050113469426        2.5345245669000288E-002   8.4484152230000966E-003   172.73248533916717     
  0.53529621812901340       0.78326154997792252        2.5345245669000288E-002   8.4484152230000966E-003   8.2076831204598157     
  0.79906571487296996       0.16868347388434074        2.5345245669000288E-002   8.4484152230000966E-003   52.746653602209669     
  0.23019256066346622        9.4873499688049423E-002   2.5345245669000288E-002   8.4484152230000966E-003   8.4503445302971087     
  0.46070615302772400       0.84212267531715257        2.5345245669000288E-002   8.4484152230000966E-003   118.17945930420143     
   1.5629860233279974E-002  0.55702487127076683        2.5345245669000288E-002   8.4484152230000966E-003   154.82372122724368     
  0.91696459495284910       0.87805244112989844        2.5345245669000288E-002   8.4484152230000966E-003   163.19182042395914     
  0.58265838086607513       0.39157968865886550        2.5345245669000288E-002   8.4484152230000966E-003   57.339485795403036     
  0.99897074613973058       0.21055075079501737        2.5345245669000288E-002   8.4484152230000966E-003   118.05593699438248     
  0.33429483787058550       0.48653851574095741        2.5345245669000288E-002   8.4484152230000966E-003   95.758778140878377     
  0.27680918182488018       0.42895816808153164        2.5345245669000288E-002   8.4484152230000966E-003   31.946770599333341     
  0.43919871350420536        4.1007980889983871E-002   2.5345245669000288E-002   8.4484152230000966E-003   129.49105129867760     
   1.0909866712669547E-002  0.25293460218917602        2.5345245669000288E-002   8.4484152230000966E-003   39.540466006817113     
  0.57166302467645536       0.52428051951623134        2.5345245669000288E-002   8.4484152230000966E-003   129.73741440320399     
  0.15373241654614317       0.14175469211239441        2.5345245669000288E-002   8.4484152230000966E-003   153.34889631073744     
  0.49250347975670994        7.7062902397755453E-004   2.5345245669000288E-002   8.4484152230000966E-003   2.2553878231942504     
  0.22871746841863952       0.91422416402735018        2.5345245669000288E-002   8.4484152230000966E-003   144.83155319033284     
  0.98132656627492587       0.39104988864609291        2.5345245669000288E-002   8.4484152230000966E-003   73.915443172823956     
  0.20583792581920313       0.93686793998669160        2.5345245669000288E-002   8.4484152230000966E-003   177.24990719870763     
  0.65607501777158350       0.30427701729019702        2.5345245669000288E-002   8.4484152230000966E-003   169.55174558954235     
  0.47875420344020569       0.70887002197750992        2.5345245669000288E-002   8.4484152230000966E-003   176.75788391051822     
  0.61532293392518234       0.24903743754001056        2.5345245669000288E-002   8.4484152230000966E-003   148.03621580571792     
  0.48573452209690227        1.0799471374883310E-002   2.5345245669000288E-002   8.4484152230000966E-003   43.794641558334469     
  0.21994899816314256       0.22659288886058510        2.5345245669000288E-002   8.4484152230000966E-003   50.331198810204818     
  0.59342712268853703        6.4197338011872385E-002   2.5345245669000288E-002   8.4484152230000966E-003   103.61812422868822     
  0.51842508644724494       0.66527476648013550        2.5345245669000288E-002   8.4484152230000966E-003   109.51716001143613     
  0.52096761990176088       0.75657423929881940        2.5345245669000288E-002   8.4484152230000966E-003   95.179659111085826     
  0.98416942089034887       0.94143461174851062        2.5345245669000288E-002   8.4484152230000966E-003   17.479286584881766     
  0.78117465864952818       0.90252189692073881        2.5345245669000288E-002   8.4484152230000966E-003   39.213326000204638     
  0.20285498628304496       0.60804161040820082        2.5345245669000288E-002   8.4484152230000966E-003   36.988742959007219     
  0.95653126262665089        8.5018880944247879E-002   2.5345245669000288E-002   8.4484152230000966E-003   99.807811652619378     
  0.18194498702200310       0.72062395030198800        2.5345245669000288E-002   8.4484152230000966E-003   52.520440986490570     
  0.13936504577156045       0.25528923915113449        2.5345245669000288E-002   8.4484152230000966E-003   162.68531283910926     
  0.37149912726401774       0.28677121253649535        2.5345245669000288E-002   8.4484152230000966E-003   61.094000573498221     
   7.4204181806574843E-002  0.43315973810961972        2.5345245669000288E-002   8.4484152230000966E-003   22.317237309862474     
  0.18988562351289803        6.6432257617559068E-002   2.5345245669000288E-002   8.4484152230000966E-003   156.81056116074217     
  0.44213929822649534       0.31591399796905922        2.5345245669000288E-002   8.4484152230000966E-003   63.617148826111880     
  0.49558805906027548        6.0624468049121298E-002   2.5345245669000288E-002   8.4484152230000966E-003   133.90971289962789     
  0.59847393083737699       0.23972126338748817        2.5345245669000288E-002   8.4484152230000966E-003   73.676745622662537     
  0.37141828384620040       0.14660711603911136        2.5345245669000288E-002   8.4484152230000966E-003   50.641646381253345     
   2.9699068391952358E-002  0.26897421193600768        2.5345245669000288E-002   8.4484152230000966E-003   26.514164397820817     
  0.45466131406931115       0.65885427801995788        2.5345245669000288E-002   8.4484152230000966E-003   113.06960950764677     
  0.79520415247286147        1.9076707748825108E-003   2.5345245669000288E-002   8.4484152230000966E-003   123.87001693688866     
  0.14117545031733086       0.28615989791857782        2.5345245669000288E-002   8.4484152230000966E-003   105.98721584953059     
  0.30053336360234167       0.80789296663333188        2.5345245669000288E-002   8.4484152230000966E-003   67.600363134886521     
  0.15842839730782510       0.15160987791428293        2.5345245669000288E-002   8.4484152230000966E-003   144.58743447830525     
  0.73323191270777710       0.96894681713207687        2.5345245669000288E-002   8.4484152230000966E-003   25.052122991732531     
  0.42814670902944124        8.3599196439471488E-002   2.5345245669000288E-002   8.4484152230000966E-003   74.066093979923977     
  0.50201615527983656       0.25235214537185940        2.5345245669000288E-002   8.4484152230000966E-003   120.88715157094778     
  0.88800053972753035        8.3080682148600413E-002   2.5345245669000288E-002   8.4484152230000966E-003   94.334547127800306     
  0.78285412236813323       0.40213486299527229        2.5345245669000288E-002   8.4484152230000966E-003   128.59690523973524     
  0.85684840608478741       0.97383813767207716        2.5345245669000288E-002   8.4484152230000966E-003   139.13395983324691     
  0.61473272409871804       0.87467648381675589        2.5345245669000288E-002   8.4484152230000966E-003   4.3608167458648879     
  0.68509727064778259       0.51854389195714135        2.5345245669000288E-002   8.4484152230000966E-003   147.30376331243659     
  0.62586084715936896       0.92397638605709920        2.5345245669000288E-002   8.4484152230000966E-003   114.88697837358022     
  0.38916653051039996       0.70776534419836401        2.5345245669000288E-002   8.4484152230000966E-003   123.93059932258954     
  0.95006354492420553       0.90254576716355195        2.5345245669000288E-002   8.4484152230000966E-003   89.198405894620578     
  0.27607930015780929       0.29077518688809656        2.5345245669000288E-002   8.4484152230000966E-003   148.45541825760645     
  0.95262947446391577       0.62446086200679607        2.5345245669000288E-002   8.4484152230000966E-003   17.959003285744821     
  0.79325567541859388        3.3138369142244523E-002   2.5345245669000288E-002   8.4484152230000966E-003   135.57788723596391     
  0.78018210196661808       0.72454140622672891        2.5345245669000288E-002   8.4484152230000966E-003   16.251569715739890     
  0.21064970388606852       0.81284383829876039        2.5345245669000288E-002   8.4484152230000966E-003   114.59982045902160     
  0.81339905657092970        8.5664312951565402E-002   2.5345245669000288E-002   8.4484152230000966E-003   14.292280968438780     
  0.67803057124131938       0.72834703061405226        2.5345245669000288E-002   8.4484152230000966E-003   171.95277466740734     
   1.2157929260945104E-002  0.15909158157785594        2.5345245669000288E-002   8.4484152230000966E-003   54.800433713959926     
  0.36734684121107275       0.35063883916866745        2.5345245669000288E-002   8.4484152230000966E-003   99.680946285082229     
  0.97374713621413533       0.34683745551226669        2.5345245669000288E-002   8.4484152230000966E-003   147.13108893234406     
  0.60304690344773215       0.60920373171763098        2.5345245669000288E-002   8.4484152230000966E-003   118.59185733544075     
  0.70088980898357767       0.77190601935625269        2.5345245669000288E-002   8.4484152230000966E-003   116.84801825372574     
  0.92047100225926026       0.51463592624639121        2.5345245669000288E-002   8.4484152230000966E-003   88.015272262645027     
  0.89566375464801706       0.49132110463701117        2.5345245669000288E-002   8.4484152230000966E-003   127.75984032945075     
  0.85149722985904674       0.96663005276705960        2.5345245669000288E-002   8.4484152230000966E-003   129.82779866892980     
  0.14879412644929801       0.58753478151802585        2.5345245669000288E-002   8.4484152230000966E-003   61.267034475783781     
  0.15135241007741307       0.84749447654537835        2.5345245669000288E-002   8.4484152230000966E-003   22.214869671624115     
  0.84619390291024821       0.52634221039953388        2.5345245669000288E-002   8.4484152230000966E-003   132.75111196322575     
  0.82595832699280003        3.7785081182707833E-002   2.5345245669000288E-002   8.4484152230000966E-003   139.88857749152422     
  0.49372355371544496       0.24603960615341020        2.5345245669000288E-002   8.4484152230000966E-003   118.28891637574783     
  0.42030660620333193       0.78957361304132923        2.5345245669000288E-002   8.4484152230000966E-003   151.36752159578697     
  0.72189151169872479       0.45250447030807228        2.5345245669000288E-002   8.4484152230000966E-003   53.740359978019534     
  0.70957046410364544       0.74152178964209503        2.5345245669000288E-002   8.4484152230000966E-003   75.813579949389350     
  0.26916640053965896       0.87995480578161978        2.5345245669000288E-002   8.4484152230000966E-003   139.72540175829045     
  0.91344890486229757       0.62430454605493146        2.5345245669000288E-002   8.4484152230000966E-003   47.329229254966833     
  0.99875908725940510       0.64551766581987713        2.5345245669000288E-002   8.4484152230000966E-003   172.39781990522269     
  0.90348109081428885       0.66547226049352215        2.5345245669000288E-002   8.4484152230000966E-003   20.464761900019255     
  0.75991239660919452       0.69497913619451168        2.5345245669000288E-002   8.4484152230000966E-003   124.65331760096922     
  0.67347103129575125       0.34288555617866301        2.5345245669000288E-002   8.4484152230000966E-003   103.09575804073337     
  0.58005920077488016       0.57576834260776188        2.5345245669000288E-002   8.4484152230000966E-003   23.646529059137670     
  0.17778680052889920       0.94013624363856330        2.5345245669000288E-002   8.4484152230000966E-003   5.5167079986632706     
  0.74467069746482284       0.64700837179190551        2.5345245669000288E-002   8.4484152230000966E-003   104.80786053634630     
  0.89070181790508773       0.27227297346713203        2.5345245669000288E-002   8.4484152230000966E-003   44.697246302974378     
  0.99685677134989470       0.43344132517078976        2.5345245669000288E-002   8.4484152230000966E-003   145.70845382857073     
  0.86048495443035511       0.40246125165711766        2.5345245669000288E-002   8.4484152230000966E-003   126.45001121505672     
  0.64308577208919959       0.60562166010109220        2.5345245669000288E-002   8.4484152230000966E-003   89.863922967078821     
  0.82788814142446687       0.71921340776652121        2.5345245669000288E-002   8.4484152230000966E-003   60.763427076810643     
  0.30080485908865690       0.74973436401885873        2.5345245669000288E-002   8.4484152230000966E-003   156.62801426177901     
  0.41100501809061463       0.42859928384050250        2.5345245669000288E-002   8.4484152230000966E-003   37.996382819112640     
  0.30881954313585996       0.63182748342915729        2.5345245669000288E-002   8.4484152230000966E-003   29.642631790425490     
  0.50052671751995348       0.15256156137966381        2.5345245669000288E-002   8.4484152230000966E-003   42.343250603497168     
  0.54198831567839778       0.95513963566315119        2.5345245669000288E-002   8.4484152230000966E-003   16.786071049895156     
  0.51259536048446086       0.11438701415491068        2.5345245669000288E-002   8.4484152230000966E-003   56.221626106108644     
  0.98519645755289231       0.77297368695372426        2.5345245669000288E-002   8.4484152230000966E-003   129.69112947664505     
   1.3689072276401513E-002  0.56911793229806840        2.5345245669000288E-002   8.4484152230000966E-003   3.7177694719333232     
  0.55952610948130244       0.44083086662106580        2.5345245669000288E-002   8.4484152230000966E-003   104.83250390866903     
  0.27471198716690715       0.77663601834542717        2.5345245669000288E-002   8.4484152230000966E-003   130.88356393627026     
  0.74172729423066441       0.60962569646829612        2.5345245669000288E-002   8.4484152230000966E-003   69.867150608081275     
  0.75468696101959409       0.85042442453051781        2.5345245669000288E-002   8.4484152230000966E-003   94.746889087131976     
  0.24671855148443805       0.81112382375577075        2.5345245669000288E-002   8.4484152230000966E-003   19.902888206646544     
  0.66991709920163234       0.49305162959982057        2.5345245669000288E-002   8.4484152230000966E-003   147.19747296571043     
  0.29910599402541321       0.18244900918245563        2.5345245669000288E-002   8.4484152230000966E-003   178.22474906132729     
  0.23820381673053931       0.92227415588835604        2.5345245669000288E-002   8.4484152230000966E-003   125.91141427958858     
  0.64571731503880492        9.6856121122982919E-002   2.5345245669000288E-002   8.4484152230000966E-003   140.26716843489993     
  0.36591838025630558       0.97775523335400027        2.5345245669000288E-002   8.4484152230000966E-003   129.07908713059612     
  0.37902174219005946       0.23992683585198510        2.5345245669000288E-002   8.4484152230000966E-003   124.31860168538110     
  0.45185801444401347       0.83412554783141590        2.5345245669000288E-002   8.4484152230000966E-003   145.84538484614237     
  0.74725825589170269       0.21624564524114834        2.5345245669000288E-002   8.4484152230000966E-003   159.47770797279904     
  0.50669651895325218       0.82508695685650990        2.5345245669000288E-002   8.4484152230000966E-003   149.69195395513256     
  0.32139441198465707       0.48974904886207338        2.5345245669000288E-002   8.4484152230000966E-003   85.016694806944145     
  0.94089828034936951       0.63646100790629678        2.5345245669000288E-002   8.4484152230000966E-003   64.132778686604553     
  0.68372191053816878       0.80564158722005474        2.5345245669000288E-002   8.4484152230000966E-003   80.522095887166515     
  0.50098301637152043       0.43170325322890318        2.5345245669000288E-002   8.4484152230000966E-003   163.38401666266910     
  0.50653981163324868       0.86732666350180976        2.5345245669000288E-002   8.4484152230000966E-003   26.656517172140980     
   3.7840141616106701E-002  0.32138176514363281        2.5345245669000288E-002   8.4484152230000966E-003   36.759307464603864     
  0.34696931053467206       0.77102576123708788        2.5345245669000288E-002   8.4484152230000966E-003   78.576663869440779     
  0.75574733959430274       0.25895175209531196        2.5345245669000288E-002   8.4484152230000966E-003   146.30773850956828     
  0.90822819061813187       0.42545241361989250        2.5345245669000288E-002   8.4484152230000966E-003   102.75742171838920     
  0.30895576785178569        5.9109278826083467E-002   2.5345245669000288E-002   8.4484152230000966E-003   157.86731495951383     
  0.33887135509119209       0.57585553276091572        2.5345245669000288E-002   8.4484152230000966E-003   85.346631548583360     
  0.74659694897315532       0.35206263250112546        2.5345245669000288E-002   8.4484152230000966E-003   48.593710562430964     
  0.11427527925364871       0.43842091920108317        2.5345245669000288E-002   8.4484152230000966E-003   82.093915848286301     
  0.81975959181844238       0.55812750121528953        2.5345245669000288E-002   8.4484152230000966E-003   21.128305445148591     
  0.28035448755716386       0.29881113616106614        2.5345245669000288E-002   8.4484152230000966E-003   136.28381744824557     
  0.89511242316971162       0.62770779660727261        2.5345245669000288E-002   8.4484152230000966E-003   120.13403016742905     
  0.81843913747792196       0.16888193444079264        2.5345245669000288E-002   8.4484152230000966E-003   126.42594192512570     
  0.52124403845934175       0.96800119051308642        2.5345245669000288E-002   8.4484152230000966E-003   79.881617957929862     
  0.53501535792105437       0.69885393340998925        2.5345245669000288E-002   8.4484152230000966E-003   19.804340371801025     
  0.88530748861429120        5.8392447539442165E-002   2.5345245669000288E-002   8.4484152230000966E-003   65.020562022341309     
  0.32145448134288901       0.11295148541578168        2.5345245669000288E-002   8.4484152230000966E-003   55.066132528298198     
  0.67877593890890742       0.71802206395955348        2.5345245669000288E-002   8.4484152230000966E-003   3.0763813587801607     
  0.26831012889165201       0.28333209299419765        2.5345245669000288E-002   8.4484152230000966E-003   142.25201689029180     
  0.54611398425795143       0.25949386119061058        2.5345245669000288E-002   8.4484152230000966E-003   59.001353807568123     
  0.77618374525655853       0.13884096312813476        2.5345245669000288E-002   8.4484152230000966E-003   78.646396872794128     
  0.34445243289528565       0.60647953206973149        2.5345245669000288E-002   8.4484152230000966E-003   87.759836965047811     
  0.14729250116299830       0.76574372907437693        2.5345245669000288E-002   8.4484152230000966E-003   134.77333145762475     
  0.29192692908464080        2.6632934467708199E-002   2.5345245669000288E-002   8.4484152230000966E-003   88.497066673473782     
  0.16091375769890737       0.27332308549080014        2.5345245669000288E-002   8.4484152230000966E-003   21.057299184086933     
  0.13759252595015187       0.45840671067280458        2.5345245669000288E-002   8.4484152230000966E-003   81.693200070374658     
  0.90768013395556590       0.14161476306600387        2.5345245669000288E-002   8.4484152230000966E-003   93.627392580885612     
  0.55469329383909260       0.61674610926060636        2.5345245669000288E-002   8.4484152230000966E-003   148.10853766474204     
  0.23844517138860846       0.68957050008235310        2.5345245669000288E-002   8.4484152230000966E-003   62.993806571221704     
  0.12858369108201925       0.46396617304646776        2.5345245669000288E-002   8.4484152230000966E-003   60.921722941960418     
  0.72743409779466295       0.38877141851069397        2.5345245669000288E-002   8.4484152230000966E-003   23.314019823536128     
  0.23539134771166303       0.18255753209867184        2.5345245669000288E-002   8.4484152230000966E-003   67.630718234745345     
  0.87498179990389302        3.5065596518334602E-002   2.5345245669000288E-002   8.4484152230000966E-003   57.664740713780276     
  0.82257346027629274       0.87460339398051490        2.5345245669000288E-002   8.4484152230000966E-003   81.494833690375501     
  0.12943668682100931       0.65296027740567786        2.5345245669000288E-002   8.4484152230000966E-003   66.547400292953952     
  0.60715213742902474       0.69508086869589447        2.5345245669000288E-002   8.4484152230000966E-003   86.193743581868802     
  0.89720871969868943       0.35821354969694674        2.5345245669000288E-002   8.4484152230000966E-003   129.78444306188152     
  0.44646203841514570       0.86044765541244561        2.5345245669000288E-002   8.4484152230000966E-003   103.44650948092028     
  0.79927572144332637       0.40141383735293157        2.5345245669000288E-002   8.4484152230000966E-003   58.922774605190313     
  0.73085468531589914       0.24243851350599147        2.5345245669000288E-002   8.4484152230000966E-003   134.01583655031681     
  0.48776134280971595       0.51669142988985928        2.5345245669000288E-002   8.4484152230000966E-003   148.83704994928522     
  0.38309647604828401       0.34131239363407850        2.5345245669000288E-002   8.4484152230000966E-003   33.714814364565171     
  0.61854234224935023       0.69301669436550650        2.5345245669000288E-002   8.4484152230000966E-003   66.655237975388403     
  0.73101542878798986       0.61524519405163580        2.5345245669000288E-002   8.4484152230000966E-003   32.749107398406665     
  0.32003190533523995       0.91775228136322018        2.5345245669000288E-002   8.4484152230000966E-003   49.485913674720877     
  0.54213882499349642       0.77269782081781724        2.5345245669000288E-002   8.4484152230000966E-003   50.943661943874915     
   9.9119992662258974E-002  0.43176814149178289        2.5345245669000288E-002   8.4484152230000966E-003   149.29165792571891     
  0.97772256129318835       0.54413785877628351        2.5345245669000288E-002   8.4484152230000966E-003   19.262646633118841     
  0.30677661939956091       0.93687308332400121        2.5345245669000288E-002   8.4484152230000966E-003   24.595868005719399     
  0.45576332398465025       0.30954964048203665        2.5345245669000288E-002   8.4484152230000966E-003   38.446987474800046     
  0.73298764475805211       0.49527331284216985        2.5345245669000288E-002   8.4484152230000966E-003   9.1346034670440925     
  0.97110900308204129       0.70011433643947063        2.5345245669000288E-002   8.4484152230000966E-003   133.28235567035165     
  0.15682699046731180       0.50061514299715359        2.5345245669000288E-002   8.4484152230000966E-003   29.015532298395524     
  0.30685479156499679       0.11697851090847192        2.5345245669000288E-002   8.4484152230000966E-003   93.354540357662344     
  0.76253399276257117       0.67719816345151407        2.5345245669000288E-002   8.4484152230000966E-003   9.4929391119628335     
  0.64176708108038649       0.28668178754864526        2.5345245669000288E-002   8.4484152230000966E-003   26.468904773638073     
  0.39346753927974842       0.46140319618210068        2.5345245669000288E-002   8.4484152230000966E-003   74.068723114133576     
  0.76320354114914335       0.86966422020585243        2.5345245669000288E-002   8.4484152230000966E-003   67.532736652429506     
  0.61894340230997236       0.86151458923194391        2.5345245669000288E-002   8.4484152230000966E-003   32.360478299502589     
  0.64544044606278905       0.88911927760293297        2.5345245669000288E-002   8.4484152230000966E-003   157.76397053568508     
  0.51499432136807022       0.46515999472566361        2.5345245669000288E-002   8.4484152230000966E-003   74.561323456565148     
  0.38732692287573633       0.14924255043003298        2.5345245669000288E-002   8.4484152230000966E-003   119.28875021009881     
  0.27465108472171340        2.8203227583572604E-002   2.5345245669000288E-002   8.4484152230000966E-003   91.767879780507556     
  0.30450956279425845       0.42536621143504860        2.5345245669000288E-002   8.4484152230000966E-003   143.48514391260093     
  0.45510337544660318       0.27528540728501999        2.5345245669000288E-002   8.4484152230000966E-003   70.369816019867727     
   6.2078942254725170E-002  0.24581238600011102        2.5345245669000288E-002   8.4484152230000966E-003   71.248935297671480     
  0.71331960519220072       0.11807156985580612        2.5345245669000288E-002   8.4484152230000966E-003   165.79950048586238     
  0.98864746543286208       0.93326143321763289        2.5345245669000288E-002   8.4484152230000966E-003   28.675445411546555     
  0.23067882581624802       0.10556081929369052        2.5345245669000288E-002   8.4484152230000966E-003   166.85650921138156     
  0.55724868895598323        7.4506716307792709E-002   2.5345245669000288E-002   8.4484152230000966E-003   146.59536985149902     
  0.22729816727832455       0.41916178006495369        2.5345245669000288E-002   8.4484152230000966E-003   173.20814734520042     
  0.15676876643613413       0.99200967532786588        2.5345245669000288E-002   8.4484152230000966E-003   4.6445644617956026     
   1.3168014829644178E-002  0.83280178831279150        2.5345245669000288E-002   8.4484152230000966E-003   130.54319608475626     
   8.1090899801184280E-002  0.71004725971195637        2.5345245669000288E-002   8.4484152230000966E-003   151.21557309819556     
  0.95317683545049159       0.25815853688404045        2.5345245669000288E-002   8.4484152230000966E-003   101.56231858455439     
  0.66324330034071510       0.89444748592069390        2.5345245669000288E-002   8.4484152230000966E-003   71.080052380126190     
  0.72064322099852463       0.21428854289424795        2.5345245669000288E-002   8.4484152230000966E-003   8.7201930085273478     
  0.43054858540049695       0.67062916054654353        2.5345245669000288E-002   8.4484152230000966E-003   23.200105007043540     
   4.1931963677582000E-002  0.95921466914029763        2.5345245669000288E-002   8.4484152230000966E-003   78.990658337579092     
  0.76375724298513326       0.37211437593204100        2.5345245669000288E-002   8.4484152230000966E-003   10.981254931961498     
  0.25393861684208469       0.42081331298879426        2.5345245669000288E-002   8.4484152230000966E-003   25.125406966619000     
  0.81084150206944416        9.4632181143316174E-002   2.5345245669000288E-002   8.4484152230000966E-003   27.741116199872863     
  0.12507386934567372       0.84370729903398534        2.5345245669000288E-002   8.4484152230000966E-003   162.24616024197246     
  0.56890186777182794       0.49325922604032574        2.5345245669000288E-002   8.4484152230000966E-003   122.40115856011327     
  0.81938338469233107       0.89823292040156044        2.5345245669000288E-002   8.4484152230000966E-003   120.92300232846998     
  0.94470195297066650       0.34796610692972635        2.5345245669000288E-002   8.4484152230000966E-003   53.299887756579771     
  0.79300904848840659       0.28177907078809095        2.5345245669000288E-002   8.4484152230000966E-003   133.16633210081528     
  0.16574369933723337       0.76780927841292024        2.5345245669000288E-002   8.4484152230000966E-003   55.232561479680108     
  0.70156299046810899        3.0796616902370053E-002   2.5345245669000288E-002   8.4484152230000966E-003   155.35396780729633     
  0.85058616852131264       0.23603772280939286        2.5345245669000288E-002   8.4484152230000966E-003   160.50927786752050     
  0.76565157147104923       0.42575228675001170        2.5345245669000288E-002   8.4484152230000966E-003   104.70822153971476     
  0.95264510196588337       0.95307038629814711        2.5345245669000288E-002   8.4484152230000966E-003   125.89122962125320     
  0.97037956094474653       0.39945008638524176        2.5345245669000288E-002   8.4484152230000966E-003   24.472718425179394     
  0.36860536320118742       0.95055279112247815        2.5345245669000288E-002   8.4484152230000966E-003   116.97272423802949     
  0.74411235486092153       0.76706683190583436        2.5345245669000288E-002   8.4484152230000966E-003   38.761248077594708     
  0.42277939939769549       0.58114449210789254        2.5345245669000288E-002   8.4484152230000966E-003   4.5955135569063250     
  0.66463688391232212        8.2603390124838680E-002   2.5345245669000288E-002   8.4484152230000966E-003   160.79194954867273     
  0.97006596734749606       0.99873370335777678        2.5345245669000288E-002   8.4484152230000966E-003   158.52304053467628     
  0.37567586378379642       0.54996588625444864        2.5345245669000288E-002   8.4484152230000966E-003   170.88931429250709     
  0.90313133061312489        9.1859741112329613E-002   2.5345245669000288E-002   8.4484152230000966E-003   150.67426512381647     
  0.95212676224008452       0.79526848522894444        2.5345245669000288E-002   8.4484152230000966E-003   137.15193721927452     
  0.68919218605431420       0.82638167080055303        2.5345245669000288E-002   8.4484152230000966E-003   42.629780007075183     
  0.57228431065185559        6.7724430492639848E-003   2.5345245669000288E-002   8.4484152230000966E-003   59.096927259927064     
  0.43862111629383377       0.98457872721597672        2.5345245669000288E-002   8.4484152230000966E-003   103.16146888640935     
  0.72703587068233411       0.20358182458683571        2.5345245669000288E-002   8.4484152230000966E-003   53.109309403361429     
  0.69292776702125902        2.0417559897290192E-002   2.5345245669000288E-002   8.4484152230000966E-003   108.59559815219875     
  0.30529734857525159       0.19480817063338438        2.5345245669000288E-002   8.4484152230000966E-003   133.62846890158013     
   5.7755055499859528E-005   7.3925234466930084E-002   2.5345245669000288E-002   8.4484152230000966E-003   111.22459510555052     
  0.68492929321666707       0.35188814031603910        2.5345245669000288E-002   8.4484152230000966E-003   151.67534663919568     
  0.52630223766112461       0.15671111912668442        2.5345245669000288E-002   8.4484152230000966E-003   119.34737605602805     
   2.0380588225559881E-002  0.51564990488784113        2.5345245669000288E-002   8.4484152230000966E-003   90.772981446563918     
  0.52704814201203132       0.82761326637655186        2.5345245669000288E-002   8.4484152230000966E-003   64.931771803740702     
  0.35266377949227512       0.79914084005157104        2.5345245669000288E-002   8.4484152230000966E-003   82.860015832167747     
  0.37344132474411934       0.98899076801493824        2.5345245669000288E-002   8.4484152230000966E-003   173.83631333363550     
  0.62582758618980827       0.63988757711735667        2.5345245669000288E-002   8.4484152230000966E-003   27.463354975862977     
  0.58666962110087140       0.56644952193391329        2.5345245669000288E-002   8.4484152230000966E-003   37.671931733663286     
  0.18392056207840016       0.31168826100577829        2.5345245669000288E-002   8.4484152230000966E-003   88.879500712155149     
  0.23181280737311907       0.36078702662676837        2.5345245669000288E-002   8.4484152230000966E-003   163.73629414992635     
  0.35873569240588116       0.37405969176176185        2.5345245669000288E-002   8.4484152230000966E-003   97.233204601482655     
  0.66729944312247980       0.40253348950997259        2.5345245669000288E-002   8.4484152230000966E-003   17.517427539677055     
  0.92504992827588062        4.7568312381619599E-002   2.5345245669000288E-002   8.4484152230000966E-003   40.814524264416917     
  0.13516793106990446       0.15885765918533745        2.5345245669000288E-002   8.4484152230000966E-003   162.62665662531080     
  0.64779729139594966       0.63171736719555038        2.5345245669000288E-002   8.4484152230000966E-003   78.071465963299659     
  0.98704897767116240       0.63638548662074212        2.5345245669000288E-002   8.4484152230000966E-003   111.36721395617965     
  0.37384187749574621       0.42532686035510914        2.5345245669000288E-002   8.4484152230000966E-003   22.442841240503597     
  0.83383537966007348       0.57532852948339896        2.5345245669000288E-002   8.4484152230000966E-003   55.638722256893011     
  0.81557161637354336       0.56759522534622131        2.5345245669000288E-002   8.4484152230000966E-003   25.655084842435183     
  0.20123894834561570       0.87604517616622424        2.5345245669000288E-002   8.4484152230000966E-003   160.33993521909903     
   8.9306169542854863E-002  0.63535084424312038        2.5345245669000288E-002   8.4484152230000966E-003   175.89215620203561     
  0.13676921439312917       0.85575551214006051        2.5345245669000288E-002   8.4484152230000966E-003   86.639081681995620     
  0.94212258015194550        3.0482958028899172E-003   2.5345245669000288E-002   8.4484152230000966E-003   9.8229938049123042     
  0.44371259923386619       0.93599094059793431        2.5345245669000288E-002   8.4484152230000966E-003   156.41896384261173     
  0.14031087206497481       0.64846718843693385        2.5345245669000288E-002   8.4484152230000966E-003   55.860841300884033     
  0.41702514787548661       0.31303364770855563        2.5345245669000288E-002   8.4484152230000966E-003   141.48308999117586     
  0.13215951971279535       0.90029990543252636        2.5345245669000288E-002   8.4484152230000966E-003   56.918106842338609     
  0.64779143030779263       0.65374955490226050        2.5345245669000288E-002   8.4484152230000966E-003   71.002656553511429     
  0.17431023840021703       0.26361567561834537        2.5345245669000288E-002   8.4484152230000966E-003   82.944242110364414     
  0.47864909734692002       0.71800553419513680        2.5345245669000288E-002   8.4484152230000966E-003   7.1926805206471318     
  0.66222111560309682       0.41392153402618026        2.5345245669000288E-002   8.4484152230000966E-003   162.82827753545885     
  0.60969494898692767       0.93998773215189524        2.5345245669000288E-002   8.4484152230000966E-003   4.3525342163468750     
  0.37898425762348381       0.28021137467700091        2.5345245669000288E-002   8.4484152230000966E-003   61.333912212579762     
  0.91235538529235627       0.53920034022232077        2.5345245669000288E-002   8.4484152230000966E-003   108.14848235697532     
  0.69397688692948400       0.68266850133243029        2.5345245669000288E-002   8.4484152230000966E-003   98.743275512325781     
  0.78971800734849951       0.98912937931874134        2.5345245669000288E-002   8.4484152230000966E-003   170.54854782257536     
   8.2566395297165307E-002  0.72301132531188617        2.5345245669000288E-002   8.4484152230000966E-003   10.777033297832977     
  0.91955903687026308       0.78193573428238361        2.5345245669000288E-002   8.4484152230000966E-003   56.618760723897573     
  0.48814677234246368       0.77356071308677965        2.5345245669000288E-002   8.4484152230000966E-003   90.796169106464092     
  0.56795186792816232       0.19681404363092511        2.5345245669000288E-002   8.4484152230000966E-003   81.913469590779812     
  0.81151302064704089       0.23449324754720238        2.5345245669000288E-002   8.4484152230000966E-003   76.427586533289798     
