          50   665.15584574059551     
         100   616.92583401805268     
         150   573.72464375762638     
         200   541.07754174439390     
         250   510.50308863339569     
         300   478.10373650112575     
         350   441.69256960076081     
         400   407.99372589183878     
         450   375.77801087931795     
         500   345.71114031985132     
         550   313.33694787738750     
         600   282.14027117329618     
         650   253.31337638328975     
         700   227.12393270309295     
         750   200.77369113860118     
         800   174.22987530906695     
         850   147.48876156933625     
         900   118.78637116605395     
         950   90.952351849732992     
        1000   63.122144372756480     
        1050   35.755200198956516     
        1100   8.5502968177067569     
        1150  -17.701111356773122     
        1200  -43.330163568073857     
        1250  -68.235374516495042     
        1300  -92.321602286054187     
        1350  -115.89525865364340     
        1400  -139.03918590188434     
        1450  -161.27366693913990     
        1500  -183.00751159231007     
        1550  -205.66516327183152     
        1600  -229.01519609869234     
        1650  -252.24577412237218     
        1700  -274.36314146242370     
        1750  -295.63886098326287     
        1800  -316.45114507105495     
        1850  -337.47498758427366     
        1900  -357.98922187481855     
        1950  -378.19622383493311     
        2000  -397.85719069657881     
        2050  -416.92264251389219     
        2100  -436.46721965547556     
        2150  -455.92565980716006     
        2200  -474.83079795363994     
        2250  -493.29514151077649     
        2300  -511.40236114915291     
        2350  -529.18944277814830     
        2400  -547.35742731648668     
        2450  -565.36064947234036     
        2500  -583.03718872242519     
        2550  -600.42139189043246     
        2600  -617.73278155279922     
        2650  -635.26262411064158     
        2700  -652.48503051799696     
        2750  -669.70719554137656     
        2800  -687.03307969083733     
        2850  -704.51452808863621     
        2900  -721.96261175310372     
        2950  -739.50244781041783     
        3000  -757.32649578549524     
        3050  -775.39927476293099     
        3100  -793.43411689120512     
        3150  -811.34865886796274     
        3200  -829.43364264911168     
        3250  -847.45008501466702     
        3300  -865.47472546226231     
        3350  -883.66801661105274     
        3400  -901.66657011692405     
        3450  -919.40946348169007     
        3500  -936.95068440240766     
        3550  -954.62904625486317     
        3600  -972.00297396643123     
        3650  -989.16408185869318     
        3700  -1006.2216701501745     
        3750  -1023.2644811950842     
        3800  -1040.0679619719253     
        3850  -1056.8206519168155     
        3900  -1073.3272788751947     
        3950  -1089.5604728464571     
        4000  -1105.8323865882726     
        4050  -1122.0921092360777     
        4100  -1138.1006468767102     
        4150  -1153.9434890943728     
        4200  -1169.6438358095106     
        4250  -1185.1584100916298     
        4300  -1200.3824303095839     
        4350  -1215.3282126791159     
        4400  -1230.4270420191742     
        4450  -1245.6256508773890     
        4500  -1260.7066691991438     
        4550  -1275.9155855500856     
        4600  -1291.1372384971130     
        4650  -1306.2121540062612     
        4700  -1321.1924946812942     
        4750  -1335.9124218196660     
        4800  -1350.5684906312133     
        4850  -1365.5069297473431     
        4900  -1380.2987146779196     
        4950  -1395.0959759433729     
        5000  -1409.9979225713357     
        5050  -1424.7607384800028     
        5100  -1439.4054916070922     
        5150  -1453.8775817875219     
        5200  -1468.2064772352526     
        5250  -1482.4019136799384     
        5300  -1496.5613969616365     
        5350  -1510.5241392685491     
        5400  -1524.2846222654050     
        5450  -1537.8269710214045     
        5500  -1551.2274970942165     
        5550  -1564.4744510103249     
        5600  -1577.7201950095186     
        5650  -1590.8168400688485     
        5700  -1603.7170152763631     
        5750  -1616.4187591949881     
        5800  -1629.0703116247423     
        5850  -1641.6427588593265     
        5900  -1654.0961185767706     
        5950  -1666.3532070798703     
        6000  -1678.4542054902288     
        6050  -1690.6688305139858     
        6100  -1702.7864140057175     
        6150  -1714.7405499960232     
        6200  -1726.6646834482788     
        6250  -1738.4708892837605     
        6300  -1750.1323534885964     
        6350  -1761.6960617890716     
        6400  -1773.2352818075165     
        6450  -1784.6412333995333     
        6500  -1795.9308494084516     
        6550  -1807.1052050686042     
        6600  -1818.2045515918940     
        6650  -1829.2136007726606     
        6700  -1840.1016957489444     
        6750  -1850.8929537131496     
        6800  -1861.6211576669430     
        6850  -1872.2308514611682     
        6900  -1882.7398710408261     
        6950  -1893.1405272814229     
        7000  -1903.4391331736222     
        7050  -1913.6027992106954     
        7100  -1923.6664684914565     
        7150  -1933.6995830024841     
        7200  -1943.6817200949829     
        7250  -1953.5340053561533     
        7300  -1963.4357149544135     
        7350  -1973.2818545719663     
        7400  -1983.0697985864610     
        7450  -1992.8789678298192     
        7500  -2002.6937215774838     
        7550  -2012.3812502070550     
        7600  -2021.9548518477716     
        7650  -2031.4426687404732     
        7700  -2040.8294739480962     
        7750  -2050.1321791540704     
        7800  -2059.3894410169823     
        7850  -2068.5551190246520     
        7900  -2077.6127911135804     
        7950  -2086.6242102475171     
        8000  -2095.5830066009489     
        8050  -2104.4600587046889     
        8100  -2113.3078912321284     
        8150  -2122.1061118067601     
        8200  -2130.8330969940134     
        8250  -2139.4999412967773     
        8300  -2148.1112404790269     
        8350  -2156.6484018611195     
        8400  -2165.1298076880503     
        8450  -2173.5234840966955     
        8500  -2181.9308231772407     
        8550  -2190.3009531265866     
        8600  -2198.6064545179793     
        8650  -2206.8255159330683     
        8700  -2215.0403190941447     
        8750  -2223.3038491249476     
        8800  -2231.5119338709328     
        8850  -2239.6582237750499     
        8900  -2247.7781442606588     
        8950  -2255.9221423301638     
        9000  -2264.0559146800283     
        9050  -2272.1450059641020     
        9100  -2280.1660200051529     
        9150  -2288.1187226100301     
        9200  -2296.0263943238951     
        9250  -2303.8847689657828     
        9300  -2311.7103891120564     
        9350  -2319.5518779585518     
        9400  -2327.3705482667333     
        9450  -2335.1626007287150     
        9500  -2342.9055432425821     
        9550  -2350.6202715736476     
        9600  -2358.2820902801291     
        9650  -2365.9049980699133     
        9700  -2373.5168477531251     
        9750  -2381.0691049230468     
        9800  -2388.5650420212182     
        9850  -2396.0601370489076     
        9900  -2403.5077800719932     
        9950  -2410.9104842073039     
       10000  -2418.2562171505847     
       10050  -2425.5688037380373     
       10100  -2432.8787699077129     
       10150  -2440.2035412282407     
       10200  -2447.4855922382808     
       10250  -2454.7243787781267     
       10300  -2461.9243225529585     
       10350  -2469.1029515921191     
       10400  -2476.2413385388654     
       10450  -2483.3324978177734     
       10500  -2490.3911595186855     
       10550  -2497.4369448991506     
       10600  -2504.5126665573289     
       10650  -2511.6056256130237     
       10700  -2518.7418562240441     
       10750  -2525.9464800784422     
       10800  -2533.1291452441378     
       10850  -2540.2660694672672     
       10900  -2547.3478852587618     
       10950  -2554.3699177139838     
       11000  -2561.3438862818657     
       11050  -2568.3063097566483     
       11100  -2575.2347730287079     
       11150  -2582.1366122628351     
       11200  -2588.9867932841726     
       11250  -2595.8042019246532     
       11300  -2602.6063930599585     
       11350  -2609.3795652141180     
       11400  -2616.1333405806881     
       11450  -2622.9097461835941     
       11500  -2629.6669235061490     
       11550  -2636.4363343031191     
       11600  -2643.1585615704253     
       11650  -2649.8623303391314     
       11700  -2656.5141117444605     
       11750  -2663.1474861032812     
       11800  -2669.7661480988240     
       11850  -2676.3687686313338     
       11900  -2682.9699404926350     
       11950  -2689.5339207751513     
       12000  -2696.0592877210029     
       12050  -2702.5819890130115     
       12100  -2709.0783444182803     
       12150  -2715.6405604411339     
       12200  -2722.2392184532514     
       12250  -2728.7866492135645     
       12300  -2735.2977005128191     
       12350  -2741.7783838689411     
       12400  -2748.2385320087560     
       12450  -2754.6814185052785     
       12500  -2761.1078464542888     
       12550  -2767.5076922192952     
       12600  -2773.8803652945476     
       12650  -2780.2124624769435     
       12700  -2786.5155202796891     
       12750  -2792.7885033875336     
       12800  -2799.0298994811446     
       12850  -2805.2307437244617     
       12900  -2811.3978730590857     
       12950  -2817.5290734374430     
       13000  -2823.6532407692284     
       13050  -2829.7849821469886     
       13100  -2835.8740212915886     
       13150  -2841.9692377265587     
       13200  -2848.0663897820300     
       13250  -2854.1810653105795     
       13300  -2860.3184567063158     
       13350  -2866.4595150731134     
       13400  -2872.5863156147834     
       13450  -2878.6750452859969     
       13500  -2884.7480023652288     
       13550  -2890.8060261185574     
       13600  -2896.8442232889929     
       13650  -2902.8639101908270     
       13700  -2908.8630971481766     
       13750  -2914.8445713560036     
       13800  -2920.8224889591688     
       13850  -2926.8688238071300     
       13900  -2932.9391459546641     
       13950  -2939.0070022999271     
       14000  -2945.0487068114621     
       14050  -2951.0757972452416     
       14100  -2957.0642123555544     
       14150  -2963.0194140135904     
       14200  -2968.9474713563909     
       14250  -2974.8727585196825     
       14300  -2980.7568882557516     
       14350  -2986.6011574348099     
       14400  -2992.4565247236924     
       14450  -2998.2842378444770     
       14500  -3004.0773220613319     
       14550  -3009.8419413810161     
       14600  -3015.5797289095362     
       14650  -3021.3158920060132     
       14700  -3027.0373107015926     
       14750  -3032.7749931448793     
       14800  -3038.5297699009325     
       14850  -3044.2716961216497     
       14900  -3049.9836027681172     
       14950  -3055.6592198290473     
       15000  -3061.3212584630423     
       15050  -3066.9698104420954     
       15100  -3072.5825237938911     
       15150  -3078.1589943826057     
       15200  -3083.7007259033730     
       15250  -3089.2278646335681     
       15300  -3094.7477232614510     
       15350  -3100.2504321529900     
       15400  -3105.7474268858919     
       15450  -3111.2558131424785     
       15500  -3116.7441904552884     
       15550  -3122.2016682671633     
       15600  -3127.6333546372739     
       15650  -3133.0467101996896     
       15700  -3138.4306901892860     
       15750  -3143.7852725896482     
       15800  -3149.1230158544022     
       15850  -3154.4552109775800     
       15900  -3159.7729014108718     
       15950  -3165.0713725203668     
       16000  -3170.3389990532573     
       16050  -3175.5792884342500     
       16100  -3180.7886582013753     
       16150  -3185.9753628058083     
       16200  -3191.1506139460803     
       16250  -3196.2972223334591     
       16300  -3201.4189517539662     
       16350  -3206.5217085736849     
       16400  -3211.5951632956912     
       16450  -3216.6478300648832     
       16500  -3221.7028909680907     
       16550  -3226.7483219562073     
       16600  -3231.7687579310391     
       16650  -3236.7594645559489     
       16700  -3241.7202867100505     
       16750  -3246.6676564215577     
       16800  -3251.6081772168586     
       16850  -3256.5227313863525     
       16900  -3261.4583327607315     
       16950  -3266.3707343488645     
       17000  -3271.2574303846245     
       17050  -3276.1194743688852     
       17100  -3280.9643476158017     
       17150  -3285.8113713630819     
       17200  -3290.6302147397387     
       17250  -3295.4506029357531     
       17300  -3300.3078938393433     
       17350  -3305.1707845722917     
       17400  -3310.0356961109242     
       17450  -3314.8939176271865     
       17500  -3319.7408180060411     
       17550  -3324.5679960133280     
       17600  -3329.3755675942784     
       17650  -3334.1681975662918     
       17700  -3338.9354146549190     
       17750  -3343.6951584206486     
       17800  -3348.4454818429558     
       17850  -3353.2056887449571     
       17900  -3357.9537975772923     
       17950  -3362.7422502070840     
       18000  -3367.5199972499058     
       18050  -3372.3012322770946     
       18100  -3377.0678483603401     
       18150  -3381.8157220296130     
       18200  -3386.5631039851542     
       18250  -3391.3126901364535     
       18300  -3396.0425733341435     
       18350  -3400.7503847600115     
       18400  -3405.4383457396425     
       18450  -3410.1008977166739     
       18500  -3414.7413598136854     
       18550  -3419.3625689709770     
       18600  -3423.9626576993201     
       18650  -3428.5428255705383     
       18700  -3433.1055387998335     
       18750  -3437.6733671773477     
       18800  -3442.2697091112982     
       18850  -3446.8528538033652     
       18900  -3451.4180588715017     
       18950  -3455.9722263148083     
       19000  -3460.5057209312299     
       19050  -3465.0154176756496     
       19100  -3469.5023074002456     
       19150  -3473.9686756553288     
       19200  -3478.4295752579255     
       19250  -3482.8803483843917     
       19300  -3487.3102535517496     
       19350  -3491.7535786723811     
       19400  -3496.1769250352968     
       19450  -3500.5983431678405     
       19500  -3505.0012686118885     
       19550  -3509.4340831719678     
       19600  -3513.8534745333309     
       19650  -3518.2512689484224     
       19700  -3522.6377239106923     
       19750  -3527.0122662710219     
       19800  -3531.3705413428593     
       19850  -3535.7099182660372     
       19900  -3540.0274892750281     
       19950  -3544.3268098857734     
       20000  -3548.6059674637308     
       20050  -3552.8749890092372     
       20100  -3557.1372670065471     
       20150  -3561.4093952899693     
       20200  -3565.6662288686575     
       20250  -3569.9324267601837     
       20300  -3574.2052144529107     
       20350  -3578.4703912466048     
       20400  -3582.7535715736853     
       20450  -3587.0163036954318     
       20500  -3591.2601847097721     
       20550  -3595.4872816734005     
       20600  -3599.7035002436164     
       20650  -3603.9014897161287     
       20700  -3608.0975442769477     
       20750  -3612.2999173702183     
       20800  -3616.4820867466942     
       20850  -3620.6441977568561     
       20900  -3624.8176623215786     
       20950  -3628.9824692634029     
       21000  -3633.1274437912184     
       21050  -3637.2614467739672     
       21100  -3641.3856227349424     
       21150  -3645.4908270655274     
       21200  -3649.5785684845550     
       21250  -3653.6491510340152     
       21300  -3657.7406035441131     
       21350  -3661.8200751525296     
       21400  -3665.9094587532900     
       21450  -3669.9828280008710     
       21500  -3674.0413413721744     
       21550  -3678.0879033268670     
       21600  -3682.1510001834140     
       21650  -3686.2184422230689     
       21700  -3690.3329000639319     
       21750  -3694.4530543834103     
       21800  -3698.5763637691989     
       21850  -3702.7003423788797     
       21900  -3706.8114409447794     
       21950  -3710.9110888083105     
       22000  -3714.9965973720928     
       22050  -3719.0767025751984     
       22100  -3723.1494658854026     
       22150  -3727.2054455509697     
       22200  -3731.2603969810593     
       22250  -3735.3139037433575     
       22300  -3739.3617353400282     
       22350  -3743.3940402601615     
       22400  -3747.4083460241322     
       22450  -3751.4077115467135     
       22500  -3755.3894893068468     
       22550  -3759.3696158414778     
       22600  -3763.3591795989364     
       22650  -3767.3314377706211     
       22700  -3771.2905926225708     
       22750  -3775.2463216699889     
       22800  -3779.2026429885855     
       22850  -3783.1436728100166     
       22900  -3787.0726762471804     
       22950  -3790.9845598436596     
       23000  -3794.8939302032277     
       23050  -3798.7910015738380     
       23100  -3802.6756216147992     
       23150  -3806.5503116826776     
       23200  -3810.4083005002631     
       23250  -3814.2558414251275     
       23300  -3818.1039163036753     
       23350  -3821.9692001730327     
       23400  -3825.8307649112544     
       23450  -3829.6989973129598     
       23500  -3833.5671409138008     
       23550  -3837.4302549281274     
       23600  -3841.2787294974073     
       23650  -3845.1111229681592     
       23700  -3848.9359213354855     
       23750  -3852.7807267918670     
       23800  -3856.6143832701432     
       23850  -3860.4371664897640     
       23900  -3864.2499865086324     
       23950  -3868.0573073537266     
       24000  -3871.8501824119089     
       24050  -3875.6272866798290     
       24100  -3879.3897682677725     
       24150  -3883.1396523592744     
       24200  -3886.8740410619680     
       24250  -3890.5933486937029     
       24300  -3894.2978612426487     
       24350  -3898.0123905037121     
       24400  -3901.7119757319092     
       24450  -3905.3964297321791     
       24500  -3909.0662528723956     
       24550  -3912.7229398647760     
       24600  -3916.3675584934344     
       24650  -3919.9973916509830     
       24700  -3923.6125291277317     
       24750  -3927.2130599884131     
       24800  -3930.8034493978053     
       24850  -3934.3819866574322     
       24900  -3937.9692116965016     
       24950  -3941.5625201815992     
       25000  -3945.1423291744045     
       25050  -3948.7091206840564     
       25100  -3952.2617274132554     
       25150  -3955.8003949928093     
       25200  -3959.3256884716006     
       25250  -3962.8565053795746     
       25300  -3966.3875500073586     
       25350  -3969.9052438487079     
       25400  -3973.4103937521954     
       25450  -3976.9352321734063     
       25500  -3980.5458412063686     
       25550  -3984.1779021120178     
       25600  -3987.8011590788929     
       25650  -3991.4158454414023     
       25700  -3995.0242175394887     
       25750  -3998.6613370344958     
       25800  -4002.2849456608847     
       25850  -4005.9028053754469     
       25900  -4009.5078544246130     
       25950  -4013.1079217059882     
       26000  -4016.6944449843113     
       26050  -4020.2739559353199     
       26100  -4023.8431348525774     
       26150  -4027.4019335094786     
       26200  -4030.9500046428711     
       26250  -4034.4878015906202     
       26300  -4038.0172454158178     
       26350  -4041.5340414558473     
       26400  -4045.0440921423592     
       26450  -4048.5602532608018     
       26500  -4052.0695586292968     
       26550  -4055.5692720465972     
       26600  -4059.0707209903671     
       26650  -4062.5725907964161     
       26700  -4066.0911796904188     
       26750  -4069.6079999139520     
       26800  -4073.1163083507977     
       26850  -4076.6190190608895     
       26900  -4080.1090196991486     
       26950  -4083.5860704278034     
       27000  -4087.0518838148378     
       27050  -4090.5055214241906     
       27100  -4093.9464149833248     
       27150  -4097.3914081566882     
       27200  -4100.8439298424009     
       27250  -4104.3027455740184     
       27300  -4107.7726910143683     
       27350  -4111.2366416893756     
       27400  -4114.6885682229176     
       27450  -4118.1363063477629     
       27500  -4121.5766351981056     
       27550  -4125.0099238059183     
       27600  -4128.4341127812459     
       27650  -4131.8506485040416     
       27700  -4135.2590672727474     
       27750  -4138.6552034512943     
       27800  -4142.0395210656552     
       27850  -4145.4134954644524     
       27900  -4148.7769185934767     
       27950  -4152.1332750486354     
       28000  -4155.4865880592170     
       28050  -4158.8289872411870     
       28100  -4162.1712806280466     
       28150  -4165.5101259926059     
       28200  -4168.8581182528742     
       28250  -4172.2000813005861     
       28300  -4175.5354457175426     
       28350  -4178.8595322559449     
       28400  -4182.1790264865840     
       28450  -4185.4954368583121     
       28500  -4188.8069055907281     
       28550  -4192.1126691305208     
       28600  -4195.4081362996485     
       28650  -4198.6978581116800     
       28700  -4201.9976155669874     
       28750  -4205.2882669826658     
       28800  -4208.5718489397550     
       28850  -4211.8445861460841     
       28900  -4215.1174838776597     
       28950  -4218.3890252106748     
       29000  -4221.6614767903629     
       29050  -4224.9253313350137     
       29100  -4228.2098250733070     
       29150  -4231.5019787535875     
       29200  -4234.7865959786996     
       29250  -4238.0627443461372     
       29300  -4241.3355530256549     
       29350  -4244.6113077044374     
       29400  -4247.8795633494838     
       29450  -4251.1380519382055     
       29500  -4254.3854948028975     
       29550  -4257.6219480132249     
       29600  -4260.8539610727858     
       29650  -4264.0960761015040     
       29700  -4267.3302557803136     
       29750  -4270.5615966827500     
       29800  -4273.7889319330579     
       29850  -4277.0064122897384     
       29900  -4280.2134657983579     
       29950  -4283.4180482017828     
       30001  -4286.6774377783950     
       30050  -4289.7949314442403     
       30100  -4292.6954361259568     
       30150  -4295.5810762775127     
       30200  -4298.4571613292283     
       30250  -4301.3237386617657     
       30300  -4304.1808553430401     
       30350  -4307.0285581308017     
       30400  -4309.8668934751822     
       30450  -4312.6959075212226     
       30500  -4315.5156461113747     
       30550  -4318.3243813817526     
       30600  -4321.0346885834715     
       30650  -4323.7094504025681     
       30700  -4326.3754996424495     
       30750  -4329.0327589221379     
       30800  -4331.6800143389974     
       30850  -4334.3186887010215     
       30900  -4336.9488236638144     
       30950  -4339.5706709815377     
       31000  -4341.7703203430792     
       31050  -4343.5392540956591     
       31100  -4345.3027136906767     
       31150  -4347.0605120991941     
       31200  -4348.8240636480141     
       31250  -4350.5838637499864     
       31300  -4352.3323920516095     
       31350  -4354.0719940611907     
       31400  -4355.8406535964104     
       31450  -4357.6001369801861     
       31500  -4359.3540347024264     
       31550  -4360.9039301532039     
       31600  -4362.2769357034194     
       31650  -4363.5412812587292     
       31700  -4364.6499736505266     
       31750  -4365.5796448539286     
       31800  -4366.3686251922418     
       31850  -4367.1364108259795     
       31900  -4367.9013903816058     
       31950  -4368.6390130765622     
       32000  -4369.1301444942019     
       32050  -4369.4617679171879     
       32100  -4369.5617948474019     
       32150  -4369.6508487105275     
       32200  -4369.7391149275481     
       32250  -4369.8253129590421     
       32300  -4369.8981048877158     
       32350  -4369.9836153408132     
       32400  -4370.0288110761703     
       32450  -4370.0711215474039     
       32500  -4370.1133018325718     
       32550  -4370.1672307224053     
       32600  -4370.2367688221493     
       32650  -4370.3063552546009     
       32700  -4370.2362047631914     
       32750  -4370.0594461964793     
       32800  -4369.8584289075861     
       32850  -4369.6462741411133     
       32900  -4369.4350961661594     
       32950  -4369.2069488083707     
       33000  -4368.9784170714256     
       33050  -4368.7614172319272     
       33100  -4368.4540606376577     
       33150  -4368.0059073044304     
       33200  -4367.6575286686939     
       33250  -4367.2823216268171     
       33300  -4366.9082413328142     
       33350  -4366.5352827188526     
       33400  -4366.1634407474485     
       33450  -4365.7869042436823     
       33500  -4365.3991461213418     
       33550  -4364.8715652018382     
       33600  -4364.3539845169835     
       33650  -4363.8449551567583     
       33700  -4363.3228503366045     
       33750  -4362.7042620497532     
       33800  -4362.0514616927330     
       33850  -4361.4504660693392     
       33900  -4360.8504420519084     
       33950  -4360.0177610294222     
       34000  -4358.8323551715930     
       34050  -4357.6466177585880     
       34100  -4356.4643575813971     
       34150  -4355.3530338089404     
       34200  -4354.2953727251852     
       34250  -4353.2412668671905     
       34300  -4352.1126190859968     
       34350  -4350.9877437959276     
       34400  -4349.6900387753258     
       34450  -4348.3202140499998     
       34500  -4346.9995784406183     
       34550  -4345.7131256931771     
       34600  -4344.4303910172603     
       34650  -4343.1512100698328     
       34700  -4341.8758948560453     
       34750  -4340.6026738178944     
       34800  -4339.3296022560735     
       34850  -4337.9519369910158     
       34900  -4336.5733739923335     
       34950  -4335.1824164569298     
       35000  -4333.7963152556704     
       35050  -4332.3336785793763     
       35100  -4330.8544336108835     
       35150  -4329.3399543147307     
       35200  -4327.8280913379194     
       35250  -4326.3163932099387     
       35300  -4324.7598023274822     
       35350  -4323.1957998789794     
       35400  -4321.6356789871143     
       35450  -4320.0842519411135     
       35500  -4318.5371951121442     
       35550  -4316.9944900604705     
       35600  -4315.4561184499544     
       35650  -4313.9220620473216     
       35700  -4312.3923027214460     
       35750  -4310.8668224426365     
       35800  -4309.3456032819240     
       35850  -4307.8286274103630     
       35900  -4306.3158770983327     
       35950  -4304.8168663195374     
       36000  -4303.3377438099360     
       36050  -4301.8627242753955     
       36100  -4300.3917906675442     
       36150  -4298.9253697250206     
       36200  -4297.4630381977622     
       36250  -4296.0047406885096     
       36300  -4294.5449864622424     
       36350  -4292.9554076954619     
       36400  -4291.3823213424375     
       36450  -4289.8135872004632     
       36500  -4288.2518921237270     
       36550  -4286.6944698105381     
       36600  -4285.1413027495710     
       36650  -4283.5935278111683     
       36700  -4282.0587338192354     
       36750  -4280.5166552934816     
       36800  -4278.9723135687500     
       36850  -4277.2896304038422     
       36900  -4275.5306329976793     
       36950  -4273.7763960716420     
       37000  -4272.0269004094343     
       37050  -4270.2618834639497     
       37100  -4268.4300883182705     
       37150  -4266.5838261433464     
       37200  -4264.5956451105803     
       37250  -4262.5969513319787     
       37300  -4260.6162754438665     
       37350  -4258.6385855034305     
       37400  -4256.6460213418613     
       37450  -4254.6174701349028     
       37500  -4252.5801307981419     
       37550  -4250.5621746292227     
       37600  -4248.5221164131572     
       37650  -4246.4575370697075     
       37700  -4244.3982867227514     
       37750  -4242.3431520697295     
       37800  -4240.2919778660398     
       37850  -4238.2462228808527     
       37900  -4236.2058656660756     
       37950  -4234.1708848866474     
       38000  -4232.1412593197956     
       38050  -4230.1168261712337     
       38100  -4228.0912368371810     
       38150  -4226.0693827710829     
       38200  -4224.0312636619255     
       38250  -4222.0518212117158     
       38300  -4220.0550028747184     
       38350  -4218.0442465438964     
       38400  -4215.9224260397978     
       38450  -4213.7768441376948     
       38500  -4211.5977640226492     
       38550  -4209.4808675612921     
       38600  -4207.5015270236372     
       38650  -4205.5959362197791     
       38700  -4203.6952694231659     
       38750  -4201.7995075731242     
       38800  -4199.9086317072324     
       38850  -4198.0226229606860     
       38900  -4196.1414625656735     
       38950  -4194.2651318507515     
       39000  -4192.3936122402265     
       39050  -4190.5268852535437     
       39100  -4188.6649325046783     
       39150  -4186.8077337795594     
       39200  -4184.9084987639690     
       39250  -4182.9586825213719     
       39300  -4181.0117222872723     
       39350  -4179.0695756418754     
       39400  -4177.1323583026860     
       39450  -4175.1948122961885     
       39500  -4173.2475993672915     
       39550  -4171.3173978354534     
       39600  -4169.3864108318794     
       39650  -4167.4357842453364     
       39700  -4165.5134466413019     
       39750  -4163.5956100052626     
       39800  -4161.7056518578756     
       39850  -4159.7827256029150     
       39900  -4157.8806816223860     
       39950  -4155.9035780541544     
       40000  -4153.9280912139629     
       40050  -4151.9812597404161     
       40100  -4150.0520472849457     
       40150  -4148.1235554077530     
       40200  -4146.1717424174803     
       40250  -4144.2131162072419     
       40300  -4142.2317147024723     
       40350  -4140.2327011467542     
       40400  -4138.1646291252873     
       40450  -4136.0960415072987     
       40500  -4134.0316965472421     
       40550  -4131.9690852093927     
       40600  -4129.9084356728345     
       40650  -4127.8661822600479     
       40700  -4125.8254414334324     
       40750  -4123.7679278178612     
       40800  -4121.6794548598391     
       40850  -4119.5562906948044     
       40900  -4117.4867451935434     
       40950  -4115.4369898876394     
       41000  -4113.3924257118551     
       41050  -4111.3504608836456     
       41100  -4109.3098708661000     
       41150  -4107.2742397550364     
       41200  -4105.2435494961846     
       41250  -4103.2186645504889     
       41300  -4101.2004841133457     
       41350  -4099.1850225255448     
       41400  -4097.1655953132904     
       41450  -4095.1472701610555     
       41500  -4093.1351629791520     
       41550  -4091.0152429879890     
       41600  -4088.8808681394985     
       41650  -4086.7506198811184     
       41700  -4084.6254801317509     
       41750  -4082.5054305374715     
       41800  -4080.3904528321741     
       41850  -4078.2805288370446     
       41900  -4076.1756404600419     
       41950  -4074.0757696953797     
       42000  -4071.9811963509746     
       42050  -4069.9113801767667     
       42100  -4067.7881038311057     
       42150  -4065.6534592285952     
       42200  -4063.6428946632736     
       42250  -4061.6265007885600     
       42300  -4059.6224802350516     
       42350  -4057.6432072581310     
       42400  -4055.6572944285936     
       42450  -4053.6974530311559     
       42500  -4051.8961485123059     
       42550  -4050.1157878539275     
       42600  -4048.2997442547307     
       42650  -4046.4413281600255     
       42700  -4044.5995317421343     
       42750  -4042.6081345019788     
       42800  -4040.6076403328138     
       42850  -4038.6117589887494     
       42900  -4036.6205300487500     
       42950  -4034.6349432543830     
       43000  -4032.6544047408752     
       43050  -4030.6784667814059     
       43100  -4028.7071133647664     
       43150  -4026.7254878401673     
       43200  -4024.7442684140633     
       43250  -4022.7676298421243     
       43300  -4020.8131709917343     
       43350  -4018.8611552057846     
       43400  -4016.9090857231681     
       43450  -4014.9615089206040     
       43500  -4013.0182950466597     
       43550  -4011.0379929247370     
       43600  -4009.0611217735154     
       43650  -4007.0888909848832     
       43700  -4005.1214356140204     
       43750  -4003.1584259129709     
       43800  -4001.2011832322742     
       43850  -3999.2573693269546     
       43900  -3997.3074358477484     
       43950  -3995.3329115452261     
       44000  -3993.3407556122684     
       44050  -3991.2578505828874     
       44100  -3989.2036598224281     
       44150  -3987.1078367929654     
       44200  -3984.9174092441262     
       44250  -3982.7319318140412     
       44300  -3980.5513877415865     
       44350  -3978.3796064000371     
       44400  -3976.2273131811880     
       44450  -3974.0798620168248     
       44500  -3971.9390001759125     
       44550  -3969.8030172614831     
       44600  -3967.6716005221488     
       44650  -3965.5448870426853     
       44700  -3963.4229313114984     
       44750  -3961.3057173808279     
       44800  -3959.1952460908237     
       44850  -3957.0767760199101     
       44900  -3954.9589885201162     
       44950  -3952.8459124496881     
       45000  -3950.6907524199023     
       45050  -3948.4581858599322     
       45100  -3946.1316987280861     
       45150  -3943.7777046128199     
       45200  -3941.4410259196802     
       45250  -3939.0878034781545     
       45300  -3936.6156319015045     
       45350  -3934.0702238935523     
       45400  -3931.5073546920949     
       45450  -3928.9553878498791     
       45500  -3926.4112041600019     
       45550  -3923.8642929827679     
       45600  -3921.3273374852834     
       45650  -3918.8185442006984     
       45700  -3916.3167531500953     
       45750  -3913.7972529573367     
       45800  -3911.2480448162241     
       45850  -3908.6938163657023     
       45900  -3906.1411542177489     
       45950  -3903.5965407219278     
       46000  -3901.0574589945754     
       46050  -3898.5240512063892     
       46100  -3895.9525314310877     
       46150  -3893.3062142859085     
       46200  -3890.6092126169383     
       46250  -3887.8865551957797     
       46300  -3885.1705024163211     
       46350  -3882.4609703526262     
       46400  -3879.7572777976893     
       46450  -3877.0610298736055     
       46500  -3874.3514582489947     
       46550  -3871.6520669847355     
       46600  -3868.9578199986004     
       46650  -3866.2693484615243     
       46700  -3863.5866338228147     
       46750  -3860.9201115214009     
       46800  -3858.2617707027357     
       46850  -3855.6087936439385     
       46900  -3852.9460833108192     
       46950  -3850.3051696482294     
       47000  -3847.6793258452176     
       47050  -3845.0642506017689     
       47100  -3842.4357892736807     
       47150  -3839.7890813357594     
       47200  -3837.1490186345436     
       47250  -3834.5155003273953     
       47300  -3831.8849437888334     
       47350  -3829.2491018245664     
       47400  -3826.6170061936550     
       47450  -3823.9715472935263     
       47500  -3821.3270287520463     
       47550  -3818.6880717637555     
       47600  -3816.0546588027510     
       47650  -3813.4267724166907     
       47700  -3810.8043952264088     
       47750  -3808.1875099255303     
       47800  -3805.5760992800929     
       47850  -3802.9701461281675     
       47900  -3800.3696333794819     
       47950  -3797.7745440150484     
       48000  -3795.1166133700262     
       48050  -3792.4283653961756     
       48100  -3789.7189904087550     
       48150  -3787.0133164913814     
       48200  -3784.3132560053718     
       48250  -3781.6187914996440     
       48300  -3778.9299055953775     
       48350  -3776.2465809856390     
       48400  -3773.5688004350113     
       48450  -3770.8965467792254     
       48500  -3768.2298029247913     
       48550  -3765.5685518486362     
       48600  -3762.9127765977405     
       48650  -3760.2624602887790     
       48700  -3757.6158897701112     
       48750  -3754.9669659866249     
       48800  -3752.3234703256458     
       48850  -3749.6853861194490     
       48900  -3747.0526967684791     
       48950  -3744.4253857410049     
       49000  -3741.8034365727699     
       49050  -3739.1868328666524     
       49100  -3736.5755582923184     
       49150  -3733.9698276871259     
       49200  -3731.3582088812736     
       49250  -3728.7514068905834     
       49300  -3726.1497515158289     
       49350  -3723.5627122570577     
       49400  -3720.9809099198628     
       49450  -3718.4034602450392     
       49500  -3715.8299814250763     
       49550  -3713.2621927165160     
       49600  -3710.6995810013200     
       49650  -3708.1421306390243     
       49700  -3705.5899391545213     
       49750  -3702.9963153754511     
       49800  -3700.3909571901727     
       49850  -3697.7949454897075     
       49900  -3695.2072606987554     
       49950  -3692.6497335079989     
       50000  -3690.1048846876952     
       50050  -3687.5121076647556     
       50100  -3684.8270768474649     
       50150  -3682.1355412039993     
       50200  -3679.4626581567613     
       50250  -3676.7915553319508     
       50300  -3674.1012061967044     
       50350  -3671.3854088870153     
       50400  -3668.6747476887022     
       50450  -3665.9465050117838     
       50500  -3663.2080971788041     
       50550  -3660.4764682694167     
       50600  -3657.6741273224138     
       50650  -3654.8332724593347     
       50700  -3651.9637272898226     
       50750  -3649.0952668985210     
       50800  -3646.1992995393721     
       50850  -3643.3328787395471     
       50900  -3640.4720894147708     
       50950  -3637.6169149856269     
       51000  -3634.7673389377169     
       51050  -3631.9155012093993     
       51100  -3629.0065372595782     
       51150  -3626.0574586532848     
       51200  -3623.0192678052945     
       51250  -3619.9203513490952     
       51300  -3616.7809290308692     
       51350  -3613.6457037603091     
       51400  -3610.4883516743062     
       51450  -3607.2988633517766     
       51500  -3604.1089067171065     
       51550  -3600.9453782495611     
       51600  -3597.8180403901697     
       51650  -3594.7059921486734     
       51700  -3591.6059536500279     
       51750  -3588.5123230115992     
       51800  -3585.4374486614947     
       51850  -3582.3717626183861     
       51900  -3579.3394553929497     
       51950  -3576.3211592811144     
       52000  -3573.3272477387554     
       52050  -3570.3474411136740     
       52100  -3567.3772303240680     
       52150  -3564.3979537718401     
       52200  -3561.4536171710924     
       52250  -3558.4872913487116     
       52300  -3555.5049580397431     
       52350  -3552.5539799512503     
       52400  -3549.5975791469668     
       52450  -3546.6274847264290     
       52500  -3543.6964891894681     
       52550  -3540.6815040049942     
       52600  -3537.7272524436435     
       52650  -3534.7918635746305     
       52700  -3531.8630354965894     
       52750  -3528.9418082378875     
       52800  -3526.0261136065692     
       52850  -3523.1159358998138     
       52900  -3520.1406462080868     
       52950  -3517.1191867832999     
       53000  -3514.0957498047337     
       53050  -3511.0780713897880     
       53100  -3508.0622217587843     
       53150  -3505.0359641631940     
       53200  -3502.0072095396467     
       53250  -3498.9977942740779     
       53300  -3495.9441790105193     
       53350  -3492.8707652404605     
       53400  -3489.8281806180075     
       53450  -3486.7963243327326     
       53500  -3483.7382949079110     
       53550  -3480.7234802226276     
       53600  -3477.7124460087321     
       53650  -3474.7061531038466     
       53700  -3471.7068961062446     
       53750  -3468.7069972283407     
       53800  -3465.7199490999310     
       53850  -3462.7265244910986     
       53900  -3459.7233947096474     
       53950  -3456.7277758551882     
       54000  -3453.7352168225211     
       54050  -3450.7453679262185     
       54100  -3447.7749241859951     
       54150  -3444.8056761602334     
       54200  -3441.8928619159083     
       54250  -3438.9907257965210     
       54300  -3436.0943037355783     
       54350  -3433.2041658560256     
       54400  -3430.3341425870631     
       54450  -3427.4746590522950     
       54500  -3424.6257223866028     
       54550  -3421.8189450848172     
       54600  -3419.0273397731403     
       54650  -3416.2404198241788     
       54700  -3413.4448459511509     
       54750  -3410.5822567256623     
       54800  -3407.7218476573398     
       54850  -3404.8692964108564     
       54900  -3402.0212059702521     
       54950  -3399.1734362907109     
       55000  -3396.3194397972511     
       55050  -3393.4598958666443     
       55100  -3390.5855560442019     
       55150  -3387.7157655623037     
       55200  -3384.8496666835626     
       55250  -3381.9666264206194     
       55300  -3379.0879232781422     
       55350  -3376.2114776154167     
       55400  -3373.3242373591934     
       55450  -3370.4636234336826     
       55500  -3367.6673573200724     
       55550  -3364.8761249888448     
       55600  -3362.0899128596520     
       55650  -3359.3087074009522     
       55700  -3356.5325628486262     
       55750  -3353.7610781481771     
       55800  -3350.9488149290823     
       55850  -3348.1161658708625     
       55900  -3345.3240853088546     
       55950  -3342.5159555031942     
       56000  -3339.7202869813004     
       56050  -3336.9303915245359     
       56100  -3334.1343184423417     
       56150  -3331.3456704490318     
       56200  -3328.5878190958169     
       56250  -3325.8192560048551     
       56300  -3323.0523559122153     
       56350  -3320.2831117975538     
       56400  -3317.4614878133748     
       56450  -3314.6190315663889     
       56500  -3311.7741194270984     
       56550  -3308.9319509050847     
       56600  -3306.0625515969991     
       56650  -3303.1678373387153     
       56700  -3300.2737550901311     
       56750  -3297.3766260351763     
       56800  -3294.4763937652119     
       56850  -3291.6301335974204     
       56900  -3288.8023530677751     
       56950  -3285.9986816893015     
       57000  -3283.2764520857390     
       57050  -3280.5512881789923     
       57100  -3277.8308968885444     
       57150  -3275.1152656878435     
       57200  -3272.4032287217510     
       57250  -3269.7060362473726     
       57300  -3266.9980391563331     
       57350  -3264.2805505577417     
       57400  -3261.5561703704416     
       57450  -3258.8344845874017     
       57500  -3256.1278075656037     
       57550  -3253.4327210977644     
       57600  -3250.7449552058097     
       57650  -3248.0617822731706     
       57700  -3245.3819663728373     
       57750  -3242.7147922963109     
       57800  -3240.0478135996323     
       57850  -3237.3642276177975     
       57900  -3234.6293795620818     
       57950  -3231.8893890707081     
       58000  -3229.1336822758103     
       58050  -3226.3680430197805     
       58100  -3223.5983636156966     
       58150  -3220.8338357676466     
       58200  -3218.0788740328662     
       58250  -3215.3219043686263     
       58300  -3212.5697697529736     
       58350  -3209.7966255115903     
       58400  -3207.0353637156377     
       58450  -3204.2947387968611     
       58500  -3201.5787213529456     
       58550  -3198.8515355577911     
       58600  -3196.0640224941876     
       58650  -3193.2669696365583     
       58700  -3190.4698580999875     
       58750  -3187.6783331802367     
       58800  -3184.8915557518458     
       58850  -3182.1095137141574     
       58900  -3179.3337817853649     
       58950  -3176.5649174145533     
       59000  -3173.8007460342010     
       59050  -3171.0412557230784     
       59100  -3168.2850619918449     
       59150  -3165.5351022651002     
       59200  -3162.7983061224973     
       59250  -3160.0796142134514     
       59300  -3157.3655069450620     
       59350  -3154.6564853834998     
       59400  -3151.9597002837436     
       59450  -3149.2673288934734     
       59500  -3146.5789501611689     
       59550  -3143.8937489771215     
       59600  -3141.2126447478345     
       59650  -3138.5481236515479     
       59700  -3135.8861232294826     
       59750  -3133.2009205063173     
       59800  -3130.5101743506834     
       59850  -3127.7813163613723     
       59900  -3125.0451556288122     
       59950  -3122.3135589675321     
       60000  -3119.5865282250625     
       60050  -3116.8640519961100     
       60100  -3114.1461056776880     
       60150  -3111.4326779732619     
       60200  -3108.7237576238267     
       60250  -3106.0193334077512     
       60300  -3103.3193941406248     
       60350  -3100.6239286751006     
       60400  -3097.9329259007445     
       60450  -3095.2464200494351     
       60500  -3092.5654673155336     
       60550  -3089.9070425320756     
       60600  -3087.2515269025475     
       60650  -3084.5994061703864     
       60700  -3081.9477273361085     
       60750  -3079.3001747402668     
       60800  -3076.6802277609986     
       60850  -3074.0553588137559     
       60900  -3071.4267324187067     
       60950  -3068.8130376359923     
       61000  -3066.2123934420024     
       61050  -3063.6162797342554     
       61100  -3060.9760763204645     
       61150  -3058.3031543150923     
       61200  -3055.6607761708979     
       61250  -3052.9878183424403     
       61300  -3050.3055598707369     
       61350  -3047.6444097029789     
       61400  -3045.0237463519629     
       61450  -3042.3988038191919     
       61500  -3039.7572127086437     
       61550  -3037.1154789032817     
       61600  -3034.4761852091474     
       61650  -3031.8352715792048     
       61700  -3029.1862685339570     
       61750  -3026.5625881766382     
       61800  -3023.9275093349520     
       61850  -3021.2875479777294     
       61900  -3018.6434234884537     
       61950  -3015.9992289586503     
       62000  -3013.3592992587337     
       62050  -3010.7236240788811     
       62100  -3008.0921931424750     
       62150  -3005.4647956663021     
       62200  -3002.8110070870057     
       62250  -3000.1565207475824     
       62300  -2997.5038168310766     
       62350  -2994.8501533931103     
       62400  -2992.2005656236715     
       62450  -2989.5573224146478     
       62500  -2986.9150670192175     
       62550  -2984.2572367096577     
       62600  -2981.6054176203215     
       62650  -2978.9549508516852     
       62700  -2976.2499046184876     
       62750  -2973.5404369548401     
       62800  -2970.8894031999703     
       62850  -2968.2668161852612     
       62900  -2965.6099067512914     
       62950  -2962.9341460336955     
       63000  -2960.2866595598616     
       63050  -2957.6298526557871     
       63100  -2954.9733885831811     
       63150  -2952.3214745085043     
       63200  -2949.6059331210813     
       63250  -2946.8917269881249     
       63300  -2944.1916166347387     
       63350  -2941.4963516746666     
       63400  -2938.8008237122117     
       63450  -2936.1100210425798     
       63500  -2933.3872056216878     
       63550  -2930.6822346220983     
       63600  -2927.9879774402075     
       63650  -2925.3001070537994     
       63700  -2922.6185471770432     
       63750  -2919.9418301260353     
       63800  -2917.2727137997381     
       63850  -2914.6390217076469     
       63900  -2911.9987554985023     
       63950  -2909.3438866574988     
       64000  -2906.6776523720564     
       64050  -2904.0168908140104     
       64100  -2901.3554857669310     
       64150  -2898.7050518364654     
       64200  -2896.0564074602130     
       64250  -2893.4499283132709     
       64300  -2890.8593446628543     
       64350  -2888.2727867834560     
       64400  -2885.6831681860417     
       64450  -2883.0829677838542     
       64500  -2880.4849061883424     
       64550  -2877.8837404380820     
       64600  -2875.2650694646304     
       64650  -2872.6455035825770     
       64700  -2870.0300385529058     
       64750  -2867.4186128514657     
       64800  -2864.8112171279599     
       64850  -2862.2092706263825     
       64900  -2859.6460607740096     
       64950  -2857.0983762981309     
       65000  -2854.5532540694667     
       65050  -2852.0238599985682     
       65100  -2849.4999103733044     
       65150  -2846.9739520038606     
       65200  -2844.4511993351907     
       65250  -2841.9322954269305     
       65300  -2839.4172489519142     
       65350  -2836.9084729235210     
       65400  -2834.4047589486677     
       65450  -2831.9054191012724     
       65500  -2829.4106849254845     
       65550  -2826.9199304421568     
       65600  -2824.4362555239832     
       65650  -2821.9565016493066     
       65700  -2819.4805221336478     
       65750  -2817.0059952536103     
       65800  -2814.5339586773066     
       65850  -2812.0970171279364     
       65900  -2809.6875278541984     
       65950  -2807.2713985111563     
       66000  -2804.8506705887780     
       66050  -2802.4144132704255     
       66100  -2799.9711229152113     
       66150  -2797.5273088130284     
       66200  -2795.1003392090979     
       66250  -2792.6598001805946     
       66300  -2790.2131520975081     
       66350  -2787.7565963292468     
       66400  -2785.2997196172305     
       66450  -2782.8465402366091     
       66500  -2780.3970498475373     
       66550  -2777.9513235702020     
       66600  -2775.5077065470978     
       66650  -2773.0729455937799     
       66700  -2770.6570040485390     
       66750  -2768.2435316951537     
       66800  -2765.8321985661960     
       66850  -2763.4250347139009     
       66900  -2761.0304350485067     
       66950  -2758.6427298514059     
       67000  -2756.2854535470897     
       67050  -2753.9500507384446     
       67100  -2751.6173569738494     
       67150  -2749.2771691769099     
       67200  -2746.9193004442427     
       67250  -2744.5685735587617     
       67300  -2742.2088977684875     
       67350  -2739.8475153097775     
       67400  -2737.4911462578571     
       67450  -2735.1382707108319     
       67500  -2732.7888809053579     
       67550  -2730.4459426603694     
       67600  -2728.1145993326618     
       67650  -2725.7771673634720     
       67700  -2723.4395055719742     
       67750  -2721.1052942037854     
       67800  -2718.7723586317384     
       67850  -2716.4430283921029     
       67900  -2714.1137215099739     
       67950  -2711.7879611222334     
       68000  -2709.4655705875721     
       68050  -2707.1334038328805     
       68100  -2704.8200965576511     
       68150  -2702.5181582339387     
       68200  -2700.2064191230984     
       68250  -2697.9110100817202     
       68300  -2695.6403399588653     
       68350  -2693.3585856330724     
       68400  -2691.0428638919498     
       68450  -2688.7362397463598     
       68500  -2686.4591329992732     
       68550  -2684.1904211366127     
       68600  -2681.9124540951516     
       68650  -2679.6556619351536     
       68700  -2677.3919153500833     
       68750  -2675.1316695025794     
       68800  -2672.8732462151684     
       68850  -2670.6072836541739     
       68900  -2668.3453319740747     
       68950  -2666.1136153340267     
       69000  -2663.9103272492071     
       69050  -2661.7105867322725     
       69100  -2659.4677791200675     
       69150  -2657.2198370508386     
       69200  -2654.9721876178187     
       69250  -2652.7424909156643     
       69300  -2650.5329964278453     
       69350  -2648.3268522962794     
       69400  -2646.1248690540097     
       69450  -2643.9235755932214     
       69500  -2641.7254494611529     
       69550  -2639.5332184183217     
       69600  -2637.3537771234001     
       69650  -2635.1769841336909     
       69700  -2632.9861139487816     
       69750  -2630.8009018611933     
       69800  -2628.6320291047182     
       69850  -2626.4675547319439     
       69900  -2624.3164040778679     
       69950  -2622.1619731603714     
       70000  -2619.9937718099864     
       70050  -2617.8039546395826     
       70100  -2615.6075782773760     
       70150  -2613.4143328864629     
       70200  -2611.2242117767332     
       70250  -2609.0338376063032     
       70300  -2606.8554521265401     
       70350  -2604.6931882979939     
       70400  -2602.5357812026323     
       70450  -2600.3854799644150     
       70500  -2598.2420683824735     
       70550  -2596.1010683098139     
       70600  -2593.9632157803021     
       70650  -2591.8157191244491     
       70700  -2589.6697184042405     
       70750  -2587.5267509005971     
       70800  -2585.3931085507334     
       70850  -2583.2717898760584     
       70900  -2581.1539824585461     
       70950  -2579.0397401106288     
       71000  -2576.9409100375942     
       71050  -2574.8437749036943     
       71100  -2572.7495893269447     
       71150  -2570.6583470890237     
       71200  -2568.5700419890777     
       71250  -2566.4846678436575     
       71300  -2564.4022184866603     
       71350  -2562.3226877692664     
       71400  -2560.2460695598802     
       71450  -2558.1723577440689     
       71500  -2556.0859964213319     
       71550  -2553.9714673404496     
       71600  -2551.8598915124735     
       71650  -2549.7507572136278     
       71700  -2547.6438067418253     
       71750  -2545.5400038787088     
       71800  -2543.4389923680878     
       71850  -2541.3460575273207     
       71900  -2539.2578351502357     
       71950  -2537.1839616833117     
       72000  -2535.1120935811714     
       72050  -2533.0336975986952     
       72100  -2530.9572173526417     
       72150  -2528.9447884507408     
       72200  -2526.9386247482153     
       72250  -2524.9155548096537     
       72300  -2522.8499988487729     
       72350  -2520.7841600050201     
       72400  -2518.7321806735727     
       72450  -2516.6862933557650     
       72500  -2514.6434708547567     
       72550  -2512.6065109349765     
       72600  -2510.5717284808707     
       72650  -2508.5421368620428     
       72700  -2506.5194621476794     
       72750  -2504.4932144213485     
       72800  -2502.4461652005398     
       72850  -2500.3975712134270     
       72900  -2498.3570876144518     
       72950  -2496.3327777301929     
       73000  -2494.3257289061003     
       73050  -2492.3179609687809     
       73100  -2490.3129396360273     
       73150  -2488.3256445161992     
       73200  -2486.3567853222135     
       73250  -2484.3782755156258     
       73300  -2482.3909617353911     
       73350  -2480.4042087119014     
       73400  -2478.4201624364000     
       73450  -2476.4430021428252     
       73500  -2474.4692902571169     
       73550  -2472.4964517565168     
       73600  -2470.5262937430098     
       73650  -2468.5611294123701     
       73700  -2466.5888874240459     
       73750  -2464.6326596126924     
       73800  -2462.6848465413686     
       73850  -2460.7280807244847     
       73900  -2458.7839318366919     
       73950  -2456.8478254017805     
       74000  -2454.9128729107906     
       74050  -2452.9733374263228     
       74100  -2451.0265315288261     
       74150  -2449.1005556081577     
       74200  -2447.1744100598462     
       74250  -2445.2402575715641     
       74300  -2443.3113048536693     
       74350  -2441.3919315525527     
       74400  -2439.4672997561483     
       74450  -2437.5393027513260     
       74500  -2435.5683688182653     
       74550  -2433.6148904277693     
       74600  -2431.6678928631632     
       74650  -2429.7007509709342     
       74700  -2427.7367195768475     
       74750  -2425.7767053025973     
       74800  -2423.8213641947914     
       74850  -2421.8290213053992     
       74900  -2419.8430536445167     
       74950  -2417.8412006340354     
       75000  -2415.8336435369238     
       75050  -2413.7894296105660     
       75100  -2411.7552879335690     
       75150  -2409.7268401955316     
       75200  -2407.6779472286066     
       75250  -2405.6691649863187     
       75300  -2403.6630504495320     
       75350  -2401.6597049216762     
       75400  -2399.6500948609455     
       75450  -2397.6415779945742     
       75500  -2395.6390175775778     
       75550  -2393.6397347853904     
       75600  -2391.6357030581039     
       75650  -2389.6793424937237     
       75700  -2387.7243669579580     
       75750  -2385.7396076222817     
       75800  -2383.7429711721093     
       75850  -2381.7461937783460     
       75900  -2379.7409862756181     
       75950  -2377.7776592141204     
       76000  -2375.8173759332517     
       76050  -2373.8574538744374     
       76100  -2371.9171356073530     
       76150  -2369.9820806822181     
       76200  -2368.0426685140596     
       76250  -2366.1113146258417     
       76300  -2364.2001442772435     
       76350  -2362.2935778966839     
       76400  -2360.3882603384341     
       76450  -2358.4804060834554     
       76500  -2356.5746469069550     
       76550  -2354.6727903712053     
       76600  -2352.7751954256123     
       76650  -2350.8800761420489     
       76700  -2348.9883580451369     
       76750  -2347.1033704011056     
       76800  -2345.2270374329446     
       76850  -2343.3497221430657     
       76900  -2341.4798025838377     
       76950  -2339.6103767214513     
       77000  -2337.7428154769932     
       77050  -2335.8743179810167     
       77100  -2334.0090789803558     
       77150  -2332.1492335799257     
       77200  -2330.2808858552721     
       77250  -2328.4069182691287     
       77300  -2326.5326037168597     
       77350  -2324.6660604371914     
       77400  -2322.8026607966463     
       77450  -2320.9438398940852     
       77500  -2319.1039911136172     
       77550  -2317.2568360403602     
       77600  -2315.4171701936016     
       77650  -2313.5792396577945     
       77700  -2311.7455118488861     
       77750  -2309.9171086156261     
       77800  -2308.0940277376003     
       77850  -2306.2728765959532     
       77900  -2304.4543331605523     
       77950  -2302.6381226865824     
       78000  -2300.8242406875788     
       78050  -2299.0107545191549     
       78100  -2297.1985256178109     
       78150  -2295.3886156274084     
       78200  -2293.5810200999099     
       78250  -2291.7757345986442     
       78300  -2289.9727546982740     
       78350  -2288.1720759847585     
       78400  -2286.3736940553163     
       78450  -2284.5772527668514     
       78500  -2282.7842770195707     
       78550  -2280.9907806352680     
       78600  -2279.1995660529806     
       78650  -2277.4272347686870     
       78700  -2275.6613203454872     
       78750  -2273.8935579073845     
       78800  -2272.1178453445918     
       78850  -2270.3444982349297     
       78900  -2268.5730033200271     
       78950  -2266.7714433269198     
       79000  -2264.9752244496685     
       79050  -2263.1885958916218     
       79100  -2261.4042260296028     
       79150  -2259.6227545540892     
       79200  -2257.8286112575915     
       79250  -2256.0202204798625     
       79300  -2254.2174382132830     
       79350  -2252.4414781792043     
       79400  -2250.6684056282561     
       79450  -2248.8985002708459     
       79500  -2247.1158297995999     
       79550  -2245.3353146317800     
       79600  -2243.5565731562342     
       79650  -2241.7800648777707     
       79700  -2240.0027198128805     
       79750  -2238.2061832160507     
       79800  -2236.4123436978043     
       79850  -2234.6207506911651     
       79900  -2232.8313999786515     
       79950  -2231.0442873533329     
       80000  -2229.2594086187960     
