  0.28647338303260494       0.83555399194393376        1.3411443391602332E-002   4.4704811305341105E-003   78.001527160466551     
  0.33781900819133087        5.7094481701438778E-002   1.3411443391602332E-002   4.4704811305341105E-003   128.82116215084622     
  0.11139358217387280       0.35839652557952717        1.3411443391602332E-002   4.4704811305341105E-003   116.04548063542036     
  0.24891265761479234       0.55659348487811755        1.3411443391602332E-002   4.4704811305341105E-003   136.72236196738706     
  0.52320862582000416       0.98704119134329993        1.3411443391602332E-002   4.4704811305341105E-003   85.354982361511048     
   7.1652873024592612E-002  0.99497264813904907        1.3411443391602332E-002   4.4704811305341105E-003   50.392125333580488     
  0.83615309410031780       0.39151444517891215        1.3411443391602332E-002   4.4704811305341105E-003   160.30804525999531     
  0.46869524674340196       0.64072295103006871        1.3411443391602332E-002   4.4704811305341105E-003   63.712811145972907     
  0.58789628836119034       0.62334980109141536        1.3411443391602332E-002   4.4704811305341105E-003   94.428432863632580     
   1.1749795575209271E-002  0.42173615936844644        1.3411443391602332E-002   4.4704811305341105E-003   39.868568433368722     
  0.49934347931174000       0.68145135141678093        1.3411443391602332E-002   4.4704811305341105E-003   36.722133937003740     
   3.9787728936922215E-002  0.60471812979441142        1.3411443391602332E-002   4.4704811305341105E-003   24.156952686068127     
  0.20529539868018187       0.19555717989514798        1.3411443391602332E-002   4.4704811305341105E-003   155.31884990008646     
   7.9707962189538850E-002  0.94556711722415110        1.3411443391602332E-002   4.4704811305341105E-003   31.796509497427994     
  0.52653754115497664       0.78275065425224111        1.3411443391602332E-002   4.4704811305341105E-003   139.66493676347642     
  0.18756017718968657       0.79777770631987732        1.3411443391602332E-002   4.4704811305341105E-003   77.389692107273177     
  0.89365236015798921       0.73253713936704590        1.3411443391602332E-002   4.4704811305341105E-003   14.000797840565360     
  0.91935667323068371       0.88595963077778894        1.3411443391602332E-002   4.4704811305341105E-003   139.73818976350412     
  0.41319084853480087       0.63301731868033928        1.3411443391602332E-002   4.4704811305341105E-003   78.898041369548793     
  0.55991308416071028        8.2001583258367913E-002   1.3411443391602332E-002   4.4704811305341105E-003   134.23714024068647     
  0.96985093306224568        1.8798135224313936E-002   1.3411443391602332E-002   4.4704811305341105E-003   43.907876319330867     
  0.21428615683284966       0.41434333641978954        1.3411443391602332E-002   4.4704811305341105E-003   32.131206329051658     
  0.19401889968294894       0.65268309425923465        1.3411443391602332E-002   4.4704811305341105E-003   61.158619275774164     
  0.20183037955372324       0.41254927555343457        1.3411443391602332E-002   4.4704811305341105E-003   173.48188743365949     
  0.57074474665999086       0.54684661023058001        1.3411443391602332E-002   4.4704811305341105E-003   133.02651232795492     
  0.51207841958601508        5.8394070482660640E-002   1.3411443391602332E-002   4.4704811305341105E-003   127.41100758567249     
  0.18462057515431846       0.49953474591738001        1.3411443391602332E-002   4.4704811305341105E-003   103.20352528840287     
  0.95799958005475072       0.96313578342832695        1.3411443391602332E-002   4.4704811305341105E-003   79.148383815825269     
  0.48803960748286868       0.68164668424414165        1.3411443391602332E-002   4.4704811305341105E-003   138.03720952135646     
  0.20184825728699560       0.19153767389710649        1.3411443391602332E-002   4.4704811305341105E-003   133.25368668467888     
  0.17991257825531554       0.49747519407637902        1.3411443391602332E-002   4.4704811305341105E-003   122.62281911328417     
  0.34597415568999496       0.25052498518908561        1.3411443391602332E-002   4.4704811305341105E-003   89.388043377308037     
  0.32994440744394649       0.20034707853332340        1.3411443391602332E-002   4.4704811305341105E-003   159.17992051355228     
  0.24241926453465895       0.39317522518074155        1.3411443391602332E-002   4.4704811305341105E-003   145.22899102557648     
  0.42316415098574378       0.47021129599579586        1.3411443391602332E-002   4.4704811305341105E-003   178.08679550507927     
  0.75372748755892482       0.23247369747331792        1.3411443391602332E-002   4.4704811305341105E-003   19.915557603734729     
  0.98271235714562166       0.29554683298909940        1.3411443391602332E-002   4.4704811305341105E-003   174.05317705498078     
  0.31517168510535026       0.92424622671912027        1.3411443391602332E-002   4.4704811305341105E-003   130.21602760342060     
  0.22866929864280067       0.46380465294671480        1.3411443391602332E-002   4.4704811305341105E-003   67.212090317172780     
  0.50617675700256715       0.87340147904400278        1.3411443391602332E-002   4.4704811305341105E-003   173.23133073056263     
   6.8347270636232610E-002  0.99840079944221993        1.3411443391602332E-002   4.4704811305341105E-003   46.873721301213983     
   9.9644255460875575E-002   9.8856471733363371E-002   1.3411443391602332E-002   4.4704811305341105E-003   138.01738723506125     
  0.67437208512397662       0.25972875076174046        1.3411443391602332E-002   4.4704811305341105E-003   126.75888828397983     
   7.1784578194969764E-002  0.82701427296502139        1.3411443391602332E-002   4.4704811305341105E-003   74.413474742623677     
  0.18500966449167866       0.23158405095376283        1.3411443391602332E-002   4.4704811305341105E-003   64.963343379732308     
  0.30555026734361390        7.6381273615595449E-002   1.3411443391602332E-002   4.4704811305341105E-003   106.28888351030422     
  0.63404300216338827       0.95703164430677090        1.3411443391602332E-002   4.4704811305341105E-003   132.39291410352922     
  0.97179091582224253       0.28670480529040232        1.3411443391602332E-002   4.4704811305341105E-003   116.79387032146518     
  0.61701692040055434       0.19059526343135738        1.3411443391602332E-002   4.4704811305341105E-003   167.58453804961667     
   5.7930247512435681E-002  0.63451182093026970        1.3411443391602332E-002   4.4704811305341105E-003   41.485969502156337     
  0.62866071034981363       0.44547481918402987        1.3411443391602332E-002   4.4704811305341105E-003   115.10400113991467     
   4.6281623010502433E-002  0.90431117517249637        1.3411443391602332E-002   4.4704811305341105E-003   41.403358139929097     
  0.56650827273409965       0.70120169327916282        1.3411443391602332E-002   4.4704811305341105E-003   175.45399634800370     
  0.10368713395931663       0.48753611332891333        1.3411443391602332E-002   4.4704811305341105E-003   163.74810770274564     
  0.34901698421477356       0.66660752182605298        1.3411443391602332E-002   4.4704811305341105E-003   102.55288447998241     
   7.6385524637607255E-002   9.5969581956294528E-002   1.3411443391602332E-002   4.4704811305341105E-003   141.68464406914762     
  0.27322054502301713       0.73418133336838853        1.3411443391602332E-002   4.4704811305341105E-003   103.79682690917062     
  0.94275747231952089       0.42584542973885980        1.3411443391602332E-002   4.4704811305341105E-003   44.291860042283332     
  0.31890201148370206       0.75553339382791140        1.3411443391602332E-002   4.4704811305341105E-003   71.682824256615746     
  0.17817724128902362       0.58135059073031747        1.3411443391602332E-002   4.4704811305341105E-003   21.547802660178029     
   3.2675644958460315E-003  0.67933172520953811        1.3411443391602332E-002   4.4704811305341105E-003   64.367397098675724     
  0.45838733486343319        3.6762511790965416E-002   1.3411443391602332E-002   4.4704811305341105E-003   30.949159290957503     
   6.9158003987996694E-002  0.33121534846648237        1.3411443391602332E-002   4.4704811305341105E-003   10.919649019683789     
  0.25200089803300019       0.81211708248694348        1.3411443391602332E-002   4.4704811305341105E-003   94.853750478508317     
  0.73295004913364992       0.57734130334431955        1.3411443391602332E-002   4.4704811305341105E-003   118.07467569892641     
  0.71178798033440149       0.66830751414041623        1.3411443391602332E-002   4.4704811305341105E-003   88.533992538642778     
  0.15945041910726374        2.4520795296618922E-002   1.3411443391602332E-002   4.4704811305341105E-003   88.378051456825048     
  0.60673553911144806       0.39950004615995355        1.3411443391602332E-002   4.4704811305341105E-003   152.86628593370983     
  0.46721213041889220        4.4944167725026012E-002   1.3411443391602332E-002   4.4704811305341105E-003   154.08032549397444     
  0.73713089880465887        3.0756097422777635E-002   1.3411443391602332E-002   4.4704811305341105E-003   78.186659680384267     
  0.95357544234555969       0.73706777070734864        1.3411443391602332E-002   4.4704811305341105E-003   12.661969384768700     
  0.41708373321217440       0.12765770446769306        1.3411443391602332E-002   4.4704811305341105E-003   61.704699492966498     
  0.86581384488543445       0.82961193001956901        1.3411443391602332E-002   4.4704811305341105E-003   1.0912977560704462     
  0.13646039846370672       0.40130957967760011        1.3411443391602332E-002   4.4704811305341105E-003   178.87254229777776     
  0.41022521874784840       0.23148108396384331        1.3411443391602332E-002   4.4704811305341105E-003   138.25986802558810     
  0.60753102128933445       0.26534686843758870        1.3411443391602332E-002   4.4704811305341105E-003   159.64459717729630     
  0.57841316399276110       0.54857306145765350        1.3411443391602332E-002   4.4704811305341105E-003   74.884920552940201     
  0.26596733867292488       0.22202795937603262        1.3411443391602332E-002   4.4704811305341105E-003   51.307076872140883     
  0.64507214454569506       0.86280321640114155        1.3411443391602332E-002   4.4704811305341105E-003   174.42224435200487     
  0.47652649792030649       0.39838096942339873        1.3411443391602332E-002   4.4704811305341105E-003   148.25453968911236     
  0.71597899821585831       0.89362800787176622        1.3411443391602332E-002   4.4704811305341105E-003   156.43666914692938     
  0.98550045025728217       0.87666145304971665        1.3411443391602332E-002   4.4704811305341105E-003   33.521475239342728     
  0.24117690911422593       0.13137869787406917        1.3411443391602332E-002   4.4704811305341105E-003   49.529269111802748     
  0.39371898949110667       0.91296667707036327        1.3411443391602332E-002   4.4704811305341105E-003   54.513515290640669     
   9.4997476018485863E-002   9.5791747759454052E-002   1.3411443391602332E-002   4.4704811305341105E-003   119.48719302653865     
  0.17048960779471348       0.50351272929369895        1.3411443391602332E-002   4.4704811305341105E-003   9.7379179230067052     
  0.11294367664593638       0.51886582405466986        1.3411443391602332E-002   4.4704811305341105E-003   124.24236509301736     
  0.13995668550623333       0.93809552245145389        1.3411443391602332E-002   4.4704811305341105E-003   144.23279408844536     
  0.61394605990485152       0.17144817079773186        1.3411443391602332E-002   4.4704811305341105E-003   125.84940360519074     
  0.55706880836786032       0.11840484323507114        1.3411443391602332E-002   4.4704811305341105E-003   47.399355087403755     
  0.92713050902367344       0.55774272853287454        1.3411443391602332E-002   4.4704811305341105E-003   89.854833668405604     
   9.3968949397243193E-002  0.14673934838340480        1.3411443391602332E-002   4.4704811305341105E-003   65.959216204487433     
  0.22148002546425999       0.98743286853615519        1.3411443391602332E-002   4.4704811305341105E-003   160.52825747751717     
  0.27556971979015554       0.23286731737128905        1.3411443391602332E-002   4.4704811305341105E-003   54.338728939319012     
  0.64438532301978346       0.48539913227522385        1.3411443391602332E-002   4.4704811305341105E-003   75.928671020053812     
  0.61709423600241331        3.7038638454669023E-002   1.3411443391602332E-002   4.4704811305341105E-003   135.34204309879513     
  0.40078689496162262       0.97087765644642510        1.3411443391602332E-002   4.4704811305341105E-003   115.12045929103112     
  0.28196782774666973       0.42258827397060550        1.3411443391602332E-002   4.4704811305341105E-003   30.227018307799725     
  0.31111980001854933        8.0185515476769373E-002   1.3411443391602332E-002   4.4704811305341105E-003   149.05816155320201     
  0.46213056719517909       0.39643544993235341        1.3411443391602332E-002   4.4704811305341105E-003   75.642344666225512     
  0.88845219158330835       0.73817426333008640        1.3411443391602332E-002   4.4704811305341105E-003   72.976696666804699     
  0.92847137787425515       0.72801293531130462        1.3411443391602332E-002   4.4704811305341105E-003   2.8578045249047612     
  0.99449810081062906       0.12094741913408941        1.3411443391602332E-002   4.4704811305341105E-003   87.716486200877142     
  0.94298472201439532       0.74181136944812665        1.3411443391602332E-002   4.4704811305341105E-003   126.79085635986307     
  0.46796695397035803       0.84711822664784919        1.3411443391602332E-002   4.4704811305341105E-003   139.36233185804363     
  0.62434998616970871       0.96647101596956619        1.3411443391602332E-002   4.4704811305341105E-003   137.87421409567264     
  0.35776328481096731       0.86973362695224088        1.3411443391602332E-002   4.4704811305341105E-003   98.629066917566035     
  0.96031759289419061       0.95090451312438862        1.3411443391602332E-002   4.4704811305341105E-003   104.82119974205364     
  0.15640859163932397       0.54609228918321107        1.3411443391602332E-002   4.4704811305341105E-003   117.93994156592295     
  0.45007969457818464       0.35659642101221972        1.3411443391602332E-002   4.4704811305341105E-003   153.43653544858353     
  0.61297075110230903        3.3695016174039562E-002   1.3411443391602332E-002   4.4704811305341105E-003   123.70317252248974     
  0.82853437296238885       0.32634911856707138        1.3411443391602332E-002   4.4704811305341105E-003   87.339440791566119     
  0.13542075607151746       0.39591136722926357        1.3411443391602332E-002   4.4704811305341105E-003   151.98535319499442     
  0.81556629984430451       0.66280398382816563        1.3411443391602332E-002   4.4704811305341105E-003   43.422917040040694     
  0.10705950773613532       0.35625741479164275        1.3411443391602332E-002   4.4704811305341105E-003   122.96466598473332     
  0.75383887887996037       0.53209007204139280        1.3411443391602332E-002   4.4704811305341105E-003   91.314772972024855     
   7.3085081862393750E-002  0.68068661334075731        1.3411443391602332E-002   4.4704811305341105E-003   127.65434575761640     
  0.10177244930804918       0.57750845956633734        1.3411443391602332E-002   4.4704811305341105E-003   34.667803332099361     
  0.46686177779140470       0.39551280729061022        1.3411443391602332E-002   4.4704811305341105E-003   68.436914997705145     
  0.53043416460389325       0.41662739346865624        1.3411443391602332E-002   4.4704811305341105E-003   156.87989622647464     
  0.26065583566865563       0.22451326884095218        1.3411443391602332E-002   4.4704811305341105E-003   73.582623387231948     
  0.44836797895421304       0.50351094561747356        1.3411443391602332E-002   4.4704811305341105E-003   161.26204087411679     
  0.75344806253331309       0.54391356291635495        1.3411443391602332E-002   4.4704811305341105E-003   69.720688805337318     
  0.42541659395793457       0.44780405189990447        1.3411443391602332E-002   4.4704811305341105E-003   145.58347245938845     
  0.94091709393840051       0.45464564817051184        1.3411443391602332E-002   4.4704811305341105E-003   8.5103518273122258     
  0.29209952572848119       0.82956842491422900        1.3411443391602332E-002   4.4704811305341105E-003   13.272526076605878     
  0.63531440914452386       0.64398606006883929        1.3411443391602332E-002   4.4704811305341105E-003   105.50785578888268     
   8.8924715256597578E-002  0.15259570833498790        1.3411443391602332E-002   4.4704811305341105E-003   12.111968984369826     
  0.95744372524993315        1.9534952608398777E-002   1.3411443391602332E-002   4.4704811305341105E-003   104.37374937989225     
  0.28034656475644398       0.10458394106658843        1.3411443391602332E-002   4.4704811305341105E-003   152.77131172831241     
  0.26190034859732980        4.9615320165499577E-002   1.3411443391602332E-002   4.4704811305341105E-003   46.693839697854770     
  0.32406006907632567       0.75293784244009765        1.3411443391602332E-002   4.4704811305341105E-003   42.380187572127184     
  0.42215475397361485       0.46539100187223242        1.3411443391602332E-002   4.4704811305341105E-003   163.48488193318019     
  0.96300400079011339       0.76729721028064946        1.3411443391602332E-002   4.4704811305341105E-003   80.301997497291197     
  0.10397001398301940       0.88698661501984832        1.3411443391602332E-002   4.4704811305341105E-003   133.12628787161523     
  0.76722946700517836       0.92621860529097999        1.3411443391602332E-002   4.4704811305341105E-003   51.251977897211034     
  0.57434347966049382       0.81538898236002610        1.3411443391602332E-002   4.4704811305341105E-003   76.113659523968138     
  0.98991216991636044       0.12165978391567507        1.3411443391602332E-002   4.4704811305341105E-003   86.638502839846879     
  0.13040316983854233       0.78994217578607939        1.3411443391602332E-002   4.4704811305341105E-003   4.9485650163274393     
  0.39582465670737788       0.95832969276920144        1.3411443391602332E-002   4.4704811305341105E-003   64.140526300968943     
  0.40839742733792450       0.77990492294790115        1.3411443391602332E-002   4.4704811305341105E-003   137.88028778430277     
  0.24497372570726408       0.82013730096726623        1.3411443391602332E-002   4.4704811305341105E-003   129.57293960833917     
  0.30226944664514888       0.97882075560963111        1.3411443391602332E-002   4.4704811305341105E-003   148.30037133699824     
   7.1145536659173544E-002  0.20548081711817012        1.3411443391602332E-002   4.4704811305341105E-003   103.73891439279900     
  0.32269029722040643       0.55039669777109390        1.3411443391602332E-002   4.4704811305341105E-003   36.780079881570686     
  0.82172428412034937       0.32776367234084253        1.3411443391602332E-002   4.4704811305341105E-003   45.830726909736079     
  0.24157806539162599       0.35511319665018698        1.3411443391602332E-002   4.4704811305341105E-003   126.21903655567117     
  0.85045206043063759       0.88220295589370301        1.3411443391602332E-002   4.4704811305341105E-003   115.25882548210220     
  0.76836567922836096       0.63872255981288695        1.3411443391602332E-002   4.4704811305341105E-003   139.93093146133680     
  0.48199922873922912       0.73003985076400502        1.3411443391602332E-002   4.4704811305341105E-003   37.488486872297429     
  0.63890772708601240       0.44106335788543094        1.3411443391602332E-002   4.4704811305341105E-003   7.6064261403150022     
  0.10439942072795273       0.85352261188542222        1.3411443391602332E-002   4.4704811305341105E-003   89.960450365505309     
  0.58331837690617905       0.47360847576081416        1.3411443391602332E-002   4.4704811305341105E-003   146.39394514308563     
  0.66836937713768096       0.77829865356701444        1.3411443391602332E-002   4.4704811305341105E-003   67.977732398131522     
  0.39617230415286070       0.57477679150988703        1.3411443391602332E-002   4.4704811305341105E-003   160.04966099966373     
  0.41118658288726639       0.78419388640698773        1.3411443391602332E-002   4.4704811305341105E-003   158.01293134181728     
  0.93565618451354327       0.21601554387168329        1.3411443391602332E-002   4.4704811305341105E-003   38.635078062527626     
  0.44876877708396812       0.50854842517754695        1.3411443391602332E-002   4.4704811305341105E-003   1.7091599324618270     
   7.7419764047230541E-002  0.95028221491433940        1.3411443391602332E-002   4.4704811305341105E-003   7.6828904627103682     
  0.81587485281541916        4.0335903593333271E-002   1.3411443391602332E-002   4.4704811305341105E-003   165.73541328520989     
  0.92683282935025735       0.20933200434889712        1.3411443391602332E-002   4.4704811305341105E-003   69.366665985512839     
  0.47932647478120166       0.91290496333481996        1.3411443391602332E-002   4.4704811305341105E-003   166.51471257850091     
  0.88392183522707291       0.93469190533189228        1.3411443391602332E-002   4.4704811305341105E-003   133.23674413730541     
  0.54463546760498138       0.49746027915061097        1.3411443391602332E-002   4.4704811305341105E-003   110.63669790146839     
  0.32585129496941329       0.54662586393520796        1.3411443391602332E-002   4.4704811305341105E-003   40.002618820510136     
  0.47767103678305983       0.53220268870046472        1.3411443391602332E-002   4.4704811305341105E-003   177.13647333793352     
  0.18234432731001010       0.69886498673645903        1.3411443391602332E-002   4.4704811305341105E-003   75.304009861704358     
  0.80855495974864000       0.70280536204298416        1.3411443391602332E-002   4.4704811305341105E-003   79.064590489021583     
  0.46724399437969366       0.89608513869959605        1.3411443391602332E-002   4.4704811305341105E-003   174.22283347437198     
  0.12944818558184909       0.94617437798995885        1.3411443391602332E-002   4.4704811305341105E-003   123.47649436863227     
  0.40235163903349469       0.23037223578509652        1.3411443391602332E-002   4.4704811305341105E-003   76.389030270542762     
  0.26802012174469902       0.73302819211475145        1.3411443391602332E-002   4.4704811305341105E-003   110.89443675523023     
  0.84329023483491583       0.31829982908850207        1.3411443391602332E-002   4.4704811305341105E-003   30.636677454280395     
  0.53895325487957191       0.50840504791877050        1.3411443391602332E-002   4.4704811305341105E-003   104.66328856296813     
  0.63754842395318878       0.77907878464926039        1.3411443391602332E-002   4.4704811305341105E-003   10.372392761359636     
  0.67795279797839803       0.78445966006862988        1.3411443391602332E-002   4.4704811305341105E-003   177.18481838945743     
   8.6324961309863266E-002   9.6474630324035887E-002   1.3411443391602332E-002   4.4704811305341105E-003   51.979864806536838     
  0.74561211075120204       0.23750393584704216        1.3411443391602332E-002   4.4704811305341105E-003   101.23952878050503     
  0.12932963249706816       0.31569624735317586        1.3411443391602332E-002   4.4704811305341105E-003   84.431255032148513     
  0.17565314308776483       0.76350033969771403        1.3411443391602332E-002   4.4704811305341105E-003   80.708814539597029     
  0.68432522416434416       0.25449038057961504        1.3411443391602332E-002   4.4704811305341105E-003   149.50935108973403     
  0.86570901594527183       0.41784850279096764        1.3411443391602332E-002   4.4704811305341105E-003   28.276586161465303     
   8.3876804810345512E-002  0.67937041680118548        1.3411443391602332E-002   4.4704811305341105E-003   16.998742595032379     
  0.50853709451731344       0.86863807077297739        1.3411443391602332E-002   4.4704811305341105E-003   8.0863296006983223     
  0.40932791154452602       0.11836146501928874        1.3411443391602332E-002   4.4704811305341105E-003   58.286132536046800     
  0.72918988849795707       0.57322815513059810        1.3411443391602332E-002   4.4704811305341105E-003   142.96815826245262     
  0.62616465210337269       0.97227091012755806        1.3411443391602332E-002   4.4704811305341105E-003   175.27384363546813     
  0.24002591799084022       0.38920605024702304        1.3411443391602332E-002   4.4704811305341105E-003   154.30929468795193     
  0.93286472010731059       0.15268267921449982        1.3411443391602332E-002   4.4704811305341105E-003   68.509959144446313     
  0.86865783425055842       0.81932394692837762        1.3411443391602332E-002   4.4704811305341105E-003   40.710675115188309     
  0.10251023452762599       0.25503441700586671        1.3411443391602332E-002   4.4704811305341105E-003   46.139205538124081     
  0.17643732996525852       0.58620569868243266        1.3411443391602332E-002   4.4704811305341105E-003   11.168679804232802     
  0.35553099236621494       0.89315841051974143        1.3411443391602332E-002   4.4704811305341105E-003   74.000438308826304     
  0.24430949761903592       0.97713104636276338        1.3411443391602332E-002   4.4704811305341105E-003   170.52315291597881     
  0.61922646662197445       0.35667743301569144        1.3411443391602332E-002   4.4704811305341105E-003   72.929120946198367     
  0.18330951074068583        3.5223066171666678E-002   1.3411443391602332E-002   4.4704811305341105E-003   107.69193234053172     
  0.96707658971506272       0.50908435075542180        1.3411443391602332E-002   4.4704811305341105E-003   170.19696509523411     
  0.60608503512335432       0.18258584819510923        1.3411443391602332E-002   4.4704811305341105E-003   121.25748223177436     
  0.61100884992216187       0.18454135485264239        1.3411443391602332E-002   4.4704811305341105E-003   97.914087006681299     
  0.81710584968702304        3.4933551120883644E-002   1.3411443391602332E-002   4.4704811305341105E-003   7.2238450462589201     
  0.43477627035071442       0.37308596333715871        1.3411443391602332E-002   4.4704811305341105E-003   127.01957451047554     
   3.0288299604785587E-002  0.60964116453757788        1.3411443391602332E-002   4.4704811305341105E-003   110.66553010771518     
  0.40823007581702447       0.63434958691160959        1.3411443391602332E-002   4.4704811305341105E-003   60.119614528569961     
  0.18119327713313499       0.76119720350363551        1.3411443391602332E-002   4.4704811305341105E-003   49.794571347086951     
  0.85573989423585939       0.70161716511803163        1.3411443391602332E-002   4.4704811305341105E-003   128.55778419664674     
  0.28630814813393329       0.52289929778271382        1.3411443391602332E-002   4.4704811305341105E-003   26.412533005031428     
  0.22473843051636869       0.41153227138716142        1.3411443391602332E-002   4.4704811305341105E-003   132.26850165581453     
  0.57515579019129703       0.24082956429026972        1.3411443391602332E-002   4.4704811305341105E-003   34.916972867884994     
  0.32912861776554658       0.86522958210512069        1.3411443391602332E-002   4.4704811305341105E-003   179.84871622530784     
  0.42450050835789677       0.52277817830550821        1.3411443391602332E-002   4.4704811305341105E-003   21.768880768145831     
  0.27499105810509017       0.42550443518765713        1.3411443391602332E-002   4.4704811305341105E-003   85.398861568608879     
  0.55471267981868055       0.87930473726696334        1.3411443391602332E-002   4.4704811305341105E-003   94.659712755854997     
  0.80847207796994813       0.74016173047238265        1.3411443391602332E-002   4.4704811305341105E-003   70.108697707643373     
  0.36940932605718529       0.76053822667865456        1.3411443391602332E-002   4.4704811305341105E-003   128.02651889051967     
  0.54729248028530852       0.11801323373516978        1.3411443391602332E-002   4.4704811305341105E-003   129.10614660150492     
  0.92667097176112101       0.80057894114318329        1.3411443391602332E-002   4.4704811305341105E-003   56.271773130912671     
  0.64410293500957483       0.85711718749307364        1.3411443391602332E-002   4.4704811305341105E-003   23.718109726458479     
  0.47629958005677153       0.90692072494564724        1.3411443391602332E-002   4.4704811305341105E-003   145.41999876531767     
  0.36461295072149791       0.92022412563581102        1.3411443391602332E-002   4.4704811305341105E-003   69.073034041192344     
  0.28963301982375694       0.30829623364979186        1.3411443391602332E-002   4.4704811305341105E-003   48.352179437845592     
  0.17585411033605655        3.6154846185718931E-002   1.3411443391602332E-002   4.4704811305341105E-003   65.095128314143935     
  0.24537042146037821       0.97228193329089896        1.3411443391602332E-002   4.4704811305341105E-003   4.7991296429773893     
   6.4017367802207278E-002  0.82672822927735601        1.3411443391602332E-002   4.4704811305341105E-003   114.67392415822654     
  0.23878802920859696       0.56106150332643123        1.3411443391602332E-002   4.4704811305341105E-003   144.82593459785187     
  0.96197535072126694        2.0512249830326335E-002   1.3411443391602332E-002   4.4704811305341105E-003   104.22917899488482     
  0.52983001969498678       0.51389376763165429        1.3411443391602332E-002   4.4704811305341105E-003   5.6062259299350918     
  0.11311907044527721       0.88501155941365262        1.3411443391602332E-002   4.4704811305341105E-003   52.665352576903516     
  0.85947958342755604       0.70442406210760822        1.3411443391602332E-002   4.4704811305341105E-003   129.69523280560728     
  0.46441638513568922       0.64297827156661347        1.3411443391602332E-002   4.4704811305341105E-003   59.849608317584128     
  0.16838910114871095       0.75613806303306486        1.3411443391602332E-002   4.4704811305341105E-003   176.27531891078786     
  0.86634738953266333       0.82347881928265121        1.3411443391602332E-002   4.4704811305341105E-003   27.147774034440886     
   6.3322478964398729E-002  0.20784523694754728        1.3411443391602332E-002   4.4704811305341105E-003   38.595385001789658     
  0.52260862250895168       0.41201381963998024        1.3411443391602332E-002   4.4704811305341105E-003   81.726300356786481     
  0.71812841055160237       0.89847409936371248        1.3411443391602332E-002   4.4704811305341105E-003   132.75554841976685     
   2.6926963903607989E-002   1.7111550637009178E-002   1.3411443391602332E-002   4.4704811305341105E-003   124.22545199616040     
  0.49853543350744983       0.14589542836697697        1.3411443391602332E-002   4.4704811305341105E-003   133.96551909394054     
   1.4326145189337341E-002  0.41775991311406352        1.3411443391602332E-002   4.4704811305341105E-003   25.941370099557776     
  0.86937330972660221       0.55357086529530020        1.3411443391602332E-002   4.4704811305341105E-003   176.14054450972293     
  0.35404142290075052       0.87986504313773362        1.3411443391602332E-002   4.4704811305341105E-003   90.969199210816029     
  0.50192119563224702        6.1792574548838547E-002   1.3411443391602332E-002   4.4704811305341105E-003   25.235462994321413     
  0.19352587575655719       0.79743948103974727        1.3411443391602332E-002   4.4704811305341105E-003   99.649598589267512     
  0.12577080129103319       0.39346637493808545        1.3411443391602332E-002   4.4704811305341105E-003   69.377398147284438     
  0.17424566551291024       0.89344175060324349        1.3411443391602332E-002   4.4704811305341105E-003   15.991830014998811     
  0.85777345150823625       0.53883535872988120        1.3411443391602332E-002   4.4704811305341105E-003   94.515519895040981     
   3.8228549189583620E-002  0.98114812296691323        1.3411443391602332E-002   4.4704811305341105E-003   62.496442349253954     
  0.54019011211755896       0.98526882443289820        1.3411443391602332E-002   4.4704811305341105E-003   135.14457971942107     
  0.23717265958088227       0.47013302888160891        1.3411443391602332E-002   4.4704811305341105E-003   168.52513557771994     
  0.34881582059345767       0.60412968539159650        1.3411443391602332E-002   4.4704811305341105E-003   54.260451936925953     
  0.39960757647745881       0.21891156966857706        1.3411443391602332E-002   4.4704811305341105E-003   102.73520946013404     
  0.61880237377274827       0.40006857379757088        1.3411443391602332E-002   4.4704811305341105E-003   25.426285434390532     
  0.41613402588964643       0.95581820915221627        1.3411443391602332E-002   4.4704811305341105E-003   134.25604964805035     
  0.40254808365988543       0.77626061780097899        1.3411443391602332E-002   4.4704811305341105E-003   92.757328389851793     
  0.93323804968299839       0.59342993915742659        1.3411443391602332E-002   4.4704811305341105E-003   136.50687893507285     
  0.50791638981236509       0.94149299389023211        1.3411443391602332E-002   4.4704811305341105E-003   128.72220138268875     
  0.28468385565272852       0.68369048837145241        1.3411443391602332E-002   4.4704811305341105E-003   21.060676176872793     
  0.79921195652467991       0.78366317427760679        1.3411443391602332E-002   4.4704811305341105E-003   92.497362373525192     
  0.86125063933246992       0.42253621651327455        1.3411443391602332E-002   4.4704811305341105E-003   66.973725442200248     
  0.35949143553776097       0.66671943842302450        1.3411443391602332E-002   4.4704811305341105E-003   70.118625176410717     
  0.22435933478751163       0.99183037740480795        1.3411443391602332E-002   4.4704811305341105E-003   137.14703243248994     
  0.94116836110408930       0.59673346211951039        1.3411443391602332E-002   4.4704811305341105E-003   73.029467432761919     
  0.62726480901099346       0.35749438453338211        1.3411443391602332E-002   4.4704811305341105E-003   137.12171366221537     
  0.79046883238030763       0.63843205950574511        1.3411443391602332E-002   4.4704811305341105E-003   149.77900749152326     
   8.9836920500264206E-002  0.26545555298055762        1.3411443391602332E-002   4.4704811305341105E-003   119.84406672499406     
  0.43289699480038868       0.32791643156677330        1.3411443391602332E-002   4.4704811305341105E-003   79.206741953535499     
  0.81249935704229215       0.93533156487488156        1.3411443391602332E-002   4.4704811305341105E-003   52.252995328281358     
  0.48023850295574472       0.64341527000486054        1.3411443391602332E-002   4.4704811305341105E-003   153.27858675070101     
  0.63748625937260517       0.63165399666468725        1.3411443391602332E-002   4.4704811305341105E-003   72.209419942600974     
  0.14959437992095329       0.93089891867654473        1.3411443391602332E-002   4.4704811305341105E-003   119.26874297756849     
  0.32741788414253420        5.8325740942670949E-002   1.3411443391602332E-002   4.4704811305341105E-003   35.690024465160484     
  0.97587093508115785       0.48966824186964747        1.3411443391602332E-002   4.4704811305341105E-003   128.23795624693213     
  0.65061872911969498       0.48498351764492553        1.3411443391602332E-002   4.4704811305341105E-003   109.81381269808583     
  0.49755086314437541       0.86769230382523810        1.3411443391602332E-002   4.4704811305341105E-003   78.881803133736014     
  0.94275334851494785       0.44893552475271581        1.3411443391602332E-002   4.4704811305341105E-003   39.841034391889309     
  0.63353540814764320       0.52868694405713734        1.3411443391602332E-002   4.4704811305341105E-003   31.606761117733402     
  0.10458826993360128       0.57336428422709329        1.3411443391602332E-002   4.4704811305341105E-003   32.249548342643116     
  0.71929425856037621       0.11834449141367676        1.3411443391602332E-002   4.4704811305341105E-003   18.116388565112384     
  0.85144796190731131       0.47113333333826618        1.3411443391602332E-002   4.4704811305341105E-003   48.245459025196737     
  0.36267094945012091       0.75858926015351913        1.3411443391602332E-002   4.4704811305341105E-003   77.572861974916052     
  0.65111148337106761       0.15821114092091509        1.3411443391602332E-002   4.4704811305341105E-003   28.811565352363065     
  0.54984919002734456       0.89039158559369203        1.3411443391602332E-002   4.4704811305341105E-003   112.40188174120146     
   5.7149502977334954E-002  0.21133581234545912        1.3411443391602332E-002   4.4704811305341105E-003   89.414297660214572     
  0.33603072559707758       0.70545743344026390        1.3411443391602332E-002   4.4704811305341105E-003   96.285897854390228     
   1.6507636887690833E-002   2.6450518369719022E-002   1.3411443391602332E-002   4.4704811305341105E-003   145.47551875487858     
  0.64042305212373951       0.77385486426051353        1.3411443391602332E-002   4.4704811305341105E-003   45.801026045851046     
  0.10911773602969840       0.76122051111632294        1.3411443391602332E-002   4.4704811305341105E-003  0.24798902803057077     
  0.16662470989483247       0.54252517957997126        1.3411443391602332E-002   4.4704811305341105E-003   16.232544149396130     
  0.44819615200271412       0.51315636267169873        1.3411443391602332E-002   4.4704811305341105E-003   172.85494672794383     
  0.22453867038712347       0.46803997694169108        1.3411443391602332E-002   4.4704811305341105E-003   34.196500231839025     
  0.70532773898271550       0.66631535591549873        1.3411443391602332E-002   4.4704811305341105E-003   129.63604108968914     
  0.19620256906974307       0.99063511784587643        1.3411443391602332E-002   4.4704811305341105E-003   12.366431490120792     
   8.6540435272356442E-002  0.94072491999323637        1.3411443391602332E-002   4.4704811305341105E-003   94.671637227334614     
  0.73437689505294179       0.72761159569384581        1.3411443391602332E-002   4.4704811305341105E-003   179.91430621976778     
  0.85959337566136496       0.10996160187194570        1.3411443391602332E-002   4.4704811305341105E-003   51.397206996922627     
  0.85358189397629769       0.99575404343458851        1.3411443391602332E-002   4.4704811305341105E-003   3.0235950725644738     
  0.92847675746111014       0.32458453481518962        1.3411443391602332E-002   4.4704811305341105E-003   29.479914642773920     
  0.79285042998723509       0.77996801032413943        1.3411443391602332E-002   4.4704811305341105E-003   144.17475502512144     
  0.47955061647059127       0.73399235653606665        1.3411443391602332E-002   4.4704811305341105E-003   28.425777275437056     
  0.32098728522755449       0.14059296169248786        1.3411443391602332E-002   4.4704811305341105E-003   131.51170832267738     
  0.94889229342488290       0.43712223679312712        1.3411443391602332E-002   4.4704811305341105E-003   60.434458793107879     
  0.35667167106507908       0.91004288259952049        1.3411443391602332E-002   4.4704811305341105E-003   51.240116206654292     
  0.58311033519188116       0.76710329009774447        1.3411443391602332E-002   4.4704811305341105E-003   113.82088474942148     
  0.77409831984083388       0.92350119707777401        1.3411443391602332E-002   4.4704811305341105E-003   92.052206621243442     
  0.40872743614472207       0.57555541409135524        1.3411443391602332E-002   4.4704811305341105E-003   20.015045369406629     
  0.47702834642151010       0.52741726474758421        1.3411443391602332E-002   4.4704811305341105E-003   4.5262514870759922     
  0.52977919159399556       0.98446273212787982        1.3411443391602332E-002   4.4704811305341105E-003   42.023675811948443     
  0.51873413896661758       0.51288439472039737        1.3411443391602332E-002   4.4704811305341105E-003   33.908820257172792     
  0.41777230196782794       0.45999372665576271        1.3411443391602332E-002   4.4704811305341105E-003   122.23203913714893     
  0.80881696236057077       0.93858323186848858        1.3411443391602332E-002   4.4704811305341105E-003   45.729985004313626     
   4.2285176995651659E-002  0.17728756857862421        1.3411443391602332E-002   4.4704811305341105E-003   45.533603069305535     
  0.35588302739884969       0.61371663137816623        1.3411443391602332E-002   4.4704811305341105E-003   30.386815476175077     
  0.63134651792935970       0.53392142276117527        1.3411443391602332E-002   4.4704811305341105E-003   3.0818732485451097     
  0.32702811960943534       0.85887239029437867        1.3411443391602332E-002   4.4704811305341105E-003   143.22805605683698     
  0.17642688993955852       0.69897502146014789        1.3411443391602332E-002   4.4704811305341105E-003   103.59111022308673     
  0.81495835349309931       0.70473379173012651        1.3411443391602332E-002   4.4704811305341105E-003   124.31013502895901     
   1.6620538385943018E-003  0.41238126396730823        1.3411443391602332E-002   4.4704811305341105E-003   26.274746596279300     
  0.92613467423485440       0.59085381504842183        1.3411443391602332E-002   4.4704811305341105E-003   80.089983878959259     
  0.41199441414087767       0.52718595880919972        1.3411443391602332E-002   4.4704811305341105E-003   86.191788283783026     
  0.56980096348895792       0.80274128050979376        1.3411443391602332E-002   4.4704811305341105E-003   65.384150505137072     
  0.95201179571531369        1.5903718634903034E-002   1.3411443391602332E-002   4.4704811305341105E-003   138.23152118696794     
  0.30491740815002077       0.92929182850404346        1.3411443391602332E-002   4.4704811305341105E-003   11.604272101243552     
  0.56792582572497907       0.24434449494976468        1.3411443391602332E-002   4.4704811305341105E-003   97.068936198418754     
  0.99734103073830949       0.89765423143205214        1.3411443391602332E-002   4.4704811305341105E-003   72.843133001665720     
  0.19988179599022368       0.23368100047480234        1.3411443391602332E-002   4.4704811305341105E-003   90.202385216114450     
  0.98019839263232988       0.49279805508843205        1.3411443391602332E-002   4.4704811305341105E-003   129.01660835063632     
  0.81257917588919559       0.66649412829760823        1.3411443391602332E-002   4.4704811305341105E-003   32.165827208242987     
  0.42847496802152413       0.60636904719379670        1.3411443391602332E-002   4.4704811305341105E-003   129.87061664508767     
  0.73643444978647865       0.83723027741917877        1.3411443391602332E-002   4.4704811305341105E-003   62.756025906308643     
  0.87355393524446634       0.93903163205036599        1.3411443391602332E-002   4.4704811305341105E-003   153.41309496695786     
   3.1478610031660442E-002  0.96988775399950145        1.3411443391602332E-002   4.4704811305341105E-003   65.357200289546512     
  0.91790581890768330       0.32684470569147295        1.3411443391602332E-002   4.4704811305341105E-003   127.86249674778065     
  0.11851877991062823       0.78179520762226828        1.3411443391602332E-002   4.4704811305341105E-003   23.885060405465840     
  0.53413795011593168       0.53707200196839755        1.3411443391602332E-002   4.4704811305341105E-003   127.70677001498429     
  0.28907418230089504       0.51771737697246145        1.3411443391602332E-002   4.4704811305341105E-003   176.67000405767482     
  0.13551908501528734       0.31785120704608205        1.3411443391602332E-002   4.4704811305341105E-003   127.17816113989971     
  0.61673310682940941       0.30658639038000646        1.3411443391602332E-002   4.4704811305341105E-003   120.24190248598426     
  0.47204958846796236       0.90333088790007199        1.3411443391602332E-002   4.4704811305341105E-003   115.12307551873914     
  0.35242000100519044       0.24682098298208241        1.3411443391602332E-002   4.4704811305341105E-003   37.844487245092822     
  0.88981986950803416       0.75088419891677427        1.3411443391602332E-002   4.4704811305341105E-003   103.91601621469545     
  0.68993857579211015       0.78016745644820529        1.3411443391602332E-002   4.4704811305341105E-003   158.65024004213998     
  0.28486720625953443       0.24247762539033185        1.3411443391602332E-002   4.4704811305341105E-003   39.554456052663156     
  0.43538084231085927       0.60779663443490517        1.3411443391602332E-002   4.4704811305341105E-003   84.684489412783464     
  0.35143149347026614       0.71975054364685209        1.3411443391602332E-002   4.4704811305341105E-003   154.32260131948664     
  0.99352225229613322       0.88615832060680788        1.3411443391602332E-002   4.4704811305341105E-003   46.628867610568996     
  0.73588582606925423       0.44582230572214371        1.3411443391602332E-002   4.4704811305341105E-003   13.145738590456439     
  0.72006560037753542       0.11235720219585076        1.3411443391602332E-002   4.4704811305341105E-003   169.60685581671203     
  0.93821414632957667       0.33012174367178609        1.3411443391602332E-002   4.4704811305341105E-003   60.008150549695280     
  0.96590326586360931       0.51428312652789165        1.3411443391602332E-002   4.4704811305341105E-003   9.9504268859914902     
  0.72842980130321089       0.58888480194309478        1.3411443391602332E-002   4.4704811305341105E-003   88.340046130774525     
  0.85515844582875644       0.46811511908481229        1.3411443391602332E-002   4.4704811305341105E-003   44.645385450617297     
  0.56164186617904543       0.33437026902170458        1.3411443391602332E-002   4.4704811305341105E-003   165.65405744248767     
   4.4967759835276594E-002  0.59993994304428233        1.3411443391602332E-002   4.4704811305341105E-003   72.695312255575203     
   4.8278787259816582E-002  0.63514714432703467        1.3411443391602332E-002   4.4704811305341105E-003   124.73597528788162     
  0.25954010559773338       0.73465536314253843        1.3411443391602332E-002   4.4704811305341105E-003   40.404468412455088     
  0.74405377660819416       0.14741660200510343        1.3411443391602332E-002   4.4704811305341105E-003   74.650232932655982     
  0.62948531136318464       0.62532441152358642        1.3411443391602332E-002   4.4704811305341105E-003   168.07711569129248     
  0.91605240526668141       0.88239104766932397        1.3411443391602332E-002   4.4704811305341105E-003   124.54414820240464     
  0.34115811072276259       0.19508436331980616        1.3411443391602332E-002   4.4704811305341105E-003   167.74105632211538     
  0.49016535825826468       0.15421749067799143        1.3411443391602332E-002   4.4704811305341105E-003   160.31913462799341     
   1.4947556103149458E-002   2.1688041970615041E-002   1.3411443391602332E-002   4.4704811305341105E-003   164.67310779761252     
  0.10032357996016567       0.26098625843931722        1.3411443391602332E-002   4.4704811305341105E-003   7.9198028485678327     
  0.99312931181966091       0.67327062242298341        1.3411443391602332E-002   4.4704811305341105E-003   176.97295267307243     
  0.19378768390725085       0.99535986752823036        1.3411443391602332E-002   4.4704811305341105E-003   36.494431496610247     
  0.29454943580762272       0.93346416516013009        1.3411443391602332E-002   4.4704811305341105E-003   116.61464483511860     
  0.60039264454352115       0.27338407872295034        1.3411443391602332E-002   4.4704811305341105E-003   135.75700224742536     
  0.28068453385929709       0.87060518682292487        1.3411443391602332E-002   4.4704811305341105E-003   115.82148962809080     
  0.92652378651633083       0.15207586174210136        1.3411443391602332E-002   4.4704811305341105E-003   107.12654948782021     
  0.73432475726606916        4.2050719455455639E-002   1.3411443391602332E-002   4.4704811305341105E-003   105.36984230691408     
  0.74675348662186658       0.15961646156377204        1.3411443391602332E-002   4.4704811305341105E-003   96.680769341236640     
  0.57953014916920298       0.92367946083881880        1.3411443391602332E-002   4.4704811305341105E-003   9.3292746075840434     
  0.56177738566239133       0.80242547245932916        1.3411443391602332E-002   4.4704811305341105E-003   128.30612055609015     
  0.13982971601186775       0.58941976964461695        1.3411443391602332E-002   4.4704811305341105E-003   68.814857373602180     
  0.52642516203236578       0.54539613422904831        1.3411443391602332E-002   4.4704811305341105E-003   109.09658790622372     
  0.91845168801329724       0.16043561712857482        1.3411443391602332E-002   4.4704811305341105E-003   133.83675546973205     
  0.17621981519616542       0.88867717117141165        1.3411443391602332E-002   4.4704811305341105E-003   35.538669184682384     
   2.5683512831295434E-002  0.62264864535381959        1.3411443391602332E-002   4.4704811305341105E-003   112.48648661065445     
  0.58788719741850204       0.75501074480770225        1.3411443391602332E-002   4.4704811305341105E-003   123.35924638762882     
  0.36167784234877498       0.77135172474356795        1.3411443391602332E-002   4.4704811305341105E-003   97.691228714890030     
  0.59050742967021352       0.47740310389878593        1.3411443391602332E-002   4.4704811305341105E-003   88.812695286972016     
  0.53239784067264928       0.21166457630543800        1.3411443391602332E-002   4.4704811305341105E-003   67.183195875059667     
  0.31247642198030740       0.15071798313237578        1.3411443391602332E-002   4.4704811305341105E-003   119.84520148152583     
  0.56589784627247020       0.75875722835890069        1.3411443391602332E-002   4.4704811305341105E-003   64.302778684411294     
  0.10800468755659609        4.1879799617853555E-002   1.3411443391602332E-002   4.4704811305341105E-003   34.218707522652174     
  0.69504550910978635       0.38483704399811480        1.3411443391602332E-002   4.4704811305341105E-003   19.131953393442590     
  0.57688544136939968       0.92876038047257270        1.3411443391602332E-002   4.4704811305341105E-003   36.677087221551879     
  0.97704125223329052       0.28829306308077629        1.3411443391602332E-002   4.4704811305341105E-003   108.29991970141100     
  0.52166734259540470       0.22064800898131423        1.3411443391602332E-002   4.4704811305341105E-003   80.725329273684451     
  0.92230701179594243       0.55741161822638163        1.3411443391602332E-002   4.4704811305341105E-003   97.246894794742587     
  0.43603609086983797       0.31711571590607707        1.3411443391602332E-002   4.4704811305341105E-003   105.68378020572536     
  0.58841731690918664       0.61015025099727194        1.3411443391602332E-002   4.4704811305341105E-003   99.673033780282282     
  0.84239991177059359       0.89399789689069586        1.3411443391602332E-002   4.4704811305341105E-003   143.21641327505705     
  0.76641663812895855       0.29271126149444671        1.3411443391602332E-002   4.4704811305341105E-003   148.02928248140446     
  0.11987024725997453        2.8886671241006991E-002   1.3411443391602332E-002   4.4704811305341105E-003   73.650759767654606     
  0.61908830768040679        2.3172588726389991E-002   1.3411443391602332E-002   4.4704811305341105E-003   97.735833896112553     
  0.81415044304108708       0.33026778224428055        1.3411443391602332E-002   4.4704811305341105E-003   107.49625485561864     
  0.23457060036033975       0.82587196163433008        1.3411443391602332E-002   4.4704811305341105E-003   3.5413967806467443     
  0.32583834944910545       0.97894687742695319        1.3411443391602332E-002   4.4704811305341105E-003   52.110427065001019     
  0.78146608643219029       0.93011272445194171        1.3411443391602332E-002   4.4704811305341105E-003   171.19867599028510     
  0.34067120848425664       0.71722729795240647        1.3411443391602332E-002   4.4704811305341105E-003   55.883896161630368     
  0.18800962027774870       0.69877898145000716        1.3411443391602332E-002   4.4704811305341105E-003   93.663672061828962     
  0.92838931779279688       0.73271392614218145        1.3411443391602332E-002   4.4704811305341105E-003   174.32240725723312     
  0.43955306782568127       0.36203134250679775        1.3411443391602332E-002   4.4704811305341105E-003   121.18105809781231     
   7.5692798466732075E-002  0.32533478753538475        1.3411443391602332E-002   4.4704811305341105E-003   83.577493534696728     
  0.14712505189773353       0.59900320355748504        1.3411443391602332E-002   4.4704811305341105E-003   56.579907044438684     
  0.23407974165821127       0.38440525143229415        1.3411443391602332E-002   4.4704811305341105E-003   104.33949838735042     
  0.52753434649460562       0.21582019006461658        1.3411443391602332E-002   4.4704811305341105E-003   37.135414352179609     
   6.3465857966424857E-002  0.72949741556661774        1.3411443391602332E-002   4.4704811305341105E-003   125.37171257640961     
  0.56604108875075432        7.0825623311746883E-002   1.3411443391602332E-002   4.4704811305341105E-003   118.68659054225320     
   6.2980604627455472E-002  0.68627481690441550        1.3411443391602332E-002   4.4704811305341105E-003   148.80672810346439     
  0.70307298748788805       0.37991570200388930        1.3411443391602332E-002   4.4704811305341105E-003   97.330732995929324     
  0.60667580666673571       0.30866985142667164        1.3411443391602332E-002   4.4704811305341105E-003   41.009123427921672     
  0.41328546081512846        8.1109709797196283E-002   1.3411443391602332E-002   4.4704811305341105E-003   153.71814262333427     
  0.26901828360515656       0.42793577348188261        1.3411443391602332E-002   4.4704811305341105E-003   43.800027316670082     
  0.36120879525461042       0.90702291712861050        1.3411443391602332E-002   4.4704811305341105E-003   77.491480608599190     
  0.18935166432441000       0.65812658620760334        1.3411443391602332E-002   4.4704811305341105E-003   12.807593189713307     
  0.39712285387610469       0.90978367802686488        1.3411443391602332E-002   4.4704811305341105E-003   45.306454596365171     
  0.22769810842160892        3.4598088337090868E-002   1.3411443391602332E-002   4.4704811305341105E-003   20.692598403138511     
  0.10470807714900282       0.84122277629070807        1.3411443391602332E-002   4.4704811305341105E-003   75.327395289590854     
  0.77936902926330309       0.63781971900823553        1.3411443391602332E-002   4.4704811305341105E-003   42.016555545575542     
  0.22960311459112803       0.12641640488325759        1.3411443391602332E-002   4.4704811305341105E-003   13.498964799527084     
  0.74921034537145348       0.29395573989514251        1.3411443391602332E-002   4.4704811305341105E-003   117.94990858167516     
  0.17395882581370906       0.59129620801114868        1.3411443391602332E-002   4.4704811305341105E-003   42.988752495750759     
  0.73894161316710227       0.16635919100446273        1.3411443391602332E-002   4.4704811305341105E-003   4.9449485604746970     
  0.86740673659923062       0.54844697177001045        1.3411443391602332E-002   4.4704811305341105E-003   147.49249627551168     
  0.21520657517340505       0.98138106501354128        1.3411443391602332E-002   4.4704811305341105E-003   113.11866147121702     
  0.61019423990664623       0.31976943175713096        1.3411443391602332E-002   4.4704811305341105E-003   70.874298189913532     
  0.86534690473293863       0.54385522161454125        1.3411443391602332E-002   4.4704811305341105E-003   159.74155815575853     
  0.98280464628835607       0.47983059380505960        1.3411443391602332E-002   4.4704811305341105E-003   96.379652554993726     
  0.81764385372707771       0.74441390064552804        1.3411443391602332E-002   4.4704811305341105E-003   161.00703043960849     
  0.61887350658222018       0.25980785101552767        1.3411443391602332E-002   4.4704811305341105E-003   164.32840437251812     
  0.35390382494595896       0.66789259694952785        1.3411443391602332E-002   4.4704811305341105E-003   91.487399709145066     
  0.73593505040875395       0.73388089247347743        1.3411443391602332E-002   4.4704811305341105E-003   144.10295376053594     
  0.84009839928512697       0.89009115975299680        1.3411443391602332E-002   4.4704811305341105E-003   147.92768653172689     
  0.32692934842929527       0.12960386466460330        1.3411443391602332E-002   4.4704811305341105E-003   122.75119954550267     
  0.93654064680586846       0.80311118753062050        1.3411443391602332E-002   4.4704811305341105E-003   145.22159225788684     
  0.41698677355471503       0.52738291812043125        1.3411443391602332E-002   4.4704811305341105E-003   92.594150058926431     
  0.24602625711859424       0.55238111588761762        1.3411443391602332E-002   4.4704811305341105E-003   143.55163427506992     
  0.47805550252665824       0.68019466108137172        1.3411443391602332E-002   4.4704811305341105E-003   48.345705988763378     
   3.1310267003803828E-002   2.2678404073168863E-002   1.3411443391602332E-002   4.4704811305341105E-003   174.16044096352420     
  0.11603212870910155       0.79078990404887328        1.3411443391602332E-002   4.4704811305341105E-003   9.6418858405949077     
  0.32978650307332791       0.97623092856151805        1.3411443391602332E-002   4.4704811305341105E-003   61.753153572798723     
  0.83176018981168853       0.38673678154720892        1.3411443391602332E-002   4.4704811305341105E-003   118.66325406724427     
   1.9707925043792783E-002  0.41270843809833840        1.3411443391602332E-002   4.4704811305341105E-003   63.817833927467397     
  0.62429182998081190       0.30770520914557020        1.3411443391602332E-002   4.4704811305341105E-003   65.388858529996583     
  0.20753117113048392       0.23901704831103576        1.3411443391602332E-002   4.4704811305341105E-003   163.58542816027128     
  0.24161241891025495       0.14922610184178500        1.3411443391602332E-002   4.4704811305341105E-003   87.192592584002014     
  0.85275373062135951       0.99033359782557728        1.3411443391602332E-002   4.4704811305341105E-003   155.77089156723852     
  0.98664305644497186       0.81013942199793143        1.3411443391602332E-002   4.4704811305341105E-003   61.495844920932768     
  0.19904706625581961       0.65103112675061370        1.3411443391602332E-002   4.4704811305341105E-003   85.190239137350730     
  0.29230608906646594       0.10300094819896104        1.3411443391602332E-002   4.4704811305341105E-003   22.712752758564420     
  0.23679820762212853       0.13531533355734945        1.3411443391602332E-002   4.4704811305341105E-003   52.542387095095066     
  0.10682695940190901       0.79819555692057476        1.3411443391602332E-002   4.4704811305341105E-003   106.64143245132719     
  0.45512043564349830        4.4353436126934272E-002   1.3411443391602332E-002   4.4704811305341105E-003   16.575524563630850     
  0.57286644884892579       0.33818988473543671        1.3411443391602332E-002   4.4704811305341105E-003   44.380096849896113     
  0.78741892972676086       0.18424089273684818        1.3411443391602332E-002   4.4704811305341105E-003   161.25544574377727     
  0.33478341654091426       0.71907776712642424        1.3411443391602332E-002   4.4704811305341105E-003   91.683173643923254     
  0.89264712452302641       0.92473133868017177        1.3411443391602332E-002   4.4704811305341105E-003   140.62027208773569     
  0.55761759714025549       0.69446491863505555        1.3411443391602332E-002   4.4704811305341105E-003   80.479386709745867     
  0.73273474689166151       0.82550115052519013        1.3411443391602332E-002   4.4704811305341105E-003   64.134517638214874     
  0.11665554599810699        3.9533103928726415E-002   1.3411443391602332E-002   4.4704811305341105E-003   109.43694053247567     
  0.56598833334168541       0.70654912605759923        1.3411443391602332E-002   4.4704811305341105E-003   21.352481261808851     
  0.11613997522698524       0.48505717454379571        1.3411443391602332E-002   4.4704811305341105E-003   158.04789747557194     
  0.40525390910789993        8.9753028604826118E-002   1.3411443391602332E-002   4.4704811305341105E-003   136.23251676920987     
  0.50115403232763200       0.95098319398363151        1.3411443391602332E-002   4.4704811305341105E-003   147.47706530804302     
  0.75964623465338910       0.28890788956220781        1.3411443391602332E-002   4.4704811305341105E-003  0.11978921302691170     
  0.85970080119861403       0.46420937708904408        1.3411443391602332E-002   4.4704811305341105E-003   73.588094434695336     
  0.54061528888152122       0.53955042944060372        1.3411443391602332E-002   4.4704811305341105E-003   86.878699509980848     
  0.52190010314613200       0.42550366969517373        1.3411443391602332E-002   4.4704811305341105E-003   127.89103740860624     
  0.81890290880583771        4.5443496446842396E-002   1.3411443391602332E-002   4.4704811305341105E-003   142.17866830978858     
  0.89276620465956369       0.64832924577316631        1.3411443391602332E-002   4.4704811305341105E-003   140.66803638533838     
  0.56707921597818112       0.12506972406455755        1.3411443391602332E-002   4.4704811305341105E-003   43.602025746680873     
  0.53715316154355297       0.21019280559118769        1.3411443391602332E-002   4.4704811305341105E-003   83.729113626049198     
  0.10866255097676027       0.75586500402805468        1.3411443391602332E-002   4.4704811305341105E-003   154.21644686227575     
  0.57449742140643956       0.76867434764639708        1.3411443391602332E-002   4.4704811305341105E-003   47.627032013282985     
  0.73460028656067755       0.45032989518934186        1.3411443391602332E-002   4.4704811305341105E-003   15.973577671104156     
   4.8022735698463020E-002  0.17459857328984005        1.3411443391602332E-002   4.4704811305341105E-003   85.104325030170202     
  0.31453056083992215       0.97559595249165587        1.3411443391602332E-002   4.4704811305341105E-003   164.45689485330880     
  0.23034207139039289        2.9760950963120491E-002   1.3411443391602332E-002   4.4704811305341105E-003   30.218529663083618     
  0.95736860211302721       0.76644390210472801        1.3411443391602332E-002   4.4704811305341105E-003   110.93031502588501     
   3.8252186892480368E-002  0.89504342668133907        1.3411443391602332E-002   4.4704811305341105E-003   38.086652526802133     
  0.99680913698848594        7.4482699127981264E-002   1.3411443391602332E-002   4.4704811305341105E-003   22.889492937413458     
   6.8148798310591993E-002  0.73119791210878893        1.3411443391602332E-002   4.4704811305341105E-003   119.10309386498434     
  0.40553044044877440       0.96089613540706365        1.3411443391602332E-002   4.4704811305341105E-003   151.15463429928937     
  0.28617613038362644       0.67877672349444296        1.3411443391602332E-002   4.4704811305341105E-003   178.85091574179373     
  0.10058699711038727       0.88397151941315322        1.3411443391602332E-002   4.4704811305341105E-003   127.35672862307258     
  0.60333025217016045        3.9725826378575385E-002   1.3411443391602332E-002   4.4704811305341105E-003   8.7388609511792623     
  0.48800886825002310       0.39339326428642135        1.3411443391602332E-002   4.4704811305341105E-003   142.62976162416382     
  0.19405364119391388       0.23243083247976898        1.3411443391602332E-002   4.4704811305341105E-003   122.95706476543587     
   6.9311815011042111E-002  0.63670414130743080        1.3411443391602332E-002   4.4704811305341105E-003   155.21992787774374     
  0.42114569747829339       0.58024327016971056        1.3411443391602332E-002   4.4704811305341105E-003   11.821087484616987     
  0.62030760674960961       0.26423253722388279        1.3411443391602332E-002   4.4704811305341105E-003   171.54273492104025     
  0.16659211578230407        3.0537778067051356E-002   1.3411443391602332E-002   4.4704811305341105E-003   168.41636181175281     
  0.94486800438587260       0.44328740443705772        1.3411443391602332E-002   4.4704811305341105E-003   7.3877689174657490     
  0.66128466253510976       0.16415033309906774        1.3411443391602332E-002   4.4704811305341105E-003   54.843298513991932     
   8.3759981714730120E-002  0.67328129690758376        1.3411443391602332E-002   4.4704811305341105E-003   161.17522732093667     
  0.11734304408163054       0.78633932170858967        1.3411443391602332E-002   4.4704811305341105E-003   19.959495771935742     
  0.90465080469355585       0.64416318907354719        1.3411443391602332E-002   4.4704811305341105E-003   4.3528565715499585     
  0.52959046286808387       0.78837594924753951        1.3411443391602332E-002   4.4704811305341105E-003   176.10562119096417     
  0.77700359673238872       0.18003499019237851        1.3411443391602332E-002   4.4704811305341105E-003   53.954029406696790     
  0.25837229125840089        5.4608275579174213E-002   1.3411443391602332E-002   4.4704811305341105E-003   10.096787598089756     
  0.46363820506478770       0.84434831500678098        1.3411443391602332E-002   4.4704811305341105E-003   117.71597814227367     
