          50   58.156371595657525     
         100   46.876569317168055     
         150   25.171121722308275     
         200   8.1934214943612673     
         250  -10.520905911404990     
         300  -26.564756862402874     
         350  -40.181556669684134     
         400  -52.632156808117536     
         450  -63.533743065923083     
         500  -74.218494378979514     
         550  -85.189756825333063     
         600  -97.973621309177545     
         650  -109.83626482847292     
         700  -120.90094370813719     
         750  -131.17364771897272     
         800  -140.73837292601624     
         850  -149.92252022117930     
         900  -159.08069312372126     
         950  -167.67724804182421     
        1000  -175.97968613076497     
        1050  -184.01163274463494     
        1100  -191.75590721145809     
        1150  -199.26821751894266     
        1200  -206.49679373502875     
        1250  -213.41224523390545     
        1300  -220.18461808090706     
        1350  -227.25041914920055     
        1400  -234.66535081376139     
        1450  -241.96744620814545     
        1500  -248.90382864001094     
        1550  -255.61334539915592     
        1600  -262.16911470940931     
        1650  -268.60928183111315     
        1700  -274.81213665556783     
        1750  -280.89506577199501     
        1800  -286.88680038480430     
        1850  -293.00137376927893     
        1900  -299.80753255199664     
        1950  -306.56859673993597     
        2000  -313.12758574640384     
        2050  -319.50302984909877     
        2100  -325.83161229814851     
        2150  -332.38684575042214     
        2200  -339.09431438867728     
        2250  -346.06536458417474     
        2300  -353.99808068303662     
        2350  -362.53990028689208     
        2400  -371.33562738425030     
        2450  -380.17291401478155     
        2500  -388.95778879950979     
        2550  -397.56889939486422     
        2600  -406.31603302044249     
        2650  -415.04658652911536     
        2700  -423.77706283736836     
        2750  -432.57708273245345     
        2800  -441.53910682909810     
        2850  -450.43185748467278     
        2900  -459.40680388102754     
        2950  -468.16894311931992     
        3000  -476.69047935940671     
        3050  -484.97847484847171     
        3100  -493.02486671699961     
        3150  -500.87324192536300     
        3200  -508.56044333962018     
        3250  -516.48749751817581     
        3300  -524.31058631300994     
        3350  -532.30764365762036     
        3400  -540.22924238043754     
        3450  -548.25080207821316     
        3500  -556.80441569024538     
        3550  -565.53984822737777     
        3600  -574.45189866371743     
        3650  -583.22597628646179     
        3700  -591.80058463516582     
        3750  -600.39769405993843     
        3800  -609.21631255714897     
        3850  -618.11947567429002     
        3900  -626.84357489632362     
        3950  -635.46531932523749     
        4000  -643.96407985765472     
        4050  -652.35378011419050     
        4100  -660.68250225512065     
        4150  -668.90461456697119     
        4200  -676.98346811900285     
        4250  -685.01806848084959     
        4300  -692.94510895488793     
        4350  -700.73525198456809     
        4400  -708.47656432029748     
        4450  -716.16462711341876     
        4500  -723.75327416689061     
        4550  -731.24372487852520     
        4600  -738.74106976678490     
        4650  -746.32404354726236     
        4700  -753.76826424863361     
        4750  -761.23897633917215     
        4800  -769.02247231402680     
        4850  -777.12125197484579     
        4900  -785.69629045749912     
        4950  -794.31505216216055     
        5000  -802.84262518542801     
        5050  -811.23447388398324     
        5100  -819.50425691299142     
        5150  -827.65149409163189     
        5200  -835.72796685199501     
        5250  -843.83371947876662     
        5300  -852.17002238173518     
        5350  -860.44331668390328     
        5400  -868.71231009456778     
        5450  -876.88902615497977     
        5500  -884.94204398950922     
        5550  -892.98180714441799     
        5600  -900.88906388788416     
        5650  -908.84279270969762     
        5700  -916.72183543700282     
        5750  -924.55058568372590     
        5800  -932.37900692376775     
        5850  -940.10639126206650     
        5900  -947.76846500590761     
        5950  -955.31894870433257     
        6000  -962.76002546281211     
        6050  -970.12308295765854     
        6100  -977.51135071317560     
        6150  -984.84834428540171     
        6200  -992.17115982451685     
        6250  -999.42669430056912     
        6300  -1006.6365673842670     
        6350  -1013.8241423750592     
        6400  -1021.0389703175847     
        6450  -1028.2098285689560     
        6500  -1035.2962153526673     
        6550  -1042.3260508792850     
        6600  -1049.4032890701724     
        6650  -1056.4654583913959     
        6700  -1063.4312814662392     
        6750  -1070.3313938689951     
        6800  -1077.1372692165762     
        6850  -1083.8520429540379     
        6900  -1090.4818652488573     
        6950  -1097.0469534852436     
        7000  -1103.5800280731739     
        7050  -1110.1668298448785     
        7100  -1116.8370977478776     
        7150  -1123.4971128853920     
        7200  -1130.2949663750819     
        7250  -1137.0136037703796     
        7300  -1143.6598549810574     
        7350  -1150.3288605423165     
        7400  -1157.1364284798312     
        7450  -1163.9251468663110     
        7500  -1170.7398015660558     
        7550  -1177.4845048479806     
        7600  -1184.1915141632207     
        7650  -1190.9302687903153     
        7700  -1197.6883559045832     
        7750  -1204.4907514334298     
        7800  -1211.4247013612637     
        7850  -1218.2893759802323     
        7900  -1225.1455134176877     
        7950  -1231.9752125663213     
        8000  -1238.7956408173204     
        8050  -1245.6264336364834     
        8100  -1252.4611304322714     
        8150  -1259.3346526060413     
        8200  -1266.2348407210054     
        8250  -1273.0814527310188     
        8300  -1279.8948413787703     
        8350  -1286.6369537402607     
        8400  -1293.3255591559127     
        8450  -1299.9847934810978     
        8500  -1306.5882413417337     
        8550  -1313.1528747975974     
        8600  -1319.6642199115843     
        8650  -1326.1335261163943     
        8700  -1332.6769593388676     
        8750  -1339.1821501126090     
        8800  -1345.6672781636087     
        8850  -1352.0874406234741     
        8900  -1358.4486379944731     
        8950  -1364.7757750035303     
        9000  -1371.0968598639686     
        9050  -1377.4498517656039     
        9100  -1383.7670240933696     
        9150  -1390.0593580312475     
        9200  -1396.3347660042366     
        9250  -1402.5759493706473     
        9300  -1408.7586309615021     
        9350  -1414.8813388337690     
        9400  -1420.9493321930574     
        9450  -1426.9895496130916     
        9500  -1433.1045117238998     
        9550  -1439.2164365154247     
        9600  -1445.2671817041028     
        9650  -1451.2807097618127     
        9700  -1457.2677197316934     
        9750  -1463.2117547886326     
        9800  -1469.1367257907834     
        9850  -1475.0338571035452     
        9900  -1480.8732949560444     
        9950  -1486.6657007797808     
       10000  -1492.4339754363300     
       10050  -1498.1556356906822     
       10100  -1503.8996616351030     
       10150  -1509.6269049030373     
       10200  -1515.3797755718244     
       10250  -1521.1984943779373     
       10300  -1527.0642730371123     
       10350  -1532.9168984376786     
       10400  -1538.7236109890703     
       10450  -1544.5493784376736     
       10500  -1550.4485866089949     
       10550  -1556.3241845408218     
       10600  -1562.2774977057682     
       10650  -1568.2245506666009     
       10700  -1574.2215422018830     
       10750  -1580.2110647275181     
       10800  -1586.1782065373995     
       10850  -1592.1811434796755     
       10900  -1598.1627541362006     
       10950  -1604.1007522496238     
       11000  -1610.0300177937504     
       11050  -1615.9230158534904     
       11100  -1621.8861350536920     
       11150  -1627.8907658622086     
       11200  -1633.8769457623246     
       11250  -1639.8674245430427     
       11300  -1645.9521620241906     
       11350  -1652.1074101674953     
       11400  -1658.3637441549806     
       11450  -1664.5869612191416     
       11500  -1670.7627136637911     
       11550  -1676.8909812280735     
       11600  -1683.0361680724714     
       11650  -1689.1725716849460     
       11700  -1695.3158573183046     
       11750  -1701.4990981072199     
       11800  -1707.6408172375352     
       11850  -1713.7408331617087     
       11900  -1719.7956665690426     
       11950  -1725.8026048923250     
       12000  -1731.7728240144695     
       12050  -1737.7103470621007     
       12100  -1743.6325990804246     
       12150  -1749.5478865504847     
       12200  -1755.4622783834591     
       12250  -1761.3704668009775     
       12300  -1767.2943750083216     
       12350  -1773.1834832667560     
       12400  -1779.0434037474508     
       12450  -1784.8739380710133     
       12500  -1790.6924867242651     
       12550  -1796.4657595676017     
       12600  -1802.1977222272383     
       12650  -1807.9775578956080     
       12700  -1813.7610940242923     
       12750  -1819.5110654771142     
       12800  -1825.2402006440359     
       12850  -1830.9247875187293     
       12900  -1836.5939163075359     
       12950  -1842.2437664595482     
       13000  -1847.8809826360794     
       13050  -1853.5650693365358     
       13100  -1859.3097468320400     
       13150  -1865.0130834056906     
       13200  -1870.6898621234122     
       13250  -1876.3711005417460     
       13300  -1882.0190415941568     
       13350  -1887.6279105854562     
       13400  -1893.2182691713419     
       13450  -1898.7825864718750     
       13500  -1904.3279525356736     
       13550  -1909.8640265468975     
       13600  -1915.3695115500493     
       13650  -1920.8651356095540     
       13700  -1926.3384500182983     
       13750  -1931.7846894488209     
       13800  -1937.2253321395424     
       13850  -1942.6537207624274     
       13900  -1948.0661685420587     
       13950  -1953.4682390663982     
       14000  -1958.8673766434758     
       14050  -1964.2339883826014     
       14100  -1969.5650815675403     
       14150  -1974.9372209754779     
       14200  -1980.3677671285677     
       14250  -1985.7624244044466     
       14300  -1991.1315188627170     
       14350  -1996.4730166533659     
       14400  -2001.7885386963790     
       14450  -2007.1069960289897     
       14500  -2012.4304914657064     
       14550  -2017.7367721291896     
       14600  -2023.0139069594716     
       14650  -2028.2744697508749     
       14700  -2033.5136676570191     
       14750  -2038.7235366274051     
       14800  -2043.9009390951362     
       14850  -2049.0497375861441     
       14900  -2054.1729598569914     
       14950  -2059.2758680541147     
       15000  -2064.3537215387728     
       15050  -2069.4608670883226     
       15100  -2074.5823729118183     
       15150  -2079.6717706246818     
       15200  -2084.7319312021000     
       15250  -2089.8087285638435     
       15300  -2094.8639773322079     
       15350  -2099.9279646942887     
       15400  -2104.9749935688988     
       15450  -2110.0108909268743     
       15500  -2115.0418503943288     
       15550  -2120.0486684037160     
       15600  -2125.0445211436872     
       15650  -2130.0439755207440     
       15700  -2135.0122584695487     
       15750  -2139.9802408390447     
       15800  -2144.9209010626660     
       15850  -2149.8376957544001     
       15900  -2154.7430672573551     
       15950  -2159.6179705255959     
       16000  -2164.4713306903600     
       16050  -2169.3124421826828     
       16100  -2174.1305853691956     
       16150  -2178.9225945284297     
       16200  -2183.6951642952736     
       16250  -2188.4684209311099     
       16300  -2193.3105180111083     
       16350  -2198.1495747949007     
       16400  -2202.9637247061783     
       16450  -2207.7674817870447     
       16500  -2212.5475568674979     
       16550  -2217.3024169935306     
       16600  -2222.0322958991001     
       16650  -2226.7518527042876     
       16700  -2231.4626336158735     
       16750  -2236.1690671870429     
       16800  -2240.8546437109794     
       16850  -2245.5208332914722     
       16900  -2250.2204843584514     
       16950  -2254.9101271496684     
       17000  -2259.5779884268973     
       17050  -2264.2199978376270     
       17100  -2268.8357276106826     
       17150  -2273.4330677490684     
       17200  -2278.0274609115736     
       17250  -2282.5956483952141     
       17300  -2287.1442152590121     
       17350  -2291.7093242732694     
       17400  -2296.2642848361297     
       17450  -2300.8785006511612     
       17500  -2305.5473475632593     
       17550  -2310.1914415205888     
       17600  -2314.8326845301713     
       17650  -2319.4774427286438     
       17700  -2324.1045082731544     
       17750  -2328.7152827141085     
       17800  -2333.3038901418554     
       17850  -2337.8850433157122     
       17900  -2342.4431501526810     
       17950  -2346.9768055193481     
       18000  -2351.4900023473961     
       18050  -2356.0073031137499     
       18100  -2360.5375699587375     
       18150  -2365.0480932530963     
       18200  -2369.5403378209194     
       18250  -2374.0106389725847     
       18300  -2378.4588889235501     
       18350  -2382.9032605388907     
       18400  -2387.3275314024381     
       18450  -2391.7290987276069     
       18500  -2396.1069639615935     
       18550  -2400.4641116592320     
       18600  -2404.8021087105576     
       18650  -2409.1191670353082     
       18700  -2413.4150585114071     
       18750  -2417.6949929676298     
       18800  -2421.9568213968450     
       18850  -2426.1996679655904     
       18900  -2430.4205794140785     
       18950  -2434.6237826862812     
       19000  -2438.8126995946423     
       19050  -2442.9863334094912     
       19100  -2447.1389474182320     
       19150  -2451.2700021877431     
       19200  -2455.3803982415334     
       19250  -2459.4984673527642     
       19300  -2463.6166042333789     
       19350  -2467.7210122458073     
       19400  -2471.8142177008326     
       19450  -2475.8894437042395     
       19500  -2479.9439898417204     
       19550  -2483.9793922515100     
       19600  -2487.9950021468007     
       19650  -2492.0280034533894     
       19700  -2496.1118924560828     
       19750  -2500.1770713951773     
       19800  -2504.2278881265474     
       19850  -2508.2671538428417     
       19900  -2512.3147052578915     
       19950  -2516.3430802333492     
       20000  -2520.3536628117322     
       20050  -2524.3460525119808     
       20100  -2528.3197692783015     
       20150  -2532.2776565340632     
       20200  -2536.2267445575521     
       20250  -2540.1620205467279     
       20300  -2544.0825153636351     
       20350  -2547.9872695215581     
       20400  -2551.8857999928782     
       20450  -2555.7712581898236     
       20500  -2559.6377711478021     
       20550  -2563.4854689575668     
       20600  -2567.3150102542213     
       20650  -2571.1333337021338     
       20700  -2574.9367846166920     
       20750  -2578.7219056473241     
       20800  -2582.4890887998818     
       20850  -2586.2439618592166     
       20900  -2589.9911536729460     
       20950  -2593.7417661610261     
       21000  -2597.4984745221000     
       21050  -2601.2452252838539     
       21100  -2605.0033673724902     
       21150  -2608.7762691046423     
       21200  -2612.5347353701618     
       21250  -2616.2784534894631     
       21300  -2620.0045954673596     
       21350  -2623.7157988621311     
       21400  -2627.4113323173033     
       21450  -2631.0898908257045     
       21500  -2634.7889914699704     
       21550  -2638.5001143961417     
       21600  -2642.2073013704294     
       21650  -2645.9233870011221     
       21700  -2649.6414997816723     
       21750  -2653.3434728116858     
       21800  -2657.0284643140385     
       21850  -2660.6965908667239     
       21900  -2664.3495063765431     
       21950  -2667.9963813549539     
       22000  -2671.6274843959454     
       22050  -2675.2423405297095     
       22100  -2678.8443500359022     
       22150  -2682.4311339907194     
       22200  -2686.0038808288587     
       22250  -2689.5780751444900     
       22300  -2693.1484720334706     
       22350  -2696.7232580478371     
       22400  -2700.3102752529530     
       22450  -2703.8868428737437     
       22500  -2707.4565904967772     
       22550  -2711.0165894191014     
       22600  -2714.5610350700131     
       22650  -2718.0911642285359     
       22700  -2721.6060065066386     
       22750  -2725.1471562402926     
       22800  -2728.6778117362587     
       22850  -2732.1930187219664     
       22900  -2735.7127537394090     
       22950  -2739.2375064006387     
       23000  -2742.7478502843032     
       23050  -2746.2434564507325     
       23100  -2749.7383206637828     
       23150  -2753.2275664228473     
       23200  -2756.7073537185970     
       23250  -2760.1721822083073     
       23300  -2763.6284151346458     
       23350  -2767.0805941375734     
       23400  -2770.5211217541264     
       23450  -2773.9511410850546     
       23500  -2777.3779922789386     
       23550  -2780.7904905810165     
       23600  -2784.1889408500297     
       23650  -2787.5810281422864     
       23700  -2790.9643938136064     
       23750  -2794.3359057082685     
       23800  -2797.6951313855761     
       23850  -2801.0473212014035     
       23900  -2804.3873365971031     
       23950  -2807.7134280890100     
       24000  -2811.0257347208858     
       24050  -2814.3258929264098     
       24100  -2817.6142801955020     
       24150  -2820.8934905232309     
       24200  -2824.1642841723960     
       24250  -2827.4259762771280     
       24300  -2830.6744258427393     
       24350  -2833.9102852827664     
       24400  -2837.1503304589392     
       24450  -2840.3997030781584     
       24500  -2843.6899415136249     
       24550  -2847.0175349845231     
       24600  -2850.3711180454229     
       24650  -2853.7478996521227     
       24700  -2857.1210987322893     
       24750  -2860.4806687252635     
       24800  -2863.8266920650403     
       24850  -2867.1592505221620     
       24900  -2870.4802364525431     
       24950  -2873.8081580732105     
       25000  -2877.1501297466966     
       25050  -2880.4809252242208     
       25100  -2883.7986355064222     
       25150  -2887.1077337383713     
       25200  -2890.4394475163695     
       25250  -2893.7589300658151     
       25300  -2897.0811370114807     
       25350  -2900.3951404870595     
       25400  -2903.7097409567982     
       25450  -2907.0194087588443     
       25500  -2910.3175990455652     
       25550  -2913.6139073872491     
       25600  -2916.9019327693645     
       25650  -2920.1809876257676     
       25700  -2923.4529397765305     
       25750  -2926.7249693513622     
       25800  -2929.9866897833358     
       25850  -2933.2359334983789     
       25900  -2936.4730007098760     
       25950  -2939.6997906934671     
       26000  -2942.9186297613696     
       26050  -2946.1251124412956     
       26100  -2949.3193097469689     
       26150  -2952.5110824017129     
       26200  -2955.6971374100472     
       26250  -2958.8742723018695     
       26300  -2962.0474102114845     
       26350  -2965.2086721622545     
       26400  -2968.3579596359382     
       26450  -2971.4953405407232     
       26500  -2974.6268034061204     
       26550  -2977.7525579127337     
       26600  -2980.8666882944581     
       26650  -2983.9692315888224     
       26700  -2987.0602318873289     
       26750  -2990.1404975234141     
       26800  -2993.2107125856264     
       26850  -2996.2695880623141     
       26900  -2999.3188450243078     
       26950  -3002.3663953872515     
       27000  -3005.4077219465557     
       27050  -3008.4421850635663     
       27100  -3011.5118918319786     
       27150  -3014.5762354027852     
       27200  -3017.6409898166849     
       27250  -3020.6949207720727     
       27300  -3023.7383171779279     
       27350  -3026.7710063728705     
       27400  -3029.7951040335183     
       27450  -3032.8146480347159     
       27500  -3035.8291961799750     
       27550  -3038.8600389862859     
       27600  -3041.8857290747696     
       27650  -3044.9035341672857     
       27700  -3047.9138970094687     
       27750  -3050.9154843153819     
       27800  -3053.9072028786195     
       27850  -3056.8892928215987     
       27900  -3059.8608459505585     
       27950  -3062.8241527629352     
       28000  -3065.7806299118656     
       28050  -3068.7352697747647     
       28100  -3071.7010706604824     
       28150  -3074.6588519406259     
       28200  -3077.6126469316432     
       28250  -3080.5585868834114     
       28300  -3083.4941171533715     
       28350  -3086.4194759496700     
       28400  -3089.3572161406810     
       28450  -3092.2984890573903     
       28500  -3095.2526345123092     
       28550  -3098.1993208171898     
       28600  -3101.1376798942679     
       28650  -3104.0713900591481     
       28700  -3107.0017110713493     
       28750  -3109.9324795122566     
       28800  -3112.8562531193988     
       28850  -3115.7742741466705     
       28900  -3118.6934359570819     
       28950  -3121.6151169058944     
       29000  -3124.5341643500624     
       29050  -3127.4440085335368     
       29100  -3130.3486050048823     
       29150  -3133.2441271584298     
       29200  -3136.1303475119807     
       29250  -3139.0078298946655     
       29300  -3141.8787632146359     
       29350  -3144.7424546466482     
       29400  -3147.5973492390963     
       29450  -3150.4651067477475     
       29500  -3153.3359952376563     
       29550  -3156.2080028606770     
       29600  -3159.0835863555599     
       29650  -3161.9569739365966     
       29700  -3164.8396200876632     
       29750  -3167.7189227667600     
       29800  -3170.5954197994938     
       29850  -3173.4697169590695     
       29900  -3176.3358462131737     
       29950  -3179.1927172715555     
       30000  -3182.0445682890272     
       30050  -3184.8902244956948     
       30100  -3187.7278468203376     
       30150  -3190.5574480550913     
       30200  -3193.3789842482215     
       30250  -3196.1920175244959     
       30300  -3198.9957770196997     
       30350  -3201.7904007955708     
       30400  -3204.5758488662086     
       30450  -3207.3521538045129     
       30500  -3210.1352990975884     
       30550  -3212.9258249779364     
       30600  -3215.7309183447273     
       30650  -3218.5330823800600     
       30700  -3221.3303053868926     
       30750  -3224.1898750850364     
       30800  -3227.0480066965265     
       30850  -3229.9111229609753     
       30900  -3232.7650298290923     
       30950  -3235.6123142521419     
       31000  -3238.4553070632205     
       31050  -3241.2910058935545     
       31100  -3244.1175867212187     
       31150  -3246.9376205865674     
       31200  -3249.7506567233413     
       31250  -3252.5559501164562     
       31300  -3255.3522809108708     
       31350  -3258.1396919898330     
       31400  -3260.9182259634476     
       31450  -3263.6879251708510     
       31500  -3266.4488316823576     
       31550  -3269.2011659001123     
       31600  -3271.9471770783816     
       31650  -3274.6936747030582     
       31700  -3277.4402271806048     
       31750  -3280.1781436044198     
       31800  -3282.9074574950746     
       31850  -3285.6319228228563     
       31900  -3288.3494679397445     
       31950  -3291.0587492084996     
       32000  -3293.7598933141371     
       32050  -3296.4545897974344     
       32100  -3299.1438703848803     
       32150  -3301.8249493054454     
       32200  -3304.4979144730419     
       32250  -3307.1637971254104     
       32300  -3309.8229954044432     
       32350  -3312.4808753210273     
       32400  -3315.1365188648019     
       32450  -3317.7846217400443     
       32500  -3320.4245766064391     
       32550  -3323.0565794531399     
       32600  -3325.6858901989281     
       32650  -3328.3261014164777     
       32700  -3330.9701728084547     
       32750  -3333.6212675930433     
       32800  -3336.2644690989141     
       32850  -3338.8996243292722     
       32900  -3341.5297167821459     
       32950  -3344.1543591164159     
       33000  -3346.7721540550151     
       33050  -3349.3824464519153     
       33100  -3351.9863105580685     
       33150  -3354.5851454280346     
       33200  -3357.1764162063832     
       33250  -3359.7603104099362     
       33300  -3362.3364995172074     
       33350  -3364.9137904874228     
       33400  -3367.4924040527108     
       33450  -3370.0633347438020     
       33500  -3372.6265915444446     
       33550  -3375.1853641848206     
       33600  -3377.7433123876308     
       33650  -3380.2960912606836     
       33700  -3382.8454537231109     
       33750  -3385.3898639199560     
       33800  -3387.9305234438493     
       33850  -3390.4707338976336     
       33900  -3393.0056988263095     
       33950  -3395.5342362057745     
       34000  -3398.0613654777535     
       34050  -3400.5913458324426     
       34100  -3403.1142826912178     
       34150  -3405.6301641192908     
       34200  -3408.1386891689194     
       34250  -3410.6398900578192     
       34300  -3413.1455873720961     
       34350  -3415.6495295607642     
       34400  -3418.1476471388164     
       34450  -3420.6387496884895     
       34500  -3423.1226316510620     
       34550  -3425.5993243749585     
       34600  -3428.0731705938970     
       34650  -3430.5436620539940     
       34700  -3433.0081545134335     
       34750  -3435.4957014359625     
       34800  -3437.9767495685001     
       34850  -3440.4523499002762     
       34900  -3442.9213610538986     
       34950  -3445.3836724094672     
       35000  -3447.8389604123049     
       35050  -3450.2872905366721     
       35100  -3452.7286453615402     
       35150  -3455.1630874310695     
       35200  -3457.5907459394375     
       35250  -3460.0145113997983     
       35300  -3462.4354176220659     
       35350  -3464.8504494993413     
       35400  -3467.2590456971789     
       35450  -3469.6608617676748     
       35500  -3472.0559362599388     
       35550  -3474.4443831907993     
       35600  -3476.8275629585646     
       35650  -3479.2058311962824     
       35700  -3481.5777982578934     
       35750  -3483.9438339607514     
       35800  -3486.3034824774127     
       35850  -3488.6676439052708     
       35900  -3491.0309979589833     
       35950  -3493.3893537809299     
       36000  -3495.7420671131736     
       36050  -3498.0884069748686     
       36100  -3500.4288315015001     
       36150  -3502.7627828813570     
       36200  -3505.0912469701275     
       36250  -3507.4174779684122     
       36300  -3509.7461860951753     
       36350  -3512.0696327689202     
       36400  -3514.3870689619189     
       36450  -3516.6984452013303     
       36500  -3519.0044836694924     
       36550  -3521.3063272898726     
       36600  -3523.6170121889613     
       36650  -3525.9464288518943     
       36700  -3528.2705740291776     
       36750  -3530.5904527896996     
       36800  -3532.9066906471853     
       36850  -3535.2217820171286     
       36900  -3537.5355738575290     
       36950  -3539.8446060847723     
       37000  -3542.1503245375070     
       37050  -3544.4498197285607     
       37100  -3546.7470789564750     
       37150  -3549.0383724024132     
       37200  -3551.3243597277110     
       37250  -3553.6142621091217     
       37300  -3555.9022489190156     
       37350  -3558.1857466433080     
       37400  -3560.4631387587119     
       37450  -3562.7344497202694     
       37500  -3565.0006158774613     
       37550  -3567.2649478832741     
       37600  -3569.5235285185581     
       37650  -3571.7761686489339     
       37700  -3574.0228360358751     
       37750  -3576.2639566701669     
       37800  -3578.5012701953046     
       37850  -3580.7326727203758     
       37900  -3582.9892115521238     
       37950  -3585.2459163758499     
       38000  -3587.4975843563038     
       38050  -3589.7437957828397     
       38100  -3591.9841133662635     
       38150  -3594.2188003831625     
       38200  -3596.4479775370855     
       38250  -3598.6747928109257     
       38300  -3600.8978088241338     
       38350  -3603.1165731275632     
       38400  -3605.3317455532606     
       38450  -3607.5419597687951     
       38500  -3609.7468675357286     
       38550  -3611.9460556975596     
       38600  -3614.1397673537163     
       38650  -3616.3298220104402     
       38700  -3618.5152016852508     
       38750  -3620.6962060224241     
       38800  -3622.8726929224413     
       38850  -3625.0595917045375     
       38900  -3627.2548662411591     
       38950  -3629.4476652828293     
       39000  -3631.6359730720442     
       39050  -3633.8192590495091     
       39100  -3635.9978592658695     
       39150  -3638.1725111594137     
       39200  -3640.3437751930842     
       39250  -3642.5107125380950     
       39300  -3644.6721693878530     
       39350  -3646.8281333358327     
       39400  -3648.9786252940967     
       39450  -3651.1236660686891     
       39500  -3653.2632763603083     
       39550  -3655.3974767649702     
       39600  -3657.5262877746704     
       39650  -3659.6507029006561     
       39700  -3661.7707387520595     
       39750  -3663.8854411799371     
       39800  -3665.9965833259812     
       39850  -3668.1038156156992     
       39900  -3670.2058292250731     
       39950  -3672.3026493968987     
       40000  -3674.3955559822380     
       40050  -3676.4844662257078     
       40100  -3678.5742077794666     
       40150  -3680.6612527650827     
       40200  -3682.7431297537883     
       40250  -3684.8233869497903     
       40300  -3686.9023443552628     
       40350  -3688.9822454697319     
       40400  -3691.0569983141154     
       40450  -3693.1268116660040     
       40500  -3695.1923505036839     
       40550  -3697.2536101369919     
       40600  -3699.3097927761291     
       40650  -3701.3609171553917     
       40700  -3703.4173969783151     
       40750  -3705.4764754875018     
       40800  -3707.5354997269797     
       40850  -3709.5896360824049     
       40900  -3711.6394212504065     
       40950  -3713.6848935189628     
       41000  -3715.7253768307664     
       41050  -3717.7625028380344     
       41100  -3719.7952985622769     
       41150  -3721.8231543212114     
       41200  -3723.8461308135106     
       41250  -3725.8644448301970     
       41300  -3727.8778718880058     
       41350  -3729.8864836263606     
       41400  -3731.8903692874455     
       41450  -3733.8895828907325     
       41500  -3735.8840626752576     
       41550  -3737.8747704979405     
       41600  -3739.8613224134147     
       41650  -3741.8431046964383     
       41700  -3743.8201345039633     
       41750  -3745.7924289107518     
       41800  -3747.7600072604405     
       41850  -3749.7245052233034     
       41900  -3751.6916849028221     
       41950  -3753.6541752386474     
       42000  -3755.6121012914195     
       42050  -3757.5670406185873     
       42100  -3759.5183015685157     
       42150  -3761.4667927450955     
       42200  -3763.4167182579417     
       42250  -3765.3683474141876     
       42300  -3767.3206161315984     
       42350  -3769.2713253977840     
       42400  -3771.2225906911426     
       42450  -3773.1694503711828     
       42500  -3775.1117292049171     
       42550  -3777.0494433410399     
       42600  -3778.9938130393980     
       42650  -3780.9456055585892     
       42700  -3782.8929546096879     
       42750  -3784.8411894502451     
       42800  -3786.7872674136893     
       42850  -3788.7298480575778     
       42900  -3790.6684844960764     
       42950  -3792.6026927332077     
       43000  -3794.5330680254388     
       43050  -3796.4598408012621     
       43100  -3798.3821431066071     
       43150  -3800.2999904819289     
       43200  -3802.2133983957333     
       43250  -3804.1235182540076     
       43300  -3806.0312870107855     
       43350  -3807.9347431388715     
       43400  -3809.8339097934454     
       43450  -3811.7300250227117     
       43500  -3813.6223884506330     
       43550  -3815.5105193721438     
       43600  -3817.3943328964151     
       43650  -3819.2738306966903     
       43700  -3821.1498797338754     
       43750  -3823.0235262735873     
       43800  -3824.8978660086159     
       43850  -3826.7714708625326     
       43900  -3828.6409774979229     
       43950  -3830.5144247787666     
       44000  -3832.3836142248811     
       44050  -3834.2617901745625     
       44100  -3836.1371755373757     
       44150  -3838.0083131417227     
       44200  -3839.8782802671662     
       44250  -3841.7450512704140     
       44300  -3843.6077503432916     
       44350  -3845.4664323802631     
       44400  -3847.3261220180225     
       44450  -3849.1821577939595     
       44500  -3851.0512170540778     
       44550  -3852.9269916013582     
       44600  -3854.8011928664655     
       44650  -3856.6754291028037     
       44700  -3858.5469961987565     
       44750  -3860.4150333415664     
       44800  -3862.2795736918520     
       44850  -3864.1478848399797     
       44900  -3866.0152391205006     
       44950  -3867.8814157369216     
       45000  -3869.7447474098321     
       45050  -3871.6048630590226     
       45100  -3873.4628883925125     
       45150  -3875.3204230448900     
       45200  -3877.1836877826745     
       45250  -3879.0625443926747     
       45300  -3880.9414218105931     
       45350  -3882.8314664885143     
       45400  -3884.7193996294445     
       45450  -3886.6034506259675     
       45500  -3888.4869372526641     
       45550  -3890.3688676326587     
       45600  -3892.2466709723462     
       45650  -3894.1214964570436     
       45700  -3895.9930329351273     
       45750  -3897.8606992724303     
       45800  -3899.7252362292529     
       45850  -3901.5857716756846     
       45900  -3903.4429697244523     
       45950  -3905.2961259929180     
       46000  -3907.1452536607999     
       46050  -3908.9906511247009     
       46100  -3910.8320658302200     
       46150  -3912.6694904713713     
       46200  -3914.5109136368037     
       46250  -3916.3547383098767     
       46300  -3918.1956583276960     
       46350  -3920.0326891972277     
       46400  -3921.8658391944068     
       46450  -3923.6988728167184     
       46500  -3925.5279742625503     
       46550  -3927.3550266021825     
       46600  -3929.1798335985641     
       46650  -3931.0035235372907     
       46700  -3932.8238291424150     
       46750  -3934.6408321328981     
       46800  -3936.4606929126739     
       46850  -3938.2766692510845     
       46900  -3940.0887735717156     
       46950  -3941.8970182452313     
       47000  -3943.7014512099331     
       47050  -3945.5043933226520     
       47100  -3947.3093778248781     
       47150  -3949.1240610358177     
       47200  -3950.9353162044358     
       47250  -3952.7429332998213     
       47300  -3954.5467287945826     
       47350  -3956.3467147951628     
       47400  -3958.1429033569234     
       47450  -3959.9357306346783     
       47500  -3961.7411914343120     
       47550  -3963.5579032126043     
       47600  -3965.3711450921437     
       47650  -3967.1813086677621     
       47700  -3968.9913117852116     
       47750  -3970.7977348824988     
       47800  -3972.6016748460006     
       47850  -3974.4077858452306     
       47900  -3976.2117620498152     
       47950  -3978.0187187157508     
       48000  -3979.8248479741346     
       48050  -3981.6345019364558     
       48100  -3983.4449408108894     
       48150  -3985.2524413943524     
       48200  -3987.0561919766046     
       48250  -3988.8567195085943     
       48300  -3990.6541444611303     
       48350  -3992.4540757239160     
       48400  -3994.2551646033889     
       48450  -3996.0525360651536     
       48500  -3997.8462016063786     
       48550  -3999.6361726768700     
       48600  -4001.4225481335916     
       48650  -4003.2055257281613     
       48700  -4004.9851496978545     
       48750  -4006.7635440868939     
       48800  -4008.5387008868083     
       48850  -4010.3105590523610     
       48900  -4012.0796246073191     
       48950  -4013.8455464860149     
       49000  -4015.6087935276159     
       49050  -4017.3687395498810     
       49100  -4019.1308229220208     
       49150  -4020.8949012922844     
       49200  -4022.6588082483058     
       49250  -4024.4205217936292     
       49300  -4026.1790068047590     
       49350  -4027.9349939044132     
       49400  -4029.6875775004228     
       49450  -4031.4367314773494     
       49500  -4033.1823541449417     
       49550  -4034.9272792668835     
       49600  -4036.6715457200721     
       49650  -4038.4125632466535     
       49700  -4040.1521959508418     
       49750  -4041.8964841715438     
       49800  -4043.6414294752399     
       49850  -4045.3828743871532     
       49900  -4047.1215103288969     
       49950  -4048.8594151067823     
       50000  -4050.5944671307930     
       50050  -4052.3260525173928     
       50100  -4054.0541816457362     
       50150  -4055.7789027367944     
       50200  -4057.5020641913698     
       50250  -4059.2279018803233     
       50300  -4060.9503084804314     
       50350  -4062.6692942134096     
       50400  -4064.3848692604097     
       50450  -4066.0970437622223     
       50500  -4067.8058278194767     
       50550  -4069.5112314928397     
       50600  -4071.2132648032116     
       50650  -4072.9121718071847     
       50700  -4074.6093208533534     
       50750  -4076.3036151653359     
       50800  -4077.9955706035394     
       50850  -4079.6887909916863     
       50900  -4081.3787141819034     
       50950  -4083.0657785199919     
       51000  -4084.7541389639705     
       51050  -4086.4403098013263     
       51100  -4088.1231808914458     
       51150  -4089.8027619110085     
       51200  -4091.4791714272828     
       51250  -4093.1523371160197     
       51300  -4094.8223210586989     
       51350  -4096.4895869866014     
       51400  -4098.1560885607005     
       51450  -4099.8215681275369     
       51500  -4101.4846879499064     
       51550  -4103.1445815456573     
       51600  -4104.8012582933534     
       51650  -4106.4548692905455     
       51700  -4108.1056122563350     
       51750  -4109.7538068837866     
       51800  -4111.4022472789811     
       51850  -4113.0475084255822     
       51900  -4114.6937916075076     
       51950  -4116.3584503621496     
       52000  -4118.0282681233048     
       52050  -4119.6963034041310     
       52100  -4121.3656929159024     
       52150  -4123.0394396121947     
       52200  -4124.7108055061462     
       52250  -4126.3796048422701     
       52300  -4128.0454513079912     
       52350  -4129.7086760808706     
       52400  -4131.3687267606729     
       52450  -4133.0256124248790     
       52500  -4134.6845677063520     
       52550  -4136.3523730249181     
       52600  -4138.0170076109398     
       52650  -4139.6784804978424     
       52700  -4141.3380303569829     
       52750  -4142.9945125653585     
       52800  -4144.6478574968241     
       52850  -4146.2980740556659     
       52900  -4147.9467638545912     
       52950  -4149.5928443770335     
       53000  -4151.2360935823890     
       53050  -4152.8766537690790     
       53100  -4154.5141243885619     
       53150  -4156.1485141602197     
       53200  -4157.7798317706520     
       53250  -4159.4111816214972     
       53300  -4161.0445281928178     
       53350  -4162.6748674726696     
       53400  -4164.3034385698866     
       53450  -4165.9298987332832     
       53500  -4167.5564305906573     
       53550  -4169.1808401085773     
       53600  -4170.8034655995152     
       53650  -4172.4230666254189     
       53700  -4174.0509774554812     
       53750  -4175.6911798293386     
       53800  -4177.3295333596043     
       53850  -4178.9660515195428     
       53900  -4180.5995334676827     
       53950  -4182.2312535322144     
       54000  -4183.8600687459129     
       54050  -4185.4867320458416     
       54100  -4187.1104061422602     
       54150  -4188.7310817638927     
       54200  -4190.3487841826473     
       54250  -4191.9639116511080     
       54300  -4193.5760646675099     
       54350  -4195.1852514410111     
       54400  -4196.8027436986858     
       54450  -4198.4362526221621     
       54500  -4200.0667642815588     
       54550  -4201.6965241709840     
       54600  -4203.3254539344971     
       54650  -4204.9516587401267     
       54700  -4206.5753082213378     
       54750  -4208.1962145497509     
       54800  -4209.8146330284071     
       54850  -4211.4301524919938     
       54900  -4213.0429355537353     
       54950  -4214.6529778959220     
       55000  -4216.2601144556011     
       55050  -4217.8643316028183     
       55100  -4219.4656372851596     
       55150  -4221.0648362590491     
       55200  -4222.6642702660401     
       55250  -4224.2913652865354     
       55300  -4225.9155180013886     
       55350  -4227.5382568450004     
       55400  -4229.1612900733471     
       55450  -4230.7848869568306     
       55500  -4232.4055584405241     
       55550  -4234.0242178537046     
       55600  -4235.6445847822515     
       55650  -4237.2645008468826     
       55700  -4238.8819688654539     
       55750  -4240.4965606394126     
       55800  -4242.1084840675812     
       55850  -4243.7175213302562     
       55900  -4245.3237359743216     
       55950  -4246.9280979839941     
       56000  -4248.5333517558374     
       56050  -4250.1357415602024     
       56100  -4251.7352750547552     
       56150  -4253.3319598698881     
       56200  -4254.9258036088368     
       56250  -4256.5168138478057     
       56300  -4258.1057498598657     
       56350  -4259.6921032855244     
       56400  -4261.2766020630070     
       56450  -4262.8597297138358     
       56500  -4264.4415471210968     
       56550  -4266.0271547139600     
       56600  -4267.6107915643706     
       56650  -4269.1916349135217     
       56700  -4270.7752606132608     
       56750  -4272.3578401553332     
       56800  -4273.9379067643595     
       56850  -4275.5152755291956     
       56900  -4277.0898721169397     
       56950  -4278.6617038292015     
       57000  -4280.2391734300618     
       57050  -4281.8177675513025     
       57100  -4283.3935970593702     
       57150  -4284.9668435088561     
       57200  -4286.5378351738736     
       57250  -4288.1064077532819     
       57300  -4289.6723219419191     
       57350  -4291.2355056786155     
       57400  -4292.7959660986962     
       57450  -4294.3577027515921     
       57500  -4295.9194279491712     
       57550  -4297.4788524515889     
       57600  -4299.0409932045941     
       57650  -4300.6021212781279     
       57700  -4302.1615067957428     
       57750  -4303.7181920786961     
       57800  -4305.2721841345156     
       57850  -4306.8313584703901     
       57900  -4308.3906021608582     
       57950  -4309.9471551805918     
       58000  -4311.5014278709859     
       58050  -4313.0589273407659     
       58100  -4314.6154563039408     
       58150  -4316.1694673995144     
       58200  -4317.7212082921533     
       58250  -4319.2703816979219     
       58300  -4320.8168978594276     
       58350  -4322.3661771853922     
       58400  -4323.9319807968077     
       58450  -4325.4951055312149     
       58500  -4327.0560028619630     
       58550  -4328.6144835636005     
       58600  -4330.1740097373931     
       58650  -4331.7370191480441     
       58700  -4333.2991060613440     
       58750  -4334.8592792730033     
       58800  -4336.4191164540371     
       58850  -4337.9764385659591     
       58900  -4339.5312250448760     
       58950  -4341.0851405886042     
       59000  -4342.6370987750788     
       59050  -4344.1864287512462     
       59100  -4345.7507488099855     
       59150  -4347.3132474278464     
       59200  -4348.8732997938841     
       59250  -4350.4311291597614     
       59300  -4351.9863314946670     
       59350  -4353.5402908551468     
       59400  -4355.0917219686562     
       59450  -4356.6405434419421     
       59500  -4358.1867618539272     
       59550  -4359.7303837614427     
       59600  -4361.2714156993152     
       59650  -4362.8098641804600     
       59700  -4364.3457356959743     
       59750  -4365.8791985979833     
       59800  -4367.4115673211008     
       59850  -4368.9439804979083     
       59900  -4370.4785474622895     
       59950  -4372.0113707709497     
       60000  -4373.5417946900825     
       60050  -4375.0696700265025     
       60100  -4376.5950031410648     
       60150  -4378.1195792781091     
       60200  -4379.6431496550395     
       60250  -4381.1645338548287     
       60300  -4382.6841730881379     
       60350  -4384.2015748513268     
       60400  -4385.7265832930834     
       60450  -4387.2732711531771     
       60500  -4388.8174025044109     
       60550  -4390.3591015655984     
       60600  -4391.8983418639273     
       60650  -4393.4350442557452     
       60700  -4394.9692150126511     
       60750  -4396.5008603855958     
       60800  -4398.0299866049654     
       60850  -4399.5565998806724     
       60900  -4401.0840859166929     
       60950  -4402.6107580368016     
       61000  -4404.1368798052818     
       61050  -4405.6810203092264     
       61100  -4407.2292477089495     
       61150  -4408.7797254493244     
       61200  -4410.3287326641503     
       61250  -4411.8752108876060     
       61300  -4413.4199494197119     
       61350  -4414.9624626577724     
       61400  -4416.5038044283601     
       61450  -4418.0449447158835     
       61500  -4419.5836194804406     
       61550  -4421.1197934785396     
       61600  -4422.6539839836014     
       61650  -4424.1857690116140     
       61700  -4425.7150882747401     
       61750  -4427.2419899529950     
       61800  -4428.7664209165596     
       61850  -4430.2883871574677     
       61900  -4431.8147346815049     
       61950  -4433.3401434903990     
       62000  -4434.8630919625048     
       62050  -4436.3843584608330     
       62100  -4437.9101213958620     
       62150  -4439.4335156075485     
       62200  -4440.9546063659800     
       62250  -4442.4767946602851     
       62300  -4443.9965430915181     
       62350  -4445.5138698105065     
       62400  -4447.0287649161628     
       62450  -4448.5412342490317     
       62500  -4450.0512836309690     
       62550  -4451.5619784378541     
       62600  -4453.0738999998839     
       62650  -4454.5835702900349     
       62700  -4456.0908328125788     
       62750  -4457.5956933231346     
       62800  -4459.0983263493399     
       62850  -4460.5988393121042     
       62900  -4462.0969667216687     
       62950  -4463.5927155577165     
       63000  -4465.0861311131084     
       63050  -4466.5777915547969     
       63100  -4468.0694783039426     
       63150  -4469.5591084245389     
       63200  -4471.0463815354515     
       63250  -4472.5313032264257     
       63300  -4474.0138790695464     
       63350  -4475.4941146193087     
       63400  -4476.9720159673661     
       63450  -4478.4475886319269     
       63500  -4479.9208375600074     
       63550  -4481.3917682364317     
       63600  -4482.8603861287729     
       63650  -4484.3272531618722     
       63700  -4485.7927246403069     
       63750  -4487.2558973399509     
       63800  -4488.7167763567832     
       63850  -4490.1770278395979     
       63900  -4491.6413860859675     
       63950  -4493.1034544836320     
       64000  -4494.5632383994252     
       64050  -4496.0208685087027     
       64100  -4497.4772884985568     
       64150  -4498.9352167873021     
       64200  -4500.3908837741583     
       64250  -4501.8442926797934     
       64300  -4503.2954412294312     
       64350  -4504.7443455016100     
       64400  -4506.1910791315977     
       64450  -4507.6357657746194     
       64500  -4509.0783809173727     
       64550  -4510.5187611799674     
       64600  -4511.9569862097242     
       64650  -4513.3939979501256     
       64700  -4514.8326238187965     
       64750  -4516.2690278714526     
       64800  -4517.7056205101344     
       64850  -4519.1417382905065     
       64900  -4520.5756432545759     
       64950  -4522.0106807521133     
       65000  -4523.4466173806886     
       65050  -4524.8804355822367     
       65100  -4526.3120512980686     
       65150  -4527.7415069698072     
       65200  -4529.1687833450360     
       65250  -4530.5939236098957     
       65300  -4532.0173276425803     
       65350  -4533.4389485221191     
       65400  -4534.8591419551922     
       65450  -4536.2772868931816     
       65500  -4537.6939165100594     
       65550  -4539.1086893552838     
       65600  -4540.5213046110393     
       65650  -4541.9363820762583     
       65700  -4543.3518598910960     
       65750  -4544.7655093499607     
       65800  -4546.1776397647809     
       65850  -4547.5876257142791     
       65900  -4548.9959954079131     
       65950  -4550.4039201336336     
       66000  -4551.8097172673170     
       66050  -4553.2133860177555     
       66100  -4554.6149304490864     
       66150  -4556.0163451834978     
       66200  -4557.4173346309390     
       66250  -4558.8162093773281     
       66300  -4560.2129742070556     
       66350  -4561.6076338900921     
       66400  -4563.0001931820398     
       66450  -4564.3910587472219     
       66500  -4565.7802678744774     
       66550  -4567.1673895349759     
       66600  -4568.5524284302192     
       66650  -4569.9354462651854     
       66700  -4571.3166793264372     
       66750  -4572.6958431246767     
       66800  -4574.0739755641125     
       66850  -4575.4503076118590     
       66900  -4576.8245823620755     
       66950  -4578.1968882267511     
       67000  -4579.5671890125695     
       67050  -4580.9357340896158     
       67100  -4582.3027512089166     
       67150  -4583.6677325618439     
       67200  -4585.0306826925207     
       67250  -4586.3917622254703     
       67300  -4587.7509753299319     
       67350  -4589.1081703006075     
       67400  -4590.4633516288932     
       67450  -4591.8165237928679     
       67500  -4593.1676912573394     
       67550  -4594.5168584738994     
       67600  -4595.8645238891504     
       67650  -4597.2104748641877     
       67700  -4598.5544377284796     
       67750  -4599.8979929060897     
       67800  -4601.2399121398894     
       67850  -4602.5801073961984     
       67900  -4603.9194537094872     
       67950  -4605.2569503671693     
       68000  -4606.5933306180232     
       68050  -4607.9283194309073     
       68100  -4609.2613495424112     
       68150  -4610.5933690061247     
       68200  -4611.9236153016936     
       68250  -4613.2519125184408     
       68300  -4614.5782649369212     
       68350  -4615.9032900980928     
       68400  -4617.2280313832798     
       68450  -4618.5530723305565     
       68500  -4619.8768133229232     
       68550  -4621.1986232562194     
       68600  -4622.5185063528788     
       68650  -4623.8364668230315     
       68700  -4625.1525088645521     
       68750  -4626.4690131675961     
       68800  -4627.7871661130148     
       68850  -4629.1034045298284     
       68900  -4630.4187893882508     
       68950  -4631.7335375833391     
       69000  -4633.0463891037261     
       69050  -4634.3574180786272     
       69100  -4635.6665497612348     
       69150  -4636.9737882671507     
       69200  -4638.2791377000804     
       69250  -4639.5826021518806     
       69300  -4640.8849234909148     
       69350  -4642.1860852924974     
       69400  -4643.4853722211665     
       69450  -4644.7897728628104     
       69500  -4646.0971668183729     
       69550  -4647.4026809839188     
       69600  -4648.7063194107222     
       69650  -4650.0080861384204     
       69700  -4651.3080201900229     
       69750  -4652.6069589427798     
       69800  -4653.9047934223036     
       69850  -4655.2007745523288     
       69900  -4656.4949016320970     
       69950  -4657.7871786374117     
       70000  -4659.0776095327192     
       70050  -4660.3664136958141     
       70100  -4661.6537022430857     
       70150  -4662.9394957978429     
       70200  -4664.2234718968775     
       70250  -4665.5056864417102     
       70300  -4666.7863115033679     
       70350  -4668.0661186163597     
       70400  -4669.3445859481526     
       70450  -4670.6216456297707     
       70500  -4671.8969738738460     
       70550  -4673.1711296766780     
       70600  -4674.4444325422173     
       70650  -4675.7159407354175     
       70700  -4676.9857693990280     
       70750  -4678.2540208859855     
       70800  -4679.5207813874722     
       70850  -4680.7857539418856     
       70900  -4682.0489423319059     
       70950  -4683.3104448415206     
       71000  -4684.5751151153654     
       71050  -4685.8545052233621     
       71100  -4687.1419204989861     
       71150  -4688.4284383797894     
       71200  -4689.7134455808064     
       71250  -4690.9966492629437     
       71300  -4692.2788016869363     
       71350  -4693.5595184492586     
       71400  -4694.8384710962664     
       71450  -4696.1157641341342     
       71500  -4697.3916833533976     
       71550  -4698.6658193172880     
       71600  -4699.9381757616766     
       71650  -4701.2091827482991     
       71700  -4702.4807037504233     
       71750  -4703.7592665316424     
       71800  -4705.0367236115171     
       71850  -4706.3132628044696     
       71900  -4707.5880268628753     
       71950  -4708.8610226609026     
       72000  -4710.1322504092113     
       72050  -4711.4017137886804     
       72100  -4712.6701714117953     
       72150  -4713.9369737103134     
       72200  -4715.2020705327714     
       72250  -4716.4654163561663     
       72300  -4717.7270148132784     
       72350  -4718.9890790293784     
       72400  -4720.2496753987552     
       72450  -4721.5086654992765     
       72500  -4722.7671213944923     
       72550  -4724.0238426847527     
       72600  -4725.2788329539517     
       72650  -4726.5320957761187     
       72700  -4727.7836347154489     
       72750  -4729.0334533263394     
       72800  -4730.2827944078563     
       72850  -4731.5318438818394     
       72900  -4732.7793091518661     
       72950  -4734.0250643941063     
       73000  -4735.2691131223164     
       73050  -4736.5114588406313     
       73100  -4737.7521050435998     
       73150  -4738.9946334393771     
       73200  -4740.2380430196172     
       73250  -4741.4797551123766     
       73300  -4742.7197731913657     
       73350  -4743.9583402493163     
       73400  -4745.1969957299852     
       73450  -4746.4339796512295     
       73500  -4747.6692806011524     
       73550  -4748.9030278168448     
       73600  -4750.1352878807320     
       73650  -4751.3658748148646     
       73700  -4752.5947920245271     
       73750  -4753.8220429057701     
       73800  -4755.0514835366039     
       73850  -4756.2834303095560     
       73900  -4757.5137100368074     
       73950  -4758.7423260997903     
       74000  -4759.9692818707954     
       74050  -4761.1947886581529     
       74100  -4762.4187072127752     
       74150  -4763.6418745023075     
       74200  -4764.8645371528610     
       74250  -4766.0855531197112     
       74300  -4767.3102908451792     
       74350  -4768.5348991045366     
       74400  -4769.7582562925281     
       74450  -4770.9799702875207     
       74500  -4772.2041618290605     
       74550  -4773.4303770713032     
       74600  -4774.6549546197512     
       74650  -4775.8778940848342     
       74700  -4777.0991964154255     
       74750  -4778.3189663434214     
       74800  -4779.5409836435447     
       74850  -4780.7630028976082     
       74900  -4781.9841986237252     
       74950  -4783.2094727372023     
       75000  -4784.4331131518620     
       75050  -4785.6551231329240     
       75100  -4786.8755059369150     
       75150  -4788.0942648116916     
       75200  -4789.3114930345973     
       75250  -4790.5271935802039     
       75300  -4791.7413670232072     
       75350  -4792.9541298180275     
       75400  -4794.1658952596008     
       75450  -4795.3760546502244     
       75500  -4796.5846517575565     
       75550  -4797.7918897888248     
       75600  -4798.9984417421238     
       75650  -4800.2033987820669     
       75700  -4801.4070205551752     
       75750  -4802.6091740083648     
       75800  -4803.8098167751077     
       75850  -4805.0093386802091     
       75900  -4806.2072801875438     
       75950  -4807.4037307835451     
       76000  -4808.5990002849539     
       76050  -4809.7926980973407     
       76100  -4810.9848273186462     
       76150  -4812.1753910386769     
       76200  -4813.3643923391264     
       76250  -4814.5518347550460     
       76300  -4815.7377674539057     
       76350  -4816.9221517241367     
       76400  -4818.1049857531752     
       76450  -4819.2862725826999     
       76500  -4820.4667303042052     
       76550  -4821.6459522047799     
       76600  -4822.8236346511749     
       76650  -4824.0014333379740     
       76700  -4825.1787087070416     
       76750  -4826.3544501668330     
       76800  -4827.5286607132657     
       76850  -4828.7013433344591     
       76900  -4829.8725010107610     
       76950  -4831.0421367147746     
       77000  -4832.2102534113801     
       77050  -4833.3768540577630     
       77100  -4834.5428581743290     
       77150  -4835.7084190972118     
       77200  -4836.8724702261534     
       77250  -4838.0350144927916     
       77300  -4839.1961010558407     
       77350  -4840.3557592004872     
       77400  -4841.5140041456989     
       77450  -4842.6707536164804     
       77500  -4843.8268331247364     
       77550  -4844.9824799171629     
       77600  -4846.1394606488930     
       77650  -4847.2949513861186     
       77700  -4848.4489550052795     
       77750  -4849.6014743754122     
       77800  -4850.7525979708280     
       77850  -4851.9022795907886     
       77900  -4853.0510194619465     
       77950  -4854.1986896366134     
       78000  -4855.3456905047597     
       78050  -4856.4912218010068     
       78100  -4857.6352863478332     
       78150  -4858.7778869604999     
       78200  -4859.9200164660715     
       78250  -4861.0720084497016     
       78300  -4862.2243404706060     
       78350  -4863.3756385076413     
       78400  -4864.5263841070255     
       78450  -4865.6756628541480     
       78500  -4866.8234919556053     
       78550  -4867.9698933723594     
       78600  -4869.1150168268641     
       78650  -4870.2589546910758     
       78700  -4871.4015107522291     
       78750  -4872.5426284727619     
       78800  -4873.6824105137730     
       78850  -4874.8208154072654     
       78900  -4875.9577774555182     
       78950  -4877.0932993998476     
       79000  -4878.2273839746267     
       79050  -4879.3600802667897     
       79100  -4880.4960419382169     
       79150  -4881.6381870906107     
       79200  -4882.7788901405384     
       79250  -4883.9182072614094     
       79300  -4885.0562567968345     
       79350  -4886.1928721173454     
       79400  -4887.3280626153601     
       79450  -4888.4618309809157     
       79500  -4889.5941732227411     
       79550  -4890.7251144609172     
       79600  -4891.8548366705863     
       79650  -4892.9838698518870     
       79700  -4894.1123420619888     
       79750  -4895.2393992599145     
       79800  -4896.3650854720208     
       79850  -4897.4894825290585     
       79900  -4898.6134534673974     
       79950  -4899.7368550765650     
       80000  -4900.8588524337201     
       80050  -4901.9796045588137     
       80100  -4903.0994708994849     
       80150  -4904.2180699251521     
       80200  -4905.3352741889430     
       80250  -4906.4510862978877     
       80300  -4907.5655686118453     
       80350  -4908.6796152071574     
       80400  -4909.8006811835212     
       80450  -4910.9203536658188     
       80500  -4912.0386352506221     
       80550  -4913.1555285280583     
       80600  -4914.2710360818255     
       80650  -4915.3851604892143     
       80700  -4916.4979043211297     
       80750  -4917.6092701421076     
       80800  -4918.7195727678427     
       80850  -4919.8289702030661     
       80900  -4920.9369963188401     
       80950  -4922.0436536562129     
       81000  -4923.1489447499589     
       81050  -4924.2528721285980     
       81100  -4925.3554383144156     
       81150  -4926.4566543415503     
       81200  -4927.5565158128029     
       81250  -4928.6583207961230     
       81300  -4929.7591366746428     
       81350  -4930.8585993683100     
       81400  -4931.9581731021854     
       81450  -4933.0640662169590     
       81500  -4934.1686024076644     
       81550  -4935.2723852577647     
       81600  -4936.3766934678497     
       81650  -4937.4931488608063     
       81700  -4938.6100718196121     
       81750  -4939.7257466485280     
       81800  -4940.8407064549710     
       81850  -4941.9543040625067     
       81900  -4943.0665419660036     
       81950  -4944.1774773959005     
       82000  -4945.2870615185111     
       82050  -4946.3952933143410     
       82100  -4947.5021752541479     
       82150  -4948.6077098026699     
       82200  -4949.7119710001634     
       82250  -4950.8151757828391     
       82300  -4951.9170400979774     
       82350  -4953.0175652646785     
       82400  -4954.1167547709756     
       82450  -4955.2146111183820     
       82500  -4956.3123366759992     
       82550  -4957.4106913328487     
       82600  -4958.5081113569986     
       82650  -4959.6042035892251     
       82700  -4960.6989704378584     
       82750  -4961.7924143054051     
       82800  -4962.8845375885712     
       82850  -4963.9753426782754     
       82900  -4965.0648319596685     
       82950  -4966.1531944653134     
       83000  -4967.2406420898651     
       83050  -4968.3267803253439     
       83100  -4969.4127578073922     
       83150  -4970.4994658348796     
       83200  -4971.5848677229114     
       83250  -4972.6689664295218     
       83300  -4973.7550258075044     
       83350  -4974.8411793413552     
       83400  -4975.9260305328380     
       83450  -4977.0105338748390     
       83500  -4978.0942387560399     
       83550  -4979.1767263099537     
       83600  -4980.2579237246928     
       83650  -4981.3384720950980     
       83700  -4982.4186155252792     
       83750  -4983.4974692319620     
       83800  -4984.5750355237205     
       83850  -4985.6544926266870     
       83900  -4986.7387731223516     
       83950  -4987.8225896377371     
       84000  -4988.9051217564556     
       84050  -4989.9863673775053     
       84100  -4991.0664579182876     
       84150  -4992.1456782067316     
       84200  -4993.2236300511913     
       84250  -4994.3003223512442     
       84300  -4995.3757374362312     
       84350  -4996.4498775774300     
       84400  -4997.5227450407374     
       84450  -4998.6005765136697     
       84500  -4999.6775301530770     
       84550  -5000.7536526040267     
       84600  -5001.8290659668855     
       84650  -5002.9032089063976     
       84700  -5003.9760836724281     
       84750  -5005.0476925095300     
       84800  -5006.1180376569664     
       84850  -5007.1871213487184     
       84900  -5008.2549458135081     
       84950  -5009.3215611568576     
       85000  -5010.3869226352372     
       85050  -5011.4510314840127     
       85100  -5012.5141393229014     
       85150  -5013.5761093905630     
       85200  -5014.6368330144833     
       85250  -5015.6963123878186     
       85300  -5016.7545496985822     
       85350  -5017.8115471296614     
       85400  -5018.8673068588305     
       85450  -5019.9218310587676     
       85500  -5020.9774908354530     
       85550  -5022.0403106985241     
       85600  -5023.1018889496054     
       85650  -5024.1622277631495     
       85700  -5025.2215561280364     
       85750  -5026.2799064873925     
       85800  -5027.3370620319893     
       85850  -5028.3933342196960     
       85900  -5029.4483767540996     
       85950  -5030.5021917811919     
       86000  -5031.5547814419733     
       86050  -5032.6062095258512     
       86100  -5033.6565918120068     
       86150  -5034.7057548500070     
       86200  -5035.7600544059924     
       86250  -5036.8140158845708     
       86300  -5037.8667587922137     
       86350  -5038.9182825418848     
       86400  -5039.9685892501793     
       86450  -5041.0176810287940     
       86500  -5042.0655599845441     
       86550  -5043.1122282193737     
       86600  -5044.1576964461428     
       86650  -5045.2019600215672     
       86700  -5046.2450191407333     
       86750  -5047.2868758862751     
       86800  -5048.3277847392883     
       86850  -5049.3736392990768     
       86900  -5050.4185942833119     
       86950  -5051.4623907479918     
       87000  -5052.5049874466213     
       87050  -5053.5463864465728     
       87100  -5054.5865898104739     
       87150  -5055.6255995962174     
       87200  -5056.6651431152641     
       87250  -5057.7049155332224     
       87300  -5058.7434969174819     
       87350  -5059.7810335319400     
       87400  -5060.8196411659928     
       87450  -5061.8570611412306     
       87500  -5062.8932954936390     
       87550  -5063.9283462545545     
       87600  -5064.9622655150542     
       87650  -5065.9950823336239     
       87700  -5067.0267804688456     
       87750  -5068.0573028796953     
       87800  -5069.0866515748157     
       87850  -5070.1148312224950     
       87900  -5071.1418468132360     
       87950  -5072.1676946773259     
       88000  -5073.1923768052056     
       88050  -5074.2174169578338     
       88100  -5075.2433939204420     
       88150  -5076.2682069840566     
       88200  -5077.2918581280983     
       88250  -5078.3145862168085     
       88300  -5079.3366591677977     
       88350  -5080.3579057092920     
       88400  -5081.3804188209024     
       88450  -5082.4017758973387     
       88500  -5083.4219788979817     
       88550  -5084.4410297777886     
       88600  -5085.4589304873025     
       88650  -5086.4756829726657     
       88700  -5087.4912891756321     
       88750  -5088.5057510335819     
       88800  -5089.5191844264946     
       88850  -5090.5315172207138     
       88900  -5091.5427112828811     
       88950  -5092.5527685332854     
       89000  -5093.5616908879038     
       89050  -5094.5694854373896     
       89100  -5095.5761652952406     
       89150  -5096.5817159552689     
       89200  -5097.5861393163514     
       89250  -5098.5894372731082     
       89300  -5099.5925157630800     
       89350  -5100.5944900530621     
       89400  -5101.6027493395741     
       89450  -5102.6124820236319     
       89500  -5103.6210865147459     
       89550  -5104.6285647026880     
       89600  -5105.6349184730088     
       89650  -5106.6401497070547     
       89700  -5107.6442602819779     
       89750  -5108.6472520707439     
       89800  -5109.6491269421513     
       89850  -5110.6512547344964     
       89900  -5111.6545108452774     
       89950  -5112.6566539521355     
       90000  -5113.6576835666528     
       90050  -5114.6576015436185     
       90100  -5115.6564097337068     
       90150  -5116.6541099834849     
       90200  -5117.6508549593591     
       90250  -5118.6466682192840     
       90300  -5119.6414516845680     
       90350  -5120.6353417384853     
       90400  -5121.6281323565026     
       90450  -5122.6200842702556     
       90500  -5123.6111274863270     
       90550  -5124.6022130745869     
       90600  -5125.5923596878692     
       90650  -5126.5814140268958     
       90700  -5127.5693778980731     
       90750  -5128.5562531038277     
       90800  -5129.5421714778759     
       90850  -5130.5276869457202     
       90900  -5131.5121182381317     
       90950  -5132.4954671431960     
       91000  -5133.4786343452924     
       91050  -5134.4608814046669     
       91100  -5135.4427072433627     
       91150  -5136.4234559280949     
       91200  -5137.4031292304962     
       91250  -5138.3817340250798     
       91300  -5139.3593128990387     
       91350  -5140.3358216264469     
       91400  -5141.3112619635622     
       91450  -5142.2859524533396     
       91500  -5143.2605253202446     
       91550  -5144.2340512461560     
       91600  -5145.2065543088056     
       91650  -5146.1781323998148     
       91700  -5147.1486509727320     
       91750  -5148.1186499534188     
       91800  -5149.0877953037625     
       91850  -5150.0558855149111     
       91900  -5151.0229223090719     
       91950  -5151.9889074047078     
       92000  -5152.9538425165447     
       92050  -5153.9177293555813     
       92100  -5154.8805696291038     
       92150  -5155.8423650406903     
       92200  -5156.8036019419233     
       92250  -5157.7641476163926     
       92300  -5158.7236526129909     
       92350  -5159.6821186220459     
       92400  -5160.6395473302255     
       92450  -5161.5959404205487     
       92500  -5162.5512995723966     
       92550  -5163.5056264615187     
       92600  -5164.4589227600482     
       92650  -5165.4113595437993     
       92700  -5166.3656755982838     
       92750  -5167.3191103191275     
       92800  -5168.2719187725534     
       92850  -5169.2243024326381     
       92900  -5170.1756609219365     
       92950  -5171.1260068310785     
       93000  -5172.0753375621507     
       93050  -5173.0241153161469     
       93100  -5173.9722717974601     
       93150  -5174.9194103974187     
       93200  -5175.8657331217755     
       93250  -5176.8113200157150     
       93300  -5177.7559078760469     
       93350  -5178.6994838586497     
       93400  -5179.6420495885941     
       93450  -5180.5836066874745     
       93500  -5181.5241567734138     
       93550  -5182.4637014610789     
       93600  -5183.4022423616852     
       93650  -5184.3397810830056     
       93700  -5185.2763269820443     
       93750  -5186.2118749554074     
       93800  -5187.1464255428718     
       93850  -5188.0799803385544     
       93900  -5189.0125409331758     
       93950  -5189.9441089140728     
       94000  -5190.8746858652030     
       94050  -5191.8043408197527     
       94100  -5192.7331386984924     
       94150  -5193.6609500685981     
       94200  -5194.5878524208156     
       94250  -5195.5139664412200     
       94300  -5196.4390983682842     
       94350  -5197.3656346578773     
       94400  -5198.2917853549961     
       94450  -5199.2169875628260     
       94500  -5200.1417547559031     
       94550  -5201.0667603124102     
       94600  -5201.9938026915534     
       94650  -5202.9202686592607     
       94700  -5203.8471860334012     
       94750  -5204.7736590277427     
       94800  -5205.7029834604209     
       94850  -5206.6313281098282     
       94900  -5207.5587156624015     
       94950  -5208.4851581934654     
       95000  -5209.4106595256044     
       95050  -5210.3363607278552     
       95100  -5211.2623606574325     
       95150  -5212.1891937218215     
       95200  -5213.1178409280419     
       95250  -5214.0455131765648     
       95300  -5214.9722120019524     
       95350  -5215.8979389355463     
       95400  -5216.8228832560289     
       95450  -5217.7500177459005     
       95500  -5218.6767261874038     
       95550  -5219.6028994565077     
       95600  -5220.5281039251213     
       95650  -5221.4523411125338     
       95700  -5222.3756125348600     
       95750  -5223.3009556248517     
       95800  -5224.2317898301972     
       95850  -5225.1616589388377     
       95900  -5226.0905584237989     
       95950  -5227.0184898009065     
       96000  -5227.9464905176719     
       96050  -5228.8752391842727     
       96100  -5229.8042010375921     
       96150  -5230.7321967319376     
       96200  -5231.6592277737946     
       96250  -5232.5866548670447     
       96300  -5233.5131755039201     
       96350  -5234.4387345210380     
       96400  -5235.3633334146934     
       96450  -5236.2869766600570     
       96500  -5237.2096637033492     
       96550  -5238.1320394566255     
       96600  -5239.0561252542238     
       96650  -5239.9792549361482     
       96700  -5240.9014299855171     
       96750  -5241.8226518823794     
       96800  -5242.7429221037291     
       96850  -5243.6622421235079     
       96900  -5244.5822057986970     
       96950  -5245.5111289310780     
       97000  -5246.4394942281424     
       97050  -5247.3669029406665     
       97100  -5248.2936304458563     
       97150  -5249.2217773579659     
       97200  -5250.1498312395261     
       97250  -5251.0773424495028     
       97300  -5252.0039004105474     
       97350  -5252.9295065914584     
       97400  -5253.8541624580148     
       97450  -5254.7778694729896     
       97500  -5255.7027216151964     
       97550  -5256.6285562433050     
       97600  -5257.5534422703604     
       97650  -5258.4773811535060     
       97700  -5259.4003743469048     
       97750  -5260.3224443215040     
       97800  -5261.2438130879373     
       97850  -5262.1642628255195     
       97900  -5263.0838250397910     
       97950  -5264.0024484462883     
       98000  -5264.9201814902863     
       98050  -5265.8372090757375     
       98100  -5266.7537308015935     
       98150  -5267.6693187304800     
       98200  -5268.5839742887665     
       98250  -5269.4983940924094     
       98300  -5270.4122745091454     
       98350  -5271.3252257134600     
       98400  -5272.2375669300473     
       98450  -5273.1492114615894     
       98500  -5274.0599304656880     
       98550  -5274.9697253510612     
       98600  -5275.8785975235687     
       98650  -5276.7866779256428     
       98700  -5277.6938886377047     
       98750  -5278.6001806553741     
       98800  -5279.5055553734310     
       98850  -5280.4100141838317     
       98900  -5281.3135584757174     
       98950  -5282.2161896354246     
       99000  -5283.1179090464848     
       99050  -5284.0187180896392     
       99100  -5284.9186181428404     
       99150  -5285.8176105812636     
       99200  -5286.7159110582188     
       99250  -5287.6167802080045     
       99300  -5288.5183499073892     
       99350  -5289.4190121385309     
       99400  -5290.3187682708485     
       99450  -5291.2176196710070     
       99500  -5292.1155677029237     
       99550  -5293.0126137277775     
       99600  -5293.9088843676227     
       99650  -5294.8042909018977     
       99700  -5295.6987993353359     
       99750  -5296.5924110184651     
       99800  -5297.4851272991054     
       99850  -5298.3769495223796     
       99900  -5299.2678790307154     
       99950  -5300.1580534486075     
      100000  -5301.0474017940141     
