  0.26807163366400116       0.84047390544023792        6.7057216958011659E-002   2.2352405652670552E-002   78.250257601622451     
  0.33368661827432022        5.9709588759954337E-002   6.7057216958011659E-002   2.2352405652670552E-002   133.97150009734440     
  0.11951638543609776       0.37649402083004052        6.7057216958011659E-002   2.2352405652670552E-002   102.01443737313487     
  0.26818355794703064       0.54326727332612068        6.7057216958011659E-002   2.2352405652670552E-002   127.29635248598177     
  0.51882920703452151        7.1593318738482237E-002   6.7057216958011659E-002   2.2352405652670552E-002   94.563422341547394     
   3.0844923353276328E-002   2.9649107952387559E-002   6.7057216958011659E-002   2.2352405652670552E-002   53.191258221053019     
  0.80141039292843952       0.38153774765082332        6.7057216958011659E-002   2.2352405652670552E-002   148.84870798985477     
  0.52012295929281260       0.60124790484901058        6.7057216958011659E-002   2.2352405652670552E-002   64.136050173344216     
  0.57877415591448700       0.60382799859249126        6.7057216958011659E-002   2.2352405652670552E-002   96.829957689645880     
   2.5990176007610766E-002  0.42232298796379009        6.7057216958011659E-002   2.2352405652670552E-002   39.235659806537946     
   1.0336971084830995E-002  0.57447905691006751        6.7057216958011659E-002   2.2352405652670552E-002   24.826829704121003     
  0.28454482227676725       0.21138101264099737        6.7057216958011659E-002   2.2352405652670552E-002   157.03483694696851     
   7.3766230694232507E-002  0.93957177960756511        6.7057216958011659E-002   2.2352405652670552E-002   44.092499626969200     
  0.51841325597155918       0.81343464867846738        6.7057216958011659E-002   2.2352405652670552E-002   136.50140625104285     
  0.17937819613472705       0.79912360700966500        6.7057216958011659E-002   2.2352405652670552E-002   80.342107395911185     
  0.90898356821635085       0.76826307454416953        6.7057216958011659E-002   2.2352405652670552E-002   13.571557658297197     
  0.96138183142957478       0.88653001789185548        6.7057216958011659E-002   2.2352405652670552E-002   136.99488443185817     
  0.45273575911263741       0.70092431207335670        6.7057216958011659E-002   2.2352405652670552E-002   79.558042508286249     
  0.55594090756726322        8.1271834933229842E-002   6.7057216958011659E-002   2.2352405652670552E-002   135.24974047030693     
  0.98597538834805976       0.97943903972108814        6.7057216958011659E-002   2.2352405652670552E-002   46.070991622300021     
  0.19058989885450225       0.46039707311460026        6.7057216958011659E-002   2.2352405652670552E-002   25.921041242679816     
  0.17058779432436838       0.69011159803379518        6.7057216958011659E-002   2.2352405652670552E-002   59.720382921738796     
  0.60566183877710578       0.60763486584192328        6.7057216958011659E-002   2.2352405652670552E-002   117.34551538055240     
  0.14258299768580296       0.47937226239465203        6.7057216958011659E-002   2.2352405652670552E-002   103.14472068720556     
  0.49165149643766692       0.70991308770029138        6.7057216958011659E-002   2.2352405652670552E-002   142.65371254531925     
  0.13981069751353456       0.13247367237578062        6.7057216958011659E-002   2.2352405652670552E-002   140.09120863175610     
  0.31721627027877752       0.24295656323348938        6.7057216958011659E-002   2.2352405652670552E-002   96.335846525173139     
  0.32940770310734185       0.50929873031643969        6.7057216958011659E-002   2.2352405652670552E-002   17.103960466960739     
  0.73650441942422129       0.23678360814700275        6.7057216958011659E-002   2.2352405652670552E-002   20.486507884391202     
  0.98926242604305248       0.31782631590246962        6.7057216958011659E-002   2.2352405652670552E-002   166.99190810570127     
  0.35372844760628325       0.93011010819280915        6.7057216958011659E-002   2.2352405652670552E-002   127.03672536561342     
  0.49840547953008940       0.88116376056349999        6.7057216958011659E-002   2.2352405652670552E-002  0.58848414105416835     
  0.12237387119326722       0.11042586865947066        6.7057216958011659E-002   2.2352405652670552E-002   136.87118045918194     
  0.66390043656878972       0.25836989435922214        6.7057216958011659E-002   2.2352405652670552E-002   100.69466543339499     
   8.8205274076770881E-002  0.83827720371416437        6.7057216958011659E-002   2.2352405652670552E-002   67.717624712268858     
  0.16779830784669900       0.23198463280341283        6.7057216958011659E-002   2.2352405652670552E-002   60.176725953361817     
  0.30265929643337985        4.2913035392194099E-002   6.7057216958011659E-002   2.2352405652670552E-002   103.15044667911155     
  0.64405726443271505       0.95059312036192045        6.7057216958011659E-002   2.2352405652670552E-002   134.40810867803600     
  0.96261534133102000       0.29090555919099070        6.7057216958011659E-002   2.2352405652670552E-002   117.96293939782765     
  0.60946429065288887       0.45934597307461472        6.7057216958011659E-002   2.2352405652670552E-002   113.13418819960486     
   3.0799989499783815E-002  0.88987090934825963        6.7057216958011659E-002   2.2352405652670552E-002   39.698040693687950     
  0.56277340120732466       0.73113995484705363        6.7057216958011659E-002   2.2352405652670552E-002   177.45659163934658     
  0.12006672496695216       0.44678077868592103        6.7057216958011659E-002   2.2352405652670552E-002   165.48868562329483     
  0.33258041193212151       0.66422784052219430        6.7057216958011659E-002   2.2352405652670552E-002   100.12569754881984     
   4.5697561876984663E-002  0.11745322161967438        6.7057216958011659E-002   2.2352405652670552E-002   155.26180070697006     
  0.27395663911406304       0.74141559568774962        6.7057216958011659E-002   2.2352405652670552E-002   103.12867124259334     
  0.87392696221411936       0.43396776221678618        6.7057216958011659E-002   2.2352405652670552E-002   40.680484246621447     
  0.30487391752052123       0.74194041057496452        6.7057216958011659E-002   2.2352405652670552E-002   77.506538910584439     
  0.17567012497350237       0.58025315021604995        6.7057216958011659E-002   2.2352405652670552E-002   26.788268397330683     
   5.3904526481098891E-003  0.66017046361046294        6.7057216958011659E-002   2.2352405652670552E-002   67.286345579353792     
  0.45751891390945365       0.96012717847306184        6.7057216958011659E-002   2.2352405652670552E-002   34.530472617405543     
   5.0462498997093611E-002  0.36520249726131704        6.7057216958011659E-002   2.2352405652670552E-002   3.6060323764163771     
  0.34789674652777552       0.84260394026063190        6.7057216958011659E-002   2.2352405652670552E-002   94.347974034528136     
  0.78392246460693760       0.56974111561888408        6.7057216958011659E-002   2.2352405652670552E-002   146.74936337219359     
  0.74523769597929135       0.67338353152205888        6.7057216958011659E-002   2.2352405652670552E-002   101.40144363330803     
  0.13464113356907473        3.2759654259328690E-002   6.7057216958011659E-002   2.2352405652670552E-002   96.476172912155604     
  0.66177630388538511       0.43302937012542458        6.7057216958011659E-002   2.2352405652670552E-002   152.33605501035444     
  0.70643038781435585        4.5231569654533066E-002   6.7057216958011659E-002   2.2352405652670552E-002   62.437096623076691     
  0.90178127801109231       0.68369925372941087        6.7057216958011659E-002   2.2352405652670552E-002   12.307088100399117     
  0.43122175527316287       0.14943938522165151        6.7057216958011659E-002   2.2352405652670552E-002   61.539298297530209     
  0.87114365269061034       0.89982263603340729        6.7057216958011659E-002   2.2352405652670552E-002   177.58823322551319     
  0.44873428113833885       0.25291584620786467        6.7057216958011659E-002   2.2352405652670552E-002   161.50115014477529     
  0.60087808388524844       0.27862546630008533        6.7057216958011659E-002   2.2352405652670552E-002   163.19376443557903     
  0.65634125875761928       0.84984735843546355        6.7057216958011659E-002   2.2352405652670552E-002   172.32891973152672     
  0.51361223302953540       0.39126024412242066        6.7057216958011659E-002   2.2352405652670552E-002   140.17503241280920     
  0.72176812615815578       0.87502665830730741        6.7057216958011659E-002   2.2352405652670552E-002   164.80265089251350     
  0.32636167594481275       0.13517160291859678        6.7057216958011659E-002   2.2352405652670552E-002   45.104049639936640     
  0.15765684270886968       0.92939068969471339        6.7057216958011659E-002   2.2352405652670552E-002   140.47567589298470     
  0.60386758570422694       0.10731913584168208        6.7057216958011659E-002   2.2352405652670552E-002   130.82849634970643     
  0.95102346617898248       0.59065208598992414        6.7057216958011659E-002   2.2352405652670552E-002   88.958744488420564     
  0.23228154309132729        3.0885366888047531E-003   6.7057216958011659E-002   2.2352405652670552E-002   164.86823281659733     
  0.66457853091892227        4.4503751586472032E-002   6.7057216958011659E-002   2.2352405652670552E-002   123.75411018803685     
  0.33041873109767472       0.37210636329557167        6.7057216958011659E-002   2.2352405652670552E-002   54.340274826587802     
  0.46833509377725296       0.85993023291711579        6.7057216958011659E-002   2.2352405652670552E-002   137.68313830698224     
  0.37416178265430217       0.84481346032519411        6.7057216958011659E-002   2.2352405652670552E-002   105.22154891692645     
  0.43088256317001233       0.34946210330448857        6.7057216958011659E-002   2.2352405652670552E-002   150.54721786222117     
  0.63966590900954723        3.0387431614235842E-002   6.7057216958011659E-002   2.2352405652670552E-002   132.83380220009627     
  0.84984246325394985       0.26241683524445825        6.7057216958011659E-002   2.2352405652670552E-002   126.47280334131246     
  0.80503359270425778       0.65316827070206618        6.7057216958011659E-002   2.2352405652670552E-002   51.557637673290074     
  0.76179207551853456       0.54565490129600502        6.7057216958011659E-002   2.2352405652670552E-002   103.90373134534674     
   6.2997194714313601E-002  0.68327446298542993        6.7057216958011659E-002   2.2352405652670552E-002   124.97742591895219     
  0.10875317645417010       0.56110908504817725        6.7057216958011659E-002   2.2352405652670552E-002   42.985477155430964     
  0.53940296387513442       0.41669086531992933        6.7057216958011659E-002   2.2352405652670552E-002   149.78790509978865     
  0.44349103453072952       0.49129035761816942        6.7057216958011659E-002   2.2352405652670552E-002   149.67721094613100     
  0.93040347975633564       0.51560286076832651        6.7057216958011659E-002   2.2352405652670552E-002   165.09452389694496     
  0.65230379580308195       0.67685868879079680        6.7057216958011659E-002   2.2352405652670552E-002   101.92669062561761     
   5.5655844305313576E-002  0.14966856725323219        6.7057216958011659E-002   2.2352405652670552E-002   4.3286181755515498     
  0.94723676495027032       0.99449212180749835        6.7057216958011659E-002   2.2352405652670552E-002   100.15965582503506     
  0.69575959439668900       0.95509541550553090        6.7057216958011659E-002   2.2352405652670552E-002   38.927700833116923     
  0.59522854849997942       0.82481990447549725        6.7057216958011659E-002   2.2352405652670552E-002   43.371213257104685     
   1.1108138764952091E-002   9.2740192558568260E-002   6.7057216958011659E-002   2.2352405652670552E-002   97.493955899023575     
  0.43433620591388672       0.98202027750744258        6.7057216958011659E-002   2.2352405652670552E-002   61.009413991728877     
  0.38204635421677757       0.76862864885331461        6.7057216958011659E-002   2.2352405652670552E-002   134.26258398584071     
  0.30147350189520400       0.97952969831455139        6.7057216958011659E-002   2.2352405652670552E-002   147.59483602156914     
   9.7225355887598480E-002  0.23722969567896596        6.7057216958011659E-002   2.2352405652670552E-002   111.87532655354718     
  0.31317452353184105       0.58493513659706542        6.7057216958011659E-002   2.2352405652670552E-002   35.716150346851343     
  0.78596905817662743       0.32231862756400931        6.7057216958011659E-002   2.2352405652670552E-002   49.894116677809464     
  0.23647649119891401       0.27417619230696116        6.7057216958011659E-002   2.2352405652670552E-002   157.42397871033205     
  0.72754578087187272       0.63317951442099707        6.7057216958011659E-002   2.2352405652670552E-002   151.06139821848780     
  0.11547903457809372       0.90905715977655266        6.7057216958011659E-002   2.2352405652670552E-002   82.262942807679110     
  0.55256060075324676       0.43847808244035580        6.7057216958011659E-002   2.2352405652670552E-002   145.16628448717955     
  0.66327540869986623       0.74939373301737622        6.7057216958011659E-002   2.2352405652670552E-002   71.601741370581109     
  0.45701506422487415       0.56030913126794624        6.7057216958011659E-002   2.2352405652670552E-002   166.26399323341408     
  0.97168166730224237       0.24052246186695347        6.7057216958011659E-002   2.2352405652670552E-002   29.458505131291659     
  0.85601044191106590        4.4736153804159740E-002   6.7057216958011659E-002   2.2352405652670552E-002   171.90582246286559     
  0.90283715850343660       0.27887818241411177        6.7057216958011659E-002   2.2352405652670552E-002   80.162290970466444     
  0.50070800269260851       0.90703326683927643        6.7057216958011659E-002   2.2352405652670552E-002   158.01049453760129     
  0.88883767814897119       0.92920647283170210        6.7057216958011659E-002   2.2352405652670552E-002   129.13385038095399     
  0.51732148051028481       0.49693081270570105        6.7057216958011659E-002   2.2352405652670552E-002   116.74662644181552     
  0.32316661973910532       0.53507285043508934        6.7057216958011659E-002   2.2352405652670552E-002   32.150186557679369     
  0.47517213455704949       0.53054133054276664        6.7057216958011659E-002   2.2352405652670552E-002   7.1479130359704639     
  0.77455495630386573       0.67052921919128072        6.7057216958011659E-002   2.2352405652670552E-002   80.536927901505891     
  0.40008237073523994       0.23174904060519375        6.7057216958011659E-002   2.2352405652670552E-002   69.190198677204023     
  0.82849118922012954       0.23978744993542020        6.7057216958011659E-002   2.2352405652670552E-002   145.73014736481127     
  0.64784756995253878       0.82464153852646593        6.7057216958011659E-002   2.2352405652670552E-002   1.2594203024873170     
  0.86598500334871154       0.45864504585025706        6.7057216958011659E-002   2.2352405652670552E-002   29.131286086355949     
  0.70928391509480249       0.61102483578350308        6.7057216958011659E-002   2.2352405652670552E-002   141.77794441027814     
  0.94314684625519263       0.15628862514321853        6.7057216958011659E-002   2.2352405652670552E-002   82.461516645145096     
  0.89098205001274511       0.80576301447575260        6.7057216958011659E-002   2.2352405652670552E-002   35.184072819839322     
  0.14463202022408556       0.25000587497963755        6.7057216958011659E-002   2.2352405652670552E-002   56.558756691401044     
  0.93874911964273833       0.44221116668249222        6.7057216958011659E-002   2.2352405652670552E-002   160.90213409167777     
  0.76348829356383630       0.10928777510329402        6.7057216958011659E-002   2.2352405652670552E-002   8.6316814730842246     
  0.44501336816484904       0.37434609399870405        6.7057216958011659E-002   2.2352405652670552E-002   128.18812156212067     
  0.22289275719185742       0.74774445131991585        6.7057216958011659E-002   2.2352405652670552E-002   45.098578457664310     
  0.30842937097695977       0.88804231985513049        6.7057216958011659E-002   2.2352405652670552E-002   11.234000060656111     
  0.27314860116822132       0.39615467265049231        6.7057216958011659E-002   2.2352405652670552E-002   81.654767100771508     
  0.78827607469072047       0.77847112885366387        6.7057216958011659E-002   2.2352405652670552E-002   82.978979071468686     
  0.36087912532563726       0.75113011802143159        6.7057216958011659E-002   2.2352405652670552E-002   120.37570911060799     
  0.30825151794680988       0.38722655556007590        6.7057216958011659E-002   2.2352405652670552E-002   43.402005595001619     
  0.17601507626437352        2.4977907740506827E-002   6.7057216958011659E-002   2.2352405652670552E-002   66.732957078517117     
  0.21423469646439472       0.98034017086927039        6.7057216958011659E-002   2.2352405652670552E-002  0.80496680942465426     
  0.55527001134544807       0.52466218844524093        6.7057216958011659E-002   2.2352405652670552E-002   8.9644197230114031     
  0.84889965901145970       0.70865099612360016        6.7057216958011659E-002   2.2352405652670552E-002   117.22763231575897     
  0.87926938823768741       0.82525661801317329        6.7057216958011659E-002   2.2352405652670552E-002   31.958303676431907     
  0.73430351187279375       0.90507282413237811        6.7057216958011659E-002   2.2352405652670552E-002   130.66439979079829     
  0.51034514018303567       0.13778007674396703        6.7057216958011659E-002   2.2352405652670552E-002   128.07214986818505     
   4.4802971560625633E-002  0.39085855930318131        6.7057216958011659E-002   2.2352405652670552E-002   14.976285115342698     
  0.89935007119364074       0.63233183878620169        6.7057216958011659E-002   2.2352405652670552E-002   1.8858159781872956     
  0.20857730532182722       0.80703848964648006        6.7057216958011659E-002   2.2352405652670552E-002   112.76815862431818     
  0.21880514328287565       0.87612090653357011        6.7057216958011659E-002   2.2352405652670552E-002   19.576367210825538     
   3.5669086404531723E-002  0.96534275335160946        6.7057216958011659E-002   2.2352405652670552E-002   58.937877456294174     
  0.58178124674395248       0.97609038523856362        6.7057216958011659E-002   2.2352405652670552E-002   132.52289580574546     
  0.25551955878631016       0.51033409569307919        6.7057216958011659E-002   2.2352405652670552E-002   175.78019841239640     
  0.35819017851894258       0.60877753618059050        6.7057216958011659E-002   2.2352405652670552E-002   60.629639802509637     
  0.23754570741246236       0.63184907412044811        6.7057216958011659E-002   2.2352405652670552E-002   17.466409490045535     
  0.81472373718932156       0.77725241646730614        6.7057216958011659E-002   2.2352405652670552E-002   83.097113754253215     
  0.97916725661103465       0.60161491699425163        6.7057216958011659E-002   2.2352405652670552E-002   88.593000979351388     
  0.64812027232629310       0.32891572094063437        6.7057216958011659E-002   2.2352405652670552E-002   140.72084380209992     
  0.13329367542104853       0.31667583485229017        6.7057216958011659E-002   2.2352405652670552E-002   122.85146850527956     
  0.82221167017146568       0.93506071828097681        6.7057216958011659E-002   2.2352405652670552E-002   53.122698103743296     
  0.64117534853666258       0.48268645197992477        6.7057216958011659E-002   2.2352405652670552E-002   112.55296105565581     
   5.7561929811987184E-002  0.49041296981912719        6.7057216958011659E-002   2.2352405652670552E-002   44.305884114699516     
  0.75230688489073716       0.15097564651688980        6.7057216958011659E-002   2.2352405652670552E-002   28.742640724696436     
  0.84659623516233118       0.48353474674290620        6.7057216958011659E-002   2.2352405652670552E-002   52.172795368911508     
  0.58932221018125552       0.92185790816299784        6.7057216958011659E-002   2.2352405652670552E-002   107.32937849219756     
   5.8983291971301576E-003  0.22282490603929916        6.7057216958011659E-002   2.2352405652670552E-002   81.856195320271226     
  0.11444182192287804       0.79869445121354166        6.7057216958011659E-002   2.2352405652670552E-002   3.8763902627365545     
  0.68120355981022462       0.68809156572979857        6.7057216958011659E-002   2.2352405652670552E-002   104.51369044564836     
  0.85169109283006672        7.4305736573972422E-002   6.7057216958011659E-002   2.2352405652670552E-002   13.103941049349954     
  0.85761289097834525        2.0590430644477038E-002   6.7057216958011659E-002   2.2352405652670552E-002   6.3888372807070475     
  0.89551555064855037       0.39050773633975505        6.7057216958011659E-002   2.2352405652670552E-002   32.465334457137352     
  0.38786804675530145       0.13669324344807637        6.7057216958011659E-002   2.2352405652670552E-002   137.09144315648487     
  0.58428721300531783       0.76776754264284630        6.7057216958011659E-002   2.2352405652670552E-002   116.06975372225469     
  0.76453812542869282       0.92268251770261722        6.7057216958011659E-002   2.2352405652670552E-002   90.747933408745709     
  0.52902173398739716       0.97799942274975571        6.7057216958011659E-002   2.2352405652670552E-002   39.402193667686760     
  0.42194838333256918       0.47083927600911862        6.7057216958011659E-002   2.2352405652670552E-002   118.59747503897425     
  0.80426441010202976       0.95296050356103468        6.7057216958011659E-002   2.2352405652670552E-002   39.149373205237424     
   3.8246970274323486E-002  0.20850838367962063        6.7057216958011659E-002   2.2352405652670552E-002   50.001181768998705     
  0.53949889817803687       0.55058046128243265        6.7057216958011659E-002   2.2352405652670552E-002   171.34660911488427     
  0.13706842996916072       0.69106592136356915        6.7057216958011659E-002   2.2352405652670552E-002   99.548717612000644     
  0.30341570082409153       0.91546656752509781        6.7057216958011659E-002   2.2352405652670552E-002   13.309056917563936     
  0.49611788566799742       0.21217418328237331        6.7057216958011659E-002   2.2352405652670552E-002   106.56985728695889     
   3.4010118288388502E-003  0.90824361486012717        6.7057216958011659E-002   2.2352405652670552E-002   79.438483785964138     
  0.19826386401892321       0.22029100365041487        6.7057216958011659E-002   2.2352405652670552E-002   98.635340405397088     
  0.62813298087674463       0.30685716408005070        6.7057216958011659E-002   2.2352405652670552E-002   118.18372087418859     
  0.70819387384453492       0.77390788475131045        6.7057216958011659E-002   2.2352405652670552E-002   163.51415088502824     
  0.26479806985764509       0.33762404160402165        6.7057216958011659E-002   2.2352405652670552E-002   33.500317750278406     
  0.72996445933681864       0.41920169693185305        6.7057216958011659E-002   2.2352405652670552E-002   7.6154930923678510     
  0.50134486312131898       0.34635041613190304        6.7057216958011659E-002   2.2352405652670552E-002   169.21699911935488     
   4.5356288090573238E-002  0.66703133733736220        6.7057216958011659E-002   2.2352405652670552E-002   124.43533328711210     
  0.47707470286361930       0.18166372593997940        6.7057216958011659E-002   2.2352405652670552E-002   157.52576236575365     
  0.97399024658379685        3.2874768917797927E-002   6.7057216958011659E-002   2.2352405652670552E-002   163.25304020569121     
  0.24463997713234362       0.85019845406910122        6.7057216958011659E-002   2.2352405652670552E-002   73.141010755899316     
  0.90447646280773886       0.14749982478289728        6.7057216958011659E-002   2.2352405652670552E-002   121.91195965861742     
  0.54000011811933790       0.94583957014762654        6.7057216958011659E-002   2.2352405652670552E-002   5.3299956491913791     
  0.88370158650644148       0.19927066528481460        6.7057216958011659E-002   2.2352405652670552E-002   143.37805128965263     
  0.73874191581803106       0.38983496320862859        6.7057216958011659E-002   2.2352405652670552E-002   14.359826175768498     
  0.55266245786414625       0.60197991624474056        6.7057216958011659E-002   2.2352405652670552E-002   103.78613265479042     
  0.15923654072645352       0.60496302733457286        6.7057216958011659E-002   2.2352405652670552E-002   59.998264495447501     
  0.48375786817549576        5.8167573863093985E-002   6.7057216958011659E-002   2.2352405652670552E-002   145.13809577433307     
  0.40109934522465074       0.91345440122648258        6.7057216958011659E-002   2.2352405652670552E-002   47.919852870138122     
  0.22725232993970229        6.4596522728264549E-002   6.7057216958011659E-002   2.2352405652670552E-002   15.586897635546652     
  0.21392795311737473       0.10553617610055753        6.7057216958011659E-002   2.2352405652670552E-002  0.58267076501018211     
  0.69057533325908116       0.26576765478430364        6.7057216958011659E-002   2.2352405652670552E-002   118.13266338420864     
  0.74862375450507768       0.19883743449504504        6.7057216958011659E-002   2.2352405652670552E-002   176.67469957207769     
  0.87111727458845278       0.56622008251842959        6.7057216958011659E-002   2.2352405652670552E-002   155.41273622381621     
  0.86451154178170531       0.54410224337286406        6.7057216958011659E-002   2.2352405652670552E-002   161.84096815832066     
  0.35792318239038368       0.67002901845714846        6.7057216958011659E-002   2.2352405652670552E-002   89.684491950637579     
  0.94386586167463238       0.86414235328249078        6.7057216958011659E-002   2.2352405652670552E-002   146.98251627665661     
   9.1747064254719138E-002   8.3826337177442325E-002   6.7057216958011659E-002   2.2352405652670552E-002   167.84434033733280     
