  0.26807163366400116       0.84047390544023792        4.7416612838507601E-002   1.5805537612835867E-002   78.250257601622451     
  0.33810032752273966        5.7299145812923953E-002   4.7416612838507601E-002   1.5805537612835867E-002   131.11248277340133     
  0.12895844083347704       0.37474705749526432        4.7416612838507601E-002   1.5805537612835867E-002   99.136661098625609     
  0.25282773118948432       0.55149352870178381        4.7416612838507601E-002   1.5805537612835867E-002   128.54688830975701     
  0.50897479209250640        4.5664197296425117E-002   4.7416612838507601E-002   1.5805537612835867E-002   92.909372661866556     
   7.6701378226101929E-002  0.99660156643668607        4.7416612838507601E-002   1.5805537612835867E-002   52.036814877357919     
  0.84442423739287076       0.40145271243547942        4.7416612838507601E-002   1.5805537612835867E-002   152.97974608991220     
  0.47626822138335501       0.62456288975072871        4.7416612838507601E-002   1.5805537612835867E-002   67.408205321849067     
  0.59626150582089466       0.63568597727626297        4.7416612838507601E-002   1.5805537612835867E-002   99.744107787613359     
   1.6403448951567132E-002  0.44170049105173675        4.7416612838507601E-002   1.5805537612835867E-002   39.842780421784305     
  0.49752886606843844       0.67150568162692947        4.7416612838507601E-002   1.5805537612835867E-002   39.021563090771842     
   4.5973149550947223E-002  0.59357980917002906        4.7416612838507601E-002   1.5805537612835867E-002   22.358730528732806     
  0.24897743024075478       0.20137863188982125        4.7416612838507601E-002   1.5805537612835867E-002   153.70971407989305     
   7.3629119088163192E-002  0.95352138381057583        4.7416612838507601E-002   1.5805537612835867E-002   40.001224968630879     
  0.52678416007042561       0.77728723239733866        4.7416612838507601E-002   1.5805537612835867E-002   139.70137947919650     
  0.17778842342645673       0.79176383355945690        4.7416612838507601E-002   1.5805537612835867E-002   82.567901740908454     
  0.90084817939069828       0.73885756498767119        4.7416612838507601E-002   1.5805537612835867E-002   12.686914269992949     
  0.93837300956328673       0.89884064329848790        4.7416612838507601E-002   1.5805537612835867E-002   139.23634719806236     
  0.42581014157918379       0.62108865573190608        4.7416612838507601E-002   1.5805537612835867E-002   81.232728047660501     
  0.55594090756726322        8.1271834933229842E-002   4.7416612838507601E-002   1.5805537612835867E-002   135.24974047030693     
  0.98597538834805976       0.97943903972108814        4.7416612838507601E-002   1.5805537612835867E-002   46.070991622300021     
  0.21394221586412207       0.41938195040468412        4.7416612838507601E-002   1.5805537612835867E-002   27.151306563923626     
  0.19075196479163925       0.66395117341830878        4.7416612838507601E-002   1.5805537612835867E-002   57.954098529228176     
  0.63118088741338596       0.60173562574357153        4.7416612838507601E-002   1.5805537612835867E-002   120.19446630800591     
  0.19083712167160369       0.50143771238071833        4.7416612838507601E-002   1.5805537612835867E-002   107.11334759585306     
  0.95833364150410494       0.96815476740322781        4.7416612838507601E-002   1.5805537612835867E-002   80.773728725391877     
  0.16561015466082057       0.15939711981491606        4.7416612838507601E-002   1.5805537612835867E-002   139.61037036351928     
  0.17239302939428366       0.49191497619744934        4.7416612838507601E-002   1.5805537612835867E-002   122.76679688840068     
  0.32988366113980822       0.23970240670087531        4.7416612838507601E-002   1.5805537612835867E-002   95.518689145840966     
  0.32037578720224180       0.21023640065393426        4.7416612838507601E-002   1.5805537612835867E-002   158.41090783706269     
  0.34985884173680171       0.46375941984982216        4.7416612838507601E-002   1.5805537612835867E-002   18.926764330256248     
  0.75902389898757983       0.23357938545451559        4.7416612838507601E-002   1.5805537612835867E-002   19.607668009890141     
  0.99648562525458551       0.32307081420597700        4.7416612838507601E-002   1.5805537612835867E-002   160.73826789984142     
  0.35372844760628325       0.93011010819280915        4.7416612838507601E-002   1.5805537612835867E-002   127.03672536561342     
  0.49840547953008940       0.88116376056349999        4.7416612838507601E-002   1.5805537612835867E-002  0.58848414105416835     
   9.8459597383190767E-002  0.10245464580698259        4.7416612838507601E-002   1.5805537612835867E-002   135.09075973309325     
  0.66390043656878972       0.25836989435922214        4.7416612838507601E-002   1.5805537612835867E-002   100.69466543339499     
   7.4725114438512694E-002  0.82647217630981895        4.7416612838507601E-002   1.5805537612835867E-002   69.776630006271205     
  0.16779830784669900       0.23198463280341283        4.7416612838507601E-002   1.5805537612835867E-002   60.176725953361817     
  0.30144901183581257        7.5336216751598628E-002   4.7416612838507601E-002   1.5805537612835867E-002   98.981022226338695     
  0.64405726443271505       0.95059312036192045        4.7416612838507601E-002   1.5805537612835867E-002   134.40810867803600     
  0.96261534133102000       0.29090555919099070        4.7416612838507601E-002   1.5805537612835867E-002   117.96293939782765     
  0.66095163122792200       0.21867187538744526        4.7416612838507601E-002   1.5805537612835867E-002   155.77583225487999     
   5.9244299789781442E-002  0.62609336075378319        4.7416612838507601E-002   1.5805537612835867E-002   37.786841817145032     
  0.61933383096166683       0.45420686663438936        4.7416612838507601E-002   1.5805537612835867E-002   114.58784290587840     
   5.3789117174257974E-002  0.90988380290018112        4.7416612838507601E-002   1.5805537612835867E-002   45.371191108855996     
  0.56650827273409965       0.70120169327916282        4.7416612838507601E-002   1.5805537612835867E-002   175.45399634800370     
   8.9415896497830383E-002  0.48798539576848282        4.7416612838507601E-002   1.5805537612835867E-002   163.82152226978420     
  0.33258041193212151       0.66422784052219430        4.7416612838507601E-002   1.5805537612835867E-002   100.12569754881984     
   4.5697561876984663E-002  0.11745322161967438        4.7416612838507601E-002   1.5805537612835867E-002   155.26180070697006     
  0.27478951930865142       0.73500903343060175        4.7416612838507601E-002   1.5805537612835867E-002   101.41863063936289     
  0.91495213740083003       0.40024851455931154        4.7416612838507601E-002   1.5805537612835867E-002   34.047561676261360     
  0.31595105624563979       0.75885152180515969        4.7416612838507601E-002   1.5805537612835867E-002   76.288221629568767     
  0.17714545319665387       0.57632097351964595        4.7416612838507601E-002   1.5805537612835867E-002   24.837265345811634     
   7.3145663466947803E-003  0.68213901722166259        4.7416612838507601E-002   1.5805537612835867E-002   67.627946309920134     
  0.45585098198956503       0.97377578027553380        4.7416612838507601E-002   1.5805537612835867E-002   30.939405509200629     
   6.1214723253274095E-002  0.33932887543538204        4.7416612838507601E-002   1.5805537612835867E-002   9.5909250226005103     
  0.28749748758845334       0.79129878389907959        4.7416612838507601E-002   1.5805537612835867E-002   92.120013102051388     
  0.74783068269752340       0.57736577946893375        4.7416612838507601E-002   1.5805537612835867E-002   137.94941638861800     
  0.73575703545443150       0.70467691423481682        4.7416612838507601E-002   1.5805537612835867E-002   95.268108033476949     
  0.12910022492218720        1.8629065988801489E-002   4.7416612838507601E-002   1.5805537612835867E-002   96.813873196569844     
  0.60667459600015572       0.40102874931368726        4.7416612838507601E-002   1.5805537612835867E-002   155.37758379573683     
  0.46868451863442739        4.5228476550938576E-002   4.7416612838507601E-002   1.5805537612835867E-002   157.23116288178079     
  0.71679623375073065        3.0040077095773400E-003   4.7416612838507601E-002   1.5805537612835867E-002   60.751619424618617     
  0.95929622442469886       0.72931211017929309        4.7416612838507601E-002   1.5805537612835867E-002   18.641505941994492     
  0.43089620844748694       0.13192546974357583        4.7416612838507601E-002   1.5805537612835867E-002   59.678056422916612     
  0.86584943421054716       0.85795276472094528        4.7416612838507601E-002   1.5805537612835867E-002   175.67121220382538     
  0.17891991334417492       0.46073039671164689        4.7416612838507601E-002   1.5805537612835867E-002   5.2863188503948519     
  0.42524244782776016       0.28286029675928498        4.7416612838507601E-002   1.5805537612835867E-002   158.83136825667057     
  0.59961536851120478       0.26284353895562235        4.7416612838507601E-002   1.5805537612835867E-002   158.50464593288251     
  0.64762199299776435       0.86723821960618463        4.7416612838507601E-002   1.5805537612835867E-002   167.77836636694201     
  0.48802198585209844       0.41242919447316712        4.7416612838507601E-002   1.5805537612835867E-002   140.93916048287815     
  0.70114813027791267       0.87108925828991512        4.7416612838507601E-002   1.5805537612835867E-002   166.98579754391349     
  0.97405470944691930       0.87119906373709755        4.7416612838507601E-002   1.5805537612835867E-002   29.520935224964976     
  0.26308010954494088       0.11335436500537778        4.7416612838507601E-002   1.5805537612835867E-002   51.645863284309577     
  0.38922078538861438       0.91702943681333293        4.7416612838507601E-002   1.5805537612835867E-002   49.209707706619596     
   8.0163130450000092E-002  0.51284079076769884        4.7416612838507601E-002   1.5805537612835867E-002   140.01154050276656     
  0.14308406513284219       0.94155020950717783        4.7416612838507601E-002   1.5805537612835867E-002   141.51514100320031     
  0.62733280021850391       0.16392258534205773        4.7416612838507601E-002   1.5805537612835867E-002   134.10608438729179     
  0.52474349299594614       0.11129948807171969        4.7416612838507601E-002   1.5805537612835867E-002   46.706438898130926     
  0.93381031526898817       0.55210957644014835        4.7416612838507601E-002   1.5805537612835867E-002   90.888669651717379     
  0.22533193237763563        3.4639793682379287E-003   4.7416612838507601E-002   1.5805537612835867E-002   164.47305039512426     
  0.26560981505403031       0.23772819894064440        4.7416612838507601E-002   1.5805537612835867E-002   45.169081119527995     
  0.64334072251057317       0.48648349847123035        4.7416612838507601E-002   1.5805537612835867E-002   69.567018716221952     
  0.65984972337597347        4.3155180053644916E-002   4.7416612838507601E-002   1.5805537612835867E-002   123.67191506182438     
  0.37512197666120156        3.4409487947781862E-002   4.7416612838507601E-002   1.5805537612835867E-002   131.48798291407459     
  0.32129338258408824       0.34918328846898067        4.7416612838507601E-002   1.5805537612835867E-002   53.125108236276631     
  0.45040700411638029       0.40709274280344754        4.7416612838507601E-002   1.5805537612835867E-002   78.800712375929834     
  0.87867045946744693       0.75983124576158534        4.7416612838507601E-002   1.5805537612835867E-002   69.459733620321998     
   7.6872569757592130E-003  0.11883806104284461        4.7416612838507601E-002   1.5805537612835867E-002   91.656433740070497     
  0.47318844786892555       0.84828378692753004        4.7416612838507601E-002   1.5805537612835867E-002   138.01985011048953     
  0.61583570593317738       0.95791176230075481        4.7416612838507601E-002   1.5805537612835867E-002   132.78166258076266     
  0.38108858018765657       0.84384237994103839        4.7416612838507601E-002   1.5805537612835867E-002   108.23746110321218     
  0.44796504270147003       0.34393492637893552        4.7416612838507601E-002   1.5805537612835867E-002   153.10959292311006     
  0.60823748153643031        2.9057669657637827E-002   4.7416612838507601E-002   1.5805537612835867E-002   128.69826045788457     
  0.86989633084330154       0.29993813768725081        4.7416612838507601E-002   1.5805537612835867E-002   128.11819644181369     
  0.13929171526795056       0.40653040006335422        4.7416612838507601E-002   1.5805537612835867E-002   151.84243368292547     
  0.81971210319340637       0.66236097901011060        4.7416612838507601E-002   1.5805537612835867E-002   46.602648553077657     
  0.10413297910769620       0.34968704782997290        4.7416612838507601E-002   1.5805537612835867E-002   118.06542736271459     
  0.75223010822178760       0.48103952419831453        4.7416612838507601E-002   1.5805537612835867E-002   100.96542195512953     
   7.3085081862393750E-002  0.68068661334075731        4.7416612838507601E-002   1.5805537612835867E-002   127.65434575761640     
   9.1106200937194320E-002  0.59122950821420461        4.7416612838507601E-002   1.5805537612835867E-002   37.605495060080237     
  0.53873796565119503       0.41903760902830994        4.7416612838507601E-002   1.5805537612835867E-002   155.57901342595747     
  0.45053750895694283       0.48959748100328804        4.7416612838507601E-002   1.5805537612835867E-002   146.29892257759738     
  0.90548953598673010       0.50535833360093818        4.7416612838507601E-002   1.5805537612835867E-002   160.75870071746854     
  0.64401092042258390       0.69542465318541191        4.7416612838507601E-002   1.5805537612835867E-002   101.44031914995384     
   8.5689310582164391E-002  0.15395356106985988        4.7416612838507601E-002   1.5805537612835867E-002   7.4075268347001550     
  0.26191734115731624        2.9961537677120995E-002   4.7416612838507601E-002   1.5805537612835867E-002   48.739917437961786     
  0.43393455766348049       0.47581029314121898        4.7416612838507601E-002   1.5805537612835867E-002   172.98226914531222     
  0.97329011220934780       0.76339276017425051        4.7416612838507601E-002   1.5805537612835867E-002   76.309171191546852     
   9.6151876343837706E-002  0.89439837361473773        4.7416612838507601E-002   1.5805537612835867E-002   135.46613841998473     
  0.70047719475839354       0.94156645324968025        4.7416612838507601E-002   1.5805537612835867E-002   35.499255814327270     
  0.55193435722702200       0.84391669847143180        4.7416612838507601E-002   1.5805537612835867E-002   44.865173163609448     
  0.98631643263478608       0.10048252080453449        4.7416612838507601E-002   1.5805537612835867E-002   92.224539713508392     
  0.13545699441518846       0.78993776031792007        4.7416612838507601E-002   1.5805537612835867E-002   9.1408485718873003     
  0.39216476880666118       0.95562301251427695        4.7416612838507601E-002   1.5805537612835867E-002   60.156124324198146     
  0.40565860712946467       0.77810656213460017        4.7416612838507601E-002   1.5805537612835867E-002   135.72957376810430     
  0.30147350189520400       0.97952969831455139        4.7416612838507601E-002   1.5805537612835867E-002   147.59483602156914     
   7.2362006246471086E-002  0.20432252486286601        4.7416612838507601E-002   1.5805537612835867E-002   107.81466012087004     
  0.31979069960406492       0.58186859198062846        4.7416612838507601E-002   1.5805537612835867E-002   36.573462210942196     
  0.81615891418117459       0.32704612456939886        4.7416612838507601E-002   1.5805537612835867E-002   44.517569674175895     
  0.22396291328447296       0.33699877806762102        4.7416612838507601E-002   1.5805537612835867E-002   164.26454216357604     
  0.73470204297903630       0.63740219155919065        4.7416612838507601E-002   1.5805537612835867E-002   156.49553191015508     
  0.66059935239653333       0.44411578047175626        4.7416612838507601E-002   1.5805537612835867E-002   8.5440396919117187     
  0.10439942072795273       0.85352261188542222        4.7416612838507601E-002   1.5805537612835867E-002   89.960450365505309     
  0.56340167480015302       0.46669134859853456        4.7416612838507601E-002   1.5805537612835867E-002   145.03289011670074     
  0.66917743621397863       0.77681915957402237        4.7416612838507601E-002   1.5805537612835867E-002   72.133434941685749     
  0.38760699701802559       0.56157414384154236        4.7416612838507601E-002   1.5805537612835867E-002   167.70278339029130     
  0.42196632729244316       0.85856755377749494        4.7416612838507601E-002   1.5805537612835867E-002   178.81961726568053     
  0.97168166730224237       0.24052246186695347        4.7416612838507601E-002   1.5805537612835867E-002   29.458505131291659     
  0.81098426409701929        5.4513159941002892E-002   4.7416612838507601E-002   1.5805537612835867E-002   171.08475027708513     
  0.90139723039174668       0.26507564666448924        4.7416612838507601E-002   1.5805537612835867E-002   76.168196962353193     
  0.49142902799484661       0.92552090404226872        4.7416612838507601E-002   1.5805537612835867E-002   161.47205854073400     
  0.88883767814897119       0.92920647283170210        4.7416612838507601E-002   1.5805537612835867E-002   129.13385038095399     
  0.52855497781521321       0.46858795408805198        4.7416612838507601E-002   1.5805537612835867E-002   122.24121675384390     
  0.32316661973910532       0.53507285043508934        4.7416612838507601E-002   1.5805537612835867E-002   32.150186557679369     
  0.47585892185941725       0.54339798879500367        4.7416612838507601E-002   1.5805537612835867E-002   4.5134019030440413     
  0.18501937982004474       0.69507541481553770        4.7416612838507601E-002   1.5805537612835867E-002   72.759763712333481     
  0.80034689560042982       0.69343243487497064        4.7416612838507601E-002   1.5805537612835867E-002   81.312148259735011     
  0.40008237073523994       0.23174904060519375        4.7416612838507601E-002   1.5805537612835867E-002   69.190198677204023     
  0.82632819248265421       0.24226572920053696        4.7416612838507601E-002   1.5805537612835867E-002   144.73656954365242     
  0.55066881319826888       0.50832696327784621        4.7416612838507601E-002   1.5805537612835867E-002   107.51839796968913     
  0.62453303909176416       0.78976011354953490        4.7416612838507601E-002   1.5805537612835867E-002   6.1792004505321563     
  0.12751208843594766       0.31121635809543213        4.7416612838507601E-002   1.5805537612835867E-002   78.800184818923327     
  0.89280557720385212       0.45079027512419478        4.7416612838507601E-002   1.5805537612835867E-002   29.104989717679157     
  0.40574054675546778       0.11651687774810540        4.7416612838507601E-002   1.5805537612835867E-002   58.318486780427108     
  0.69482329490593642       0.57222227604367859        4.7416612838507601E-002   1.5805537612835867E-002   140.92470404626795     
  0.22837679014169945       0.39309383395786363        4.7416612838507601E-002   1.5805537612835867E-002   152.11906156042602     
  0.95740047999613020       0.15599087369207296        4.7416612838507601E-002   1.5805537612835867E-002   82.533256400063081     
  0.89119852229574437       0.79531193335547301        4.7416612838507601E-002   1.5805537612835867E-002   37.044197203943860     
  0.12478000978301318       0.24433569356456816        4.7416612838507601E-002   1.5805537612835867E-002   55.671129865593294     
  0.61697577519479252       0.36591588763265692        4.7416612838507601E-002   1.5805537612835867E-002   70.001927861088831     
  0.97426169356901382       0.49688534921871608        4.7416612838507601E-002   1.5805537612835867E-002   167.22107723997513     
  0.59744528065568248       0.17852690292378390        4.7416612838507601E-002   1.5805537612835867E-002   120.58617621186421     
  0.81725164152048035        2.8392264840734784E-002   4.7416612838507601E-002   1.5805537612835867E-002   12.558663015945982     
  0.40472238808935646       0.63483833022272995        4.7416612838507601E-002   1.5805537612835867E-002   61.512994826121513     
  0.19624014928956177       0.75018070242194179        4.7416612838507601E-002   1.5805537612835867E-002   46.609356171356175     
  0.83667318342124142       0.69802400236929540        4.7416612838507601E-002   1.5805537612835867E-002   126.50150662876111     
  0.32203375984582566       0.85935899615116407        4.7416612838507601E-002   1.5805537612835867E-002   8.9859484805751695     
  0.26869348103131441       0.40475550701139118        4.7416612838507601E-002   1.5805537612835867E-002   78.357271962039221     
  0.79021690840294456       0.74103772519964006        4.7416612838507601E-002   1.5805537612835867E-002   80.360491075851826     
  0.37315878910873879       0.74838391528615456        4.7416612838507601E-002   1.5805537612835867E-002   125.11935127672966     
  0.28674935753163666       0.37793656698532069        4.7416612838507601E-002   1.5805537612835867E-002   44.787916069372031     
  0.17607239632222507        3.6573651965760533E-002   4.7416612838507601E-002   1.5805537612835867E-002   65.144870848075499     
  0.24844984250061056       0.95041537494638373        4.7416612838507601E-002   1.5805537612835867E-002   4.7309822878490637     
   2.1260598584614172E-002  0.88435293037232732        4.7416612838507601E-002   1.5805537612835867E-002   146.81411568969480     
  0.97674485949022372        2.5113965003975211E-002   4.7416612838507601E-002   1.5805537612835867E-002   104.62997315151046     
  0.86986037620256285       0.69226947290406537        4.7416612838507601E-002   1.5805537612835867E-002   119.55600297183742     
  0.86797402229988574       0.82102737563435124        4.7416612838507601E-002   1.5805537612835867E-002   29.278612466846617     
  0.73430351187279375       0.90507282413237811        4.7416612838507601E-002   1.5805537612835867E-002   130.66439979079829     
   4.0270422316615422E-002   1.4981542427661018E-002   4.7416612838507601E-002   1.5805537612835867E-002   120.45495642287251     
   4.4802971560625633E-002  0.39085855930318131        4.7416612838507601E-002   1.5805537612835867E-002   14.976285115342698     
  0.90147736232056086       0.59550622936512643        4.7416612838507601E-002   1.5805537612835867E-002   177.19391020083910     
  0.36236610999383001       0.88040512581276109        4.7416612838507601E-002   1.5805537612835867E-002   94.366765153210153     
  0.21549972347797663       0.80049349550320692        4.7416612838507601E-002   1.5805537612835867E-002   114.95804861720377     
  0.16658381985482978       0.90292892093642330        4.7416612838507601E-002   1.5805537612835867E-002   25.635477285373753     
  0.86492200452758483       0.53117862058510379        4.7416612838507601E-002   1.5805537612835867E-002   90.588171537963007     
  0.25365531889754445       0.47361379658871416        4.7416612838507601E-002   1.5805537612835867E-002   170.19716838689490     
  0.36353953876572698       0.60590611182275045        4.7416612838507601E-002   1.5805537612835867E-002   64.072799070825766     
  0.42441188174998851       0.94248245068094283        4.7416612838507601E-002   1.5805537612835867E-002   141.46974737985457     
  0.54178294867815013       0.87206586648536810        4.7416612838507601E-002   1.5805537612835867E-002   178.39255349867372     
  0.93669220414889853       0.59893072660694091        4.7416612838507601E-002   1.5805537612835867E-002   128.16485338565545     
  0.50979563283390772       0.94106337930026396        4.7416612838507601E-002   1.5805537612835867E-002   127.69514257744285     
  0.27701074189781821       0.68541222416656944        4.7416612838507601E-002   1.5805537612835867E-002   14.355832813422097     
  0.81472373718932156       0.77725241646730614        4.7416612838507601E-002   1.5805537612835867E-002   83.097113754253215     
  0.84753775412249799       0.43448117516150875        4.7416612838507601E-002   1.5805537612835867E-002   68.604667061658901     
  0.38406600041576194       0.65772223723813183        4.7416612838507601E-002   1.5805537612835867E-002   65.769301788132012     
  0.97916725661103465       0.60161491699425163        4.7416612838507601E-002   1.5805537612835867E-002   88.593000979351388     
   9.2812662426883491E-002  0.28363038760846293        4.7416612838507601E-002   1.5805537612835867E-002   116.64754490137162     
  0.82221167017146568       0.93506071828097681        4.7416612838507601E-002   1.5805537612835867E-002   53.122698103743296     
  0.93503485781977091       0.46480611358917368        4.7416612838507601E-002   1.5805537612835867E-002   50.408058224564854     
   9.8362607583786191E-002  0.55983107473289528        4.7416612838507601E-002   1.5805537612835867E-002   34.660683500654109     
  0.73130506098313730       0.11798298427672939        4.7416612838507601E-002   1.5805537612835867E-002   28.999515112935931     
