  0.37039230586236649       0.47023858831280951        1.3411443391602332E-002   4.4704811305341105E-003   36.970355882300034     
  0.23799935418292448       0.17696413231308347        1.3411443391602332E-002   4.4704811305341105E-003   148.36830635685786     
  0.80636652338077530       0.53274791631733809        1.3411443391602332E-002   4.4704811305341105E-003   83.456136670322465     
  0.87434420582303340       0.19272451889038217        1.3411443391602332E-002   4.4704811305341105E-003   108.62400162803938     
  0.21819628883540740       0.95882997732769581        1.3411443391602332E-002   4.4704811305341105E-003   124.78665702527631     
  0.24193284842894122       0.94243161931172637        1.3411443391602332E-002   4.4704811305341105E-003   51.144738574652727     
  0.44552234131743285       0.55745996219288807        1.3411443391602332E-002   4.4704811305341105E-003   130.95843202083697     
  0.73642447812479583       0.13377480778271977        1.3411443391602332E-002   4.4704811305341105E-003   147.61702698676251     
  0.12462186643603089       0.77913833497056006        1.3411443391602332E-002   4.4704811305341105E-003   171.88452050936593     
  0.76886298133393616       0.60006405505251470        1.3411443391602332E-002   4.4704811305341105E-003   35.877073250967491     
  0.73996471885699389       0.13787997170290023        1.3411443391602332E-002   4.4704811305341105E-003   134.53893583538419     
  0.67874742938954158       0.43594847986483776        1.3411443391602332E-002   4.4704811305341105E-003   5.4656765452036833     
   1.5715736038575887E-002  0.22347345238596109        1.3411443391602332E-002   4.4704811305341105E-003   15.148817346267879     
  0.37749279546943304       0.16615373560529068        1.3411443391602332E-002   4.4704811305341105E-003   154.28042533892946     
  0.59835218604354690       0.29075306170389437        1.3411443391602332E-002   4.4704811305341105E-003   79.614329153540197     
  0.50876027588879191       0.24969319273085716        1.3411443391602332E-002   4.4704811305341105E-003   43.800166193402148     
  0.49008479950733247       0.43507507777716969        1.3411443391602332E-002   4.4704811305341105E-003   152.64438295074368     
  0.23405406059026648       0.12203827818252999        1.3411443391602332E-002   4.4704811305341105E-003   174.63018983046786     
  0.60734058580348116       0.28162157887078904        1.3411443391602332E-002   4.4704811305341105E-003   25.654560846573293     
  0.30546256276793815        8.9731924600957580E-003   1.3411443391602332E-002   4.4704811305341105E-003   142.82866230930000     
  0.69080474937686853       0.65559311436992296        1.3411443391602332E-002   4.4704811305341105E-003   174.65475577053348     
  0.76342735555617824       0.42426683663178988        1.3411443391602332E-002   4.4704811305341105E-003   3.9488260530167540     
  0.80039941946224669       0.25642541305297278        1.3411443391602332E-002   4.4704811305341105E-003   154.09101726614668     
  0.63027384901127415       0.37378396613361570        1.3411443391602332E-002   4.4704811305341105E-003   156.41190913646119     
  0.82298639531351669       0.14539186797436171        1.3411443391602332E-002   4.4704811305341105E-003   38.791513214483111     
  0.34521926687422422       0.11030086018426172        1.3411443391602332E-002   4.4704811305341105E-003   160.89958120904132     
  0.64269930627921656       0.18384238709719125        1.3411443391602332E-002   4.4704811305341105E-003   31.577739683495540     
  0.77713433620276717       0.39961943011946471        1.3411443391602332E-002   4.4704811305341105E-003   33.872372234310447     
   5.7248608487826078E-002  0.64861261793656477        1.3411443391602332E-002   4.4704811305341105E-003   21.707979924594149     
  0.76625856455836117       0.50135012451822569        1.3411443391602332E-002   4.4704811305341105E-003   1.5365213156235191     
  0.41326343666923987       0.20982992540307932        1.3411443391602332E-002   4.4704811305341105E-003   88.695966108309236     
  0.80669157942528502       0.23956845692418172        1.3411443391602332E-002   4.4704811305341105E-003   79.466714224857142     
  0.96638224574629938       0.13786150344620735        1.3411443391602332E-002   4.4704811305341105E-003   75.326261445754952     
  0.53914992859769029       0.20377412434295181        1.3411443391602332E-002   4.4704811305341105E-003   85.348631290082736     
  0.69291349351702525       0.13117940737065509        1.3411443391602332E-002   4.4704811305341105E-003   6.7492736746502109     
  0.44726104907731024       0.47388761802310719        1.3411443391602332E-002   4.4704811305341105E-003   8.4697995769943351     
  0.86295232572571956       0.23152225268941759        1.3411443391602332E-002   4.4704811305341105E-003   111.88018716048249     
  0.86963864408543878       0.20821427411548241        1.3411443391602332E-002   4.4704811305341105E-003   91.345902348822719     
  0.74971858636527799       0.43485447237735891        1.3411443391602332E-002   4.4704811305341105E-003   129.93415962760523     
  0.88006173404319699       0.14772840471765086        1.3411443391602332E-002   4.4704811305341105E-003   167.50118812015305     
  0.44200208874969260       0.13179006141257893        1.3411443391602332E-002   4.4704811305341105E-003   29.205041904899932     
  0.29882531899406561       0.52703213617076861        1.3411443391602332E-002   4.4704811305341105E-003   73.053538288245861     
  0.42396833349790619       0.47757302248712885        1.3411443391602332E-002   4.4704811305341105E-003   96.715038876877472     
  0.22943905515546889       0.10972589258469645        1.3411443391602332E-002   4.4704811305341105E-003   125.52365411003596     
  0.91604519410011120       0.18328097880172417        1.3411443391602332E-002   4.4704811305341105E-003   71.193778176545806     
  0.90615429795940261        3.3960192512327403E-002   1.3411443391602332E-002   4.4704811305341105E-003   138.39053285433701     
  0.67300104875018574       0.70618391125333757        1.3411443391602332E-002   4.4704811305341105E-003   112.89686690514633     
  0.65511001228405286       0.52353059056694740        1.3411443391602332E-002   4.4704811305341105E-003   77.388024774837007     
  0.42331397292674983       0.45875951110415564        1.3411443391602332E-002   4.4704811305341105E-003   150.48397534486750     
  0.97626121716958070       0.17711210827945220        1.3411443391602332E-002   4.4704811305341105E-003   50.768473840001676     
  0.27043539536748240        1.5118137925870316E-002   1.3411443391602332E-002   4.4704811305341105E-003   79.758158898420433     
  0.18311104618988480       0.12807079942064686        1.3411443391602332E-002   4.4704811305341105E-003   141.43041613213055     
  0.37344300608149389       0.12115614778318362        1.3411443391602332E-002   4.4704811305341105E-003   151.96470868843656     
  0.67091999724680118       0.40881610049526801        1.3411443391602332E-002   4.4704811305341105E-003   149.21887972001215     
  0.42750450675860519       0.24180231924524814        1.3411443391602332E-002   4.4704811305341105E-003   67.139913100233258     
  0.47203200768985576       0.35914195479179728        1.3411443391602332E-002   4.4704811305341105E-003   144.51339057001204     
  0.78903094787872108       0.18293244548862445        1.3411443391602332E-002   4.4704811305341105E-003   72.242434810896697     
   4.5603667585563520E-003  0.22950393697787624        1.3411443391602332E-002   4.4704811305341105E-003   15.878128042742727     
  0.20580926815700509        2.1936342544156221E-002   1.3411443391602332E-002   4.4704811305341105E-003   45.081329374067550     
  0.83878534674467942       0.19859913248577934        1.3411443391602332E-002   4.4704811305341105E-003   154.90216850660920     
  0.64839468404448131       0.46486383597261660        1.3411443391602332E-002   4.4704811305341105E-003   46.440892529196802     
  0.17600875321276796       0.99434477614191530        1.3411443391602332E-002   4.4704811305341105E-003   54.191303083328776     
  0.67829340339672717       0.44114705589205883        1.3411443391602332E-002   4.4704811305341105E-003   163.77662991895957     
  0.47289457622570269       0.36778777374400901        1.3411443391602332E-002   4.4704811305341105E-003   9.0137101510376034     
  0.22225066188892909        9.8575551054240373E-002   1.3411443391602332E-002   4.4704811305341105E-003   157.31682818705718     
  0.54826161270763485       0.48949909555107962        1.3411443391602332E-002   4.4704811305341105E-003   65.110097650372296     
  0.11310808160005385       0.82465403270876136        1.3411443391602332E-002   4.4704811305341105E-003   176.39874625922778     
  0.11622094044225288       0.79472323942187661        1.3411443391602332E-002   4.4704811305341105E-003   160.65883220522687     
  0.99070517580211581       0.17252332247622468        1.3411443391602332E-002   4.4704811305341105E-003   115.22822121479511     
  0.69277071039029658       0.62275984139944995        1.3411443391602332E-002   4.4704811305341105E-003   167.89185603512797     
  0.62035819081658039       0.37174784061735916        1.3411443391602332E-002   4.4704811305341105E-003   170.25548243136870     
  0.21975663442844143       0.13048085613263549        1.3411443391602332E-002   4.4704811305341105E-003   78.242092247622722     
  0.70262465054019463       0.56946679957675905        1.3411443391602332E-002   4.4704811305341105E-003   126.31596561118822     
  0.75428794333910865       0.56920908403411075        1.3411443391602332E-002   4.4704811305341105E-003   171.14386653282133     
  0.40816610552503041       0.18626651312560513        1.3411443391602332E-002   4.4704811305341105E-003   80.842461014682769     
  0.96452242195392179       0.11842596708014225        1.3411443391602332E-002   4.4704811305341105E-003   157.04483328518057     
  0.57652365186968468       0.21806977362883692        1.3411443391602332E-002   4.4704811305341105E-003   25.130273401072547     
  0.94838784066263349       0.11066246812438885        1.3411443391602332E-002   4.4704811305341105E-003   61.988371932884078     
  0.63175769458211695       0.31130784033826486        1.3411443391602332E-002   4.4704811305341105E-003   156.81720719042397     
  0.37652633380730277       0.16015759202870450        1.3411443391602332E-002   4.4704811305341105E-003   151.70845662672983     
  0.19094508799590668       0.94216897789233256        1.3411443391602332E-002   4.4704811305341105E-003   27.691107748655753     
  0.68643912670327356       0.53489542313894523        1.3411443391602332E-002   4.4704811305341105E-003   179.58856996033688     
  0.93760097842788581       0.14579432445923352        1.3411443391602332E-002   4.4704811305341105E-003   53.388632614414050     
  0.66118335513234250       0.55165445376208677        1.3411443391602332E-002   4.4704811305341105E-003   26.152821300313636     
  0.63283077634013640       0.48187285841782246        1.3411443391602332E-002   4.4704811305341105E-003   67.464816923955738     
  0.41954120708228687       0.24229438740096737        1.3411443391602332E-002   4.4704811305341105E-003   119.37238361484039     
   8.3327283619033382E-003  0.25215782763940370        1.3411443391602332E-002   4.4704811305341105E-003   87.831911493657444     
   8.8167762922541068E-002  0.74638866468626630        1.3411443391602332E-002   4.4704811305341105E-003   109.45655695200337     
  0.12206854907258473       0.81104931161398097        1.3411443391602332E-002   4.4704811305341105E-003   168.64188308201722     
  0.83537269673165604       0.15265654530096578        1.3411443391602332E-002   4.4704811305341105E-003   171.82460437696000     
  0.70626378782903931       0.48219715064499946        1.3411443391602332E-002   4.4704811305341105E-003   57.817113957346280     
  0.61224410203925850       0.43403145772002782        1.3411443391602332E-002   4.4704811305341105E-003   22.594642493195959     
  0.22742195608742041       0.93436051343402715        1.3411443391602332E-002   4.4704811305341105E-003   177.32797314919443     
  0.95415079748374065        7.4283349063712770E-002   1.3411443391602332E-002   4.4704811305341105E-003   119.01373446996664     
  0.23758550016241695        4.9031674515623735E-002   1.3411443391602332E-002   4.4704811305341105E-003   34.855769239477738     
  0.70413868154133674       0.66431271715144646        1.3411443391602332E-002   4.4704811305341105E-003   88.479036592746851     
  0.17426396236986794       0.13830755398112760        1.3411443391602332E-002   4.4704811305341105E-003   132.78807446080583     
  0.36177786589953204       0.18102197024031277        1.3411443391602332E-002   4.4704811305341105E-003   36.399868999835157     
  0.44549717056036170       0.24094194939605360        1.3411443391602332E-002   4.4704811305341105E-003   178.24825138463746     
  0.63341376513796088       0.16994220710342062        1.3411443391602332E-002   4.4704811305341105E-003   79.975596888188889     
  0.71509837739821491       0.59701518269978371        1.3411443391602332E-002   4.4704811305341105E-003   35.589695877918693     
  0.62546171117176774       0.50176457293288212        1.3411443391602332E-002   4.4704811305341105E-003   147.37081761007173     
  0.53789817855481381       0.45643341339773391        1.3411443391602332E-002   4.4704811305341105E-003   52.339506392766694     
  0.77757232535789644       0.51357323567576418        1.3411443391602332E-002   4.4704811305341105E-003   106.06376276953144     
  0.31009920632101401       0.21537144915869819        1.3411443391602332E-002   4.4704811305341105E-003   120.19383573018759     
  0.63284733331592413       0.18587924433510933        1.3411443391602332E-002   4.4704811305341105E-003   118.68792835272559     
  0.26964449868459767       0.54427834812608333        1.3411443391602332E-002   4.4704811305341105E-003   85.145052352142059     
  0.74539677871127996       0.47027255701244353        1.3411443391602332E-002   4.4704811305341105E-003   61.883911462329095     
  0.83802569049559494       0.18486017738337379        1.3411443391602332E-002   4.4704811305341105E-003   74.419453302935366     
  0.17864508064638665       0.94055910967788714        1.3411443391602332E-002   4.4704811305341105E-003   159.14833665062139     
  0.68278549680644351       0.68170277582881056        1.3411443391602332E-002   4.4704811305341105E-003   103.50058410994215     
  0.39183007298188355       0.51813878886222697        1.3411443391602332E-002   4.4704811305341105E-003   109.15897045564482     
  0.76652762043159062       0.55525698834165871        1.3411443391602332E-002   4.4704811305341105E-003   131.77693834041244     
  0.41676564853278025       0.50327020386430854        1.3411443391602332E-002   4.4704811305341105E-003   12.086987581520123     
  0.46275319918856439       0.45510415533255194        1.3411443391602332E-002   4.4704811305341105E-003   94.299427596596573     
  0.76851064596852303       0.12165141188276013        1.3411443391602332E-002   4.4704811305341105E-003   62.891561081066143     
  0.81467190239529208       0.49351507243317722        1.3411443391602332E-002   4.4704811305341105E-003   106.71904433058536     
  0.66477431084711380       0.44483990014766212        1.3411443391602332E-002   4.4704811305341105E-003   10.713358505459002     
  0.45368663359091055       0.17173342047546736        1.3411443391602332E-002   4.4704811305341105E-003   71.162128088660637     
  0.22455499112867564       0.96550967416881206        1.3411443391602332E-002   4.4704811305341105E-003   164.53450079003002     
  0.96207705332581017       0.17192920607142564        1.3411443391602332E-002   4.4704811305341105E-003   112.36522719685193     
  0.15616562267695885       0.18041134262573016        1.3411443391602332E-002   4.4704811305341105E-003   160.01695765528925     
  0.27544386448755920        2.6981892467074223E-002   1.3411443391602332E-002   4.4704811305341105E-003   34.135123794891442     
  0.32381419862283356        8.3931361774993551E-002   1.3411443391602332E-002   4.4704811305341105E-003   142.32925298669690     
  0.74310802512303653       0.57633202188821975        1.3411443391602332E-002   4.4704811305341105E-003   138.53853052145618     
  0.50166519744376747       0.22049971453576792        1.3411443391602332E-002   4.4704811305341105E-003   172.93401801324990     
  0.99900989332547396       0.57512887424035186        1.3411443391602332E-002   4.4704811305341105E-003   27.184587506432720     
  0.66164066460372872       0.41757392499605539        1.3411443391602332E-002   4.4704811305341105E-003   139.28588018347531     
  0.38599597915777628       0.51692723320972223        1.3411443391602332E-002   4.4704811305341105E-003   81.333342331850091     
  0.72493671528680903       0.69360180508552483        1.3411443391602332E-002   4.4704811305341105E-003   149.18622764983675     
  0.32736270162328940       0.16663705447934463        1.3411443391602332E-002   4.4704811305341105E-003   97.206846792521830     
  0.61852039592067287       0.15863520614959395        1.3411443391602332E-002   4.4704811305341105E-003   4.2660112707457696     
  0.23195656265355261        7.6797288885173454E-002   1.3411443391602332E-002   4.4704811305341105E-003   48.045291229546876     
  0.66664266077306067       0.47551820699941877        1.3411443391602332E-002   4.4704811305341105E-003   66.019698842742471     
  0.83350096158883169       0.50189139493062762        1.3411443391602332E-002   4.4704811305341105E-003   165.54556357924545     
  0.73489636971376038       0.46755595263490524        1.3411443391602332E-002   4.4704811305341105E-003   149.04354520547284     
  0.53089444746978776       0.37153942794032713        1.3411443391602332E-002   4.4704811305341105E-003   169.51597320863854     
  0.64444836129175898       0.47003561128453064        1.3411443391602332E-002   4.4704811305341105E-003   25.291714204845551     
  0.17726046183391583        3.5949667467817394E-002   1.3411443391602332E-002   4.4704811305341105E-003   171.19962029017859     
  0.38363045851588895       0.12565646929970048        1.3411443391602332E-002   4.4704811305341105E-003   79.820654030775401     
  0.43091178513478517       0.34132791267619589        1.3411443391602332E-002   4.4704811305341105E-003   97.667059042118737     
  0.20121621506462870       0.18994588273068258        1.3411443391602332E-002   4.4704811305341105E-003   59.809518196065127     
  0.63179118447365823       0.20350899872475967        1.3411443391602332E-002   4.4704811305341105E-003   141.48310000545550     
  0.30380987905645490       0.52605697782789340        1.3411443391602332E-002   4.4704811305341105E-003   65.061406683744195     
  0.62022267368719464       0.30889635027885814        1.3411443391602332E-002   4.4704811305341105E-003   21.090427262795263     
  0.36667720549289906       0.54113886278639556        1.3411443391602332E-002   4.4704811305341105E-003   21.395668346263175     
  0.42285335902837184       0.19848854018619780        1.3411443391602332E-002   4.4704811305341105E-003   145.95794812260473     
  0.99756980718098309       0.36994719416298905        1.3411443391602332E-002   4.4704811305341105E-003   91.172604187238662     
  0.46777389540361075       0.49366502442507665        1.3411443391602332E-002   4.4704811305341105E-003   115.73936489170704     
  0.54969750986760557       0.34416965338676675        1.3411443391602332E-002   4.4704811305341105E-003   154.69994007562971     
  0.17419477164262728       0.91792144569609180        1.3411443391602332E-002   4.4704811305341105E-003   1.7649633858919904     
  0.68075565001236826       0.56486859559995140        1.3411443391602332E-002   4.4704811305341105E-003   80.029841345518733     
  0.19880492748671266        8.5061901260556697E-002   1.3411443391602332E-002   4.4704811305341105E-003   122.90573603775698     
  0.56537792432942346       0.16395181024035579        1.3411443391602332E-002   4.4704811305341105E-003   98.380459737190606     
  0.83256080497930840       0.49640990996023893        1.3411443391602332E-002   4.4704811305341105E-003   4.0587672707302347E-003
  0.81254260434253311       0.16241902319724119        1.3411443391602332E-002   4.4704811305341105E-003   162.02424806661949     
  0.68705758257242044       0.50883439387395757        1.3411443391602332E-002   4.4704811305341105E-003   163.08137713252412     
  0.60792662568489642       0.20599744439944553        1.3411443391602332E-002   4.4704811305341105E-003   128.30554077935918     
  0.60155201873871378       0.21611032509701911        1.3411443391602332E-002   4.4704811305341105E-003   143.62929156841275     
  0.57652992370225065       0.21174936453316062        1.3411443391602332E-002   4.4704811305341105E-003   174.28751192565016     
  0.13513139455229142       0.90313365216130204        1.3411443391602332E-002   4.4704811305341105E-003   36.226543627100092     
  0.26782415300496543       0.17774426423575201        1.3411443391602332E-002   4.4704811305341105E-003   152.88802023021614     
  0.70465193161758977       0.60551531875308939        1.3411443391602332E-002   4.4704811305341105E-003   63.596443590334232     
  0.52266038937526516       0.17321750136009106        1.3411443391602332E-002   4.4704811305341105E-003   105.58476292211786     
  0.37676936668398292       0.25054587879957002        1.3411443391602332E-002   4.4704811305341105E-003   160.53301779264891     
  0.17711521991048659       0.17332369616762722        1.3411443391602332E-002   4.4704811305341105E-003   9.2076095604090646     
  0.75438654844023978       0.65207023329892033        1.3411443391602332E-002   4.4704811305341105E-003   35.090398975267711     
  0.55309779668804604       0.47850976440321291        1.3411443391602332E-002   4.4704811305341105E-003   43.482244605194225     
  0.45196126127543979       0.33810923544746019        1.3411443391602332E-002   4.4704811305341105E-003   130.42791021329955     
  0.50362411778969751       0.44188537224866464        1.3411443391602332E-002   4.4704811305341105E-003   106.77682719497501     
  0.75355138982489067       0.40362024195849294        1.3411443391602332E-002   4.4704811305341105E-003   113.87937769421690     
   6.0579846990702277E-002  0.69384894044427214        1.3411443391602332E-002   4.4704811305341105E-003   60.258050336006171     
  0.40137121205186521        9.9546693014476884E-002   1.3411443391602332E-002   4.4704811305341105E-003   161.20780537052249     
  0.53830767172688321       0.21733998324878731        1.3411443391602332E-002   4.4704811305341105E-003   98.689174900799898     
  0.63078268245112901       0.30596599593647766        1.3411443391602332E-002   4.4704811305341105E-003   178.26251904587912     
  0.61551386734950475       0.26079014068790551        1.3411443391602332E-002   4.4704811305341105E-003   149.90979323831019     
  0.67270506380295403       0.46594115651913343        1.3411443391602332E-002   4.4704811305341105E-003   11.163114373043168     
  0.46884844804012582       0.45597625554113269        1.3411443391602332E-002   4.4704811305341105E-003   73.646664746089769     
  0.32162058463147508       0.21485827066083232        1.3411443391602332E-002   4.4704811305341105E-003   63.672458264352073     
  0.45391905639329233       0.25599776126692642        1.3411443391602332E-002   4.4704811305341105E-003   55.166144643501482     
  0.50883855199469419       0.44480525558500517        1.3411443391602332E-002   4.4704811305341105E-003   138.79933415397247     
  0.43519965910638370       0.52682666211636153        1.3411443391602332E-002   4.4704811305341105E-003   4.5821790383125567     
  0.75881172403612818       0.12240792984112941        1.3411443391602332E-002   4.4704811305341105E-003   128.97512517933981     
  0.45755290112343444       0.22102528047701356        1.3411443391602332E-002   4.4704811305341105E-003   146.61255873277227     
  0.22234329711719433        1.3638658096905898E-002   1.3411443391602332E-002   4.4704811305341105E-003   77.848740025024100     
  0.15022730325854697        2.9397110538578186E-003   1.3411443391602332E-002   4.4704811305341105E-003   141.61839857141717     
  0.18797725058609696       0.21246076937358327        1.3411443391602332E-002   4.4704811305341105E-003   179.15670125736858     
  0.53138265020161446       0.45852430646688880        1.3411443391602332E-002   4.4704811305341105E-003   97.590595456399299     
  0.67102669568012618       0.47088297158944353        1.3411443391602332E-002   4.4704811305341105E-003   26.056322880688786     
  0.43144776442993671       0.48503644859138428        1.3411443391602332E-002   4.4704811305341105E-003   172.58218783232653     
  0.61535334302545108       0.42888010086379269        1.3411443391602332E-002   4.4704811305341105E-003   15.108222774322257     
  0.78876666287471864       0.22217885386075198        1.3411443391602332E-002   4.4704811305341105E-003   138.44808458797033     
  0.46883108296783460       0.24972966729365642        1.3411443391602332E-002   4.4704811305341105E-003   62.436326450010412     
   9.4182647743676226E-002  0.80643936006515204        1.3411443391602332E-002   4.4704811305341105E-003   119.11341440963565     
  0.12568580297374923       0.88114578002027422        1.3411443391602332E-002   4.4704811305341105E-003   61.927364912501538     
  0.84331710777030999       0.12352529275795848        1.3411443391602332E-002   4.4704811305341105E-003   96.692646916664657     
  0.67938784185006529       0.44700653972806337        1.3411443391602332E-002   4.4704811305341105E-003   170.46482405718871     
  0.25217769749070418       0.98223225775364464        1.3411443391602332E-002   4.4704811305341105E-003   127.82971772925255     
  0.38335003366229076       0.14463005430403375        1.3411443391602332E-002   4.4704811305341105E-003   119.44611303877043     
  0.68487274331193115       0.69493420984949461        1.3411443391602332E-002   4.4704811305341105E-003   130.68135023602051     
  0.41490987459198830       0.12382426064678975        1.3411443391602332E-002   4.4704811305341105E-003   124.72967143870058     
  0.45802614453360446       0.45352347800872672        1.3411443391602332E-002   4.4704811305341105E-003   101.98994355469254     
  0.53926841553131766       0.28996499022141814        1.3411443391602332E-002   4.4704811305341105E-003   14.687211588217398     
  0.75229253118111294       0.65854949753820269        1.3411443391602332E-002   4.4704811305341105E-003   34.970202874376277     
  0.54562330351639687       0.45569321852561756        1.3411443391602332E-002   4.4704811305341105E-003   100.27123777431224     
  0.10395293363504908       0.76920614760191319        1.3411443391602332E-002   4.4704811305341105E-003   39.740928590520653     
  0.41424459596692342       0.19618408713832991        1.3411443391602332E-002   4.4704811305341105E-003   86.581830920630622     
  0.57793620689819403       0.19849853797803688        1.3411443391602332E-002   4.4704811305341105E-003   23.513507331324139     
  0.41946070132136598       0.33661524156152378        1.3411443391602332E-002   4.4704811305341105E-003   144.88650015455320     
  0.15982995418902637       0.19760860725278745        1.3411443391602332E-002   4.4704811305341105E-003   10.922634055569755     
  0.30128087633361500       0.16729018317247407        1.3411443391602332E-002   4.4704811305341105E-003   17.146075130866851     
  0.61151982146214767       0.47647017204151354        1.3411443391602332E-002   4.4704811305341105E-003   42.811304172016804     
  0.51036547300628299       0.48477515991760478        1.3411443391602332E-002   4.4704811305341105E-003   53.732679106424243     
  0.26503704152732938       0.15931425335171406        1.3411443391602332E-002   4.4704811305341105E-003   129.44587688073509     
  0.11598332979035551       0.88301570360762693        1.3411443391602332E-002   4.4704811305341105E-003   75.338571941609729     
  0.77307196748712004       0.15948378678715702        1.3411443391602332E-002   4.4704811305341105E-003   56.678935153973114     
  0.66790973772496087       0.14921010163742712        1.3411443391602332E-002   4.4704811305341105E-003   132.76618544297540     
  0.22224899643762966       0.93030822455890516        1.3411443391602332E-002   4.4704811305341105E-003   150.84681000163744     
  0.19561773480516106       0.12320643054640179        1.3411443391602332E-002   4.4704811305341105E-003   5.0042147791749922     
  0.10131891358948818       0.74968045259072569        1.3411443391602332E-002   4.4704811305341105E-003   114.99781545708576     
  0.62492387053010634       0.26379547803313863        1.3411443391602332E-002   4.4704811305341105E-003   70.463183411802049     
  0.59355749520479928       0.31992783519423612        1.3411443391602332E-002   4.4704811305341105E-003   160.95385364423396     
  0.22863960887599424       0.94138700370189854        1.3411443391602332E-002   4.4704811305341105E-003   145.36932785594519     
  0.15069234619326957       0.93914551039465421        1.3411443391602332E-002   4.4704811305341105E-003   166.81096206299554     
  0.22199636040897894       0.99468509830281571        1.3411443391602332E-002   4.4704811305341105E-003   98.560548813383164     
  0.45868015945528323       0.13239042241588911        1.3411443391602332E-002   4.4704811305341105E-003   170.70192968992754     
  0.69315605708967998       0.61691443467928753        1.3411443391602332E-002   4.4704811305341105E-003   17.896787861001993     
  0.64843622750374408       0.52519954290733462        1.3411443391602332E-002   4.4704811305341105E-003   77.323341819449908     
  0.55444769895519275       0.29617642821689405        1.3411443391602332E-002   4.4704811305341105E-003   22.684673341315591     
  0.99261443534338256       0.20141860334694248        1.3411443391602332E-002   4.4704811305341105E-003   130.28893277005213     
  0.58169897464132203       0.47025265504520525        1.3411443391602332E-002   4.4704811305341105E-003   156.13928999814178     
  0.61582646832292831       0.42406488198574843        1.3411443391602332E-002   4.4704811305341105E-003   4.8096606735234158     
  0.12749974775302861       0.89384151977277160        1.3411443391602332E-002   4.4704811305341105E-003   84.429574372020355     
  0.66620786649423724       0.59902365003191294        1.3411443391602332E-002   4.4704811305341105E-003   76.493918922023042     
  0.63835542050841754       0.20743409110490918        1.3411443391602332E-002   4.4704811305341105E-003   123.19477341186963     
  0.20906190945034533       0.21481636720464772        1.3411443391602332E-002   4.4704811305341105E-003   136.10646116246917     
  0.76093846690742484       0.55143125900774803        1.3411443391602332E-002   4.4704811305341105E-003   151.44325427369944     
  0.89940531705500049        2.3207838513102930E-002   1.3411443391602332E-002   4.4704811305341105E-003   149.29526007156724     
  0.24574906338680066       0.15595442796406597        1.3411443391602332E-002   4.4704811305341105E-003   90.868297926990849     
  0.13211699474951658       0.90725646008453031        1.3411443391602332E-002   4.4704811305341105E-003   54.573040629833848     
  0.67508563349888362       0.56639088415610161        1.3411443391602332E-002   4.4704811305341105E-003   62.364093084795130     
  0.78174866425683753       0.53943797756988832        1.3411443391602332E-002   4.4704811305341105E-003   49.026938168001209     
  0.72901145397068357       0.66633528427923161        1.3411443391602332E-002   4.4704811305341105E-003   169.69822885787570     
  0.72349062848698564       0.55415229182292169        1.3411443391602332E-002   4.4704811305341105E-003   47.003397703537786     
  0.71743864487853382       0.59283005418284196        1.3411443391602332E-002   4.4704811305341105E-003   22.690702663832088     
   7.4185904210158735E-002  0.74850639785974993        1.3411443391602332E-002   4.4704811305341105E-003   94.200853488674952     
  0.29358194646265207       0.19553618112014121        1.3411443391602332E-002   4.4704811305341105E-003   153.49186233678313     
  0.44724609790019082       0.26430394778507982        1.3411443391602332E-002   4.4704811305341105E-003   36.195729360280858     
  0.14685270248436069       0.97851610286589463        1.3411443391602332E-002   4.4704811305341105E-003   148.90839443621863     
  0.42278786663510831        9.2376593311475685E-002   1.3411443391602332E-002   4.4704811305341105E-003   18.846254304019180     
  0.81102360643465177       0.50368990740412833        1.3411443391602332E-002   4.4704811305341105E-003   165.15837526529216     
  0.79996622543856855       0.16263190484010009        1.3411443391602332E-002   4.4704811305341105E-003   35.627742029427431     
  0.70262745456815645       0.51235903024568441        1.3411443391602332E-002   4.4704811305341105E-003   89.202318319676820     
  0.77303794309889928       0.17667271368657961        1.3411443391602332E-002   4.4704811305341105E-003   105.65689024973436     
  0.64369471584966098       0.21254051155658815        1.3411443391602332E-002   4.4704811305341105E-003   136.56240185946413     
  0.60741834641842218       0.47978772322706803        1.3411443391602332E-002   4.4704811305341105E-003   53.706222504623426     
  0.64108980294589990       0.47497498838769087        1.3411443391602332E-002   4.4704811305341105E-003   33.195808427707874     
  0.52066084966312987       0.25967855616108149        1.3411443391602332E-002   4.4704811305341105E-003   45.928874492391103     
  0.63653540082085003       0.33061229103800682        1.3411443391602332E-002   4.4704811305341105E-003   115.17750512649701     
  0.55125966516071168       0.45450331052089615        1.3411443391602332E-002   4.4704811305341105E-003   70.870364110674984     
  0.16346544152096101       0.92498383261399031        1.3411443391602332E-002   4.4704811305341105E-003   132.34550878865093     
  0.44859632105451674       0.50983818973888961        1.3411443391602332E-002   4.4704811305341105E-003   112.05289840348838     
  0.66108220132246587       0.47662808704932469        1.3411443391602332E-002   4.4704811305341105E-003   77.783105890528716     
  0.97615214188993515       0.98152407614046067        1.3411443391602332E-002   4.4704811305341105E-003   110.62166757082649     
  0.25231561143046288       0.96557371665562619        1.3411443391602332E-002   4.4704811305341105E-003   30.932074550411372     
  0.23678822502113037        2.3309983610823707E-002   1.3411443391602332E-002   4.4704811305341105E-003   139.26709864088522     
   9.1504282703095005E-002  0.73229543671136454        1.3411443391602332E-002   4.4704811305341105E-003   161.07025720201057     
  0.68541889817141211       0.56499371164460044        1.3411443391602332E-002   4.4704811305341105E-003   90.117200276796510     
  0.24906423838039041        2.1451710091073942E-002   1.3411443391602332E-002   4.4704811305341105E-003   79.741862556691459     
  0.49349545157096253       0.39077652814423397        1.3411443391602332E-002   4.4704811305341105E-003   128.06690425457751     
  0.28379721512430156       0.99415934789658222        1.3411443391602332E-002   4.4704811305341105E-003   84.508951379806192     
  0.29654810864238190        8.5090411085812223E-002   1.3411443391602332E-002   4.4704811305341105E-003   147.57444366921098     
  0.15370972492289811       0.12525501733673655        1.3411443391602332E-002   4.4704811305341105E-003   66.559056147941789     
  0.57615832112962417       0.22390039496838682        1.3411443391602332E-002   4.4704811305341105E-003   9.5707418820878480     
  0.63806776535036869       0.43028345516612004        1.3411443391602332E-002   4.4704811305341105E-003   12.719888371736676     
  0.67640538300883579       0.67605673830494384        1.3411443391602332E-002   4.4704811305341105E-003   168.42752320707766     
  0.41699770051393048       0.48034181684648303        1.3411443391602332E-002   4.4704811305341105E-003   45.426028071768542     
  0.55261203685487625       0.30078339005768234        1.3411443391602332E-002   4.4704811305341105E-003   34.996669200116891     
  0.28471378641498457        1.0524774470967779E-002   1.3411443391602332E-002   4.4704811305341105E-003   31.723113593163134     
  0.19648477185268345        2.5262647741374881E-002   1.3411443391602332E-002   4.4704811305341105E-003   103.72754344685957     
  0.69103635429996324       0.52860677357653740        1.3411443391602332E-002   4.4704811305341105E-003   33.804072428655672     
  0.55289598409767293       0.24358508278808477        1.3411443391602332E-002   4.4704811305341105E-003   48.319624923713192     
  0.42634393809094917       0.11877153648004435        1.3411443391602332E-002   4.4704811305341105E-003   160.46909595181890     
  0.80963154985978492       0.15676494594174892        1.3411443391602332E-002   4.4704811305341105E-003   157.41597827168064     
  0.79788695320565206       0.24038291281052737        1.3411443391602332E-002   4.4704811305341105E-003   96.396923116519204     
  0.49961012117228099       0.21521410179305378        1.3411443391602332E-002   4.4704811305341105E-003   154.12537463784989     
  0.61550020871432998       0.21067360419037653        1.3411443391602332E-002   4.4704811305341105E-003   127.38447782056448     
  0.75825664348094313       0.18869235050044739        1.3411443391602332E-002   4.4704811305341105E-003   160.35464067903527     
  0.88056367580481221       0.17732406935181247        1.3411443391602332E-002   4.4704811305341105E-003   84.722950548842007     
  0.11335958429972480       0.74602291891129635        1.3411443391602332E-002   4.4704811305341105E-003   140.37348380672995     
  0.43152067348661871       0.10076983912434384        1.3411443391602332E-002   4.4704811305341105E-003   50.321489955450318     
  0.53176130363778229       0.51303080990721228        1.3411443391602332E-002   4.4704811305341105E-003   149.59953944336664     
  0.70390925311675134       0.12601469895499784        1.3411443391602332E-002   4.4704811305341105E-003   122.24794219973263     
  0.67491790305794541       0.51513636378941219        1.3411443391602332E-002   4.4704811305341105E-003   157.62269666345273     
  0.27973827416004493       0.54929866047503817        1.3411443391602332E-002   4.4704811305341105E-003   166.46179619839066     
  0.57784443572233468       0.46488228845348217        1.3411443391602332E-002   4.4704811305341105E-003   121.72275343161728     
  0.53015593799910854       0.36697529675619389        1.3411443391602332E-002   4.4704811305341105E-003   178.58714010259442     
  0.23305422191897082       0.17187095566008687        1.3411443391602332E-002   4.4704811305341105E-003   145.33124243335661     
  0.47398389315952122       0.45299366951893183        1.3411443391602332E-002   4.4704811305341105E-003   50.017645772313656     
  0.26483888646668075       0.95258283560438195        1.3411443391602332E-002   4.4704811305341105E-003   113.91658561975201     
  0.23681556265583933        6.8306215573773976E-002   1.3411443391602332E-002   4.4704811305341105E-003   81.657077605767014     
  0.56602984489891306       0.43903535541157801        1.3411443391602332E-002   4.4704811305341105E-003   39.233985944133423     
  0.56009509520042144       0.26852780717309344        1.3411443391602332E-002   4.4704811305341105E-003   166.60176640360149     
  0.17764758549319451       0.16694909531382443        1.3411443391602332E-002   4.4704811305341105E-003   12.581095304290375     
  0.32032220597100691        4.8604718929177171E-003   1.3411443391602332E-002   4.4704811305341105E-003   40.302436813110013     
  0.18621012244551638       0.13591870557752347        1.3411443391602332E-002   4.4704811305341105E-003   9.0909163703803344     
  0.55624224590065163       0.32902089859110140        1.3411443391602332E-002   4.4704811305341105E-003   106.59674939407209     
  0.36155715152775575       0.18775360335774585        1.3411443391602332E-002   4.4704811305341105E-003   175.05107107401886     
  0.67196449341056042       0.50446978374741458        1.3411443391602332E-002   4.4704811305341105E-003   23.126837601783141     
  0.31200878402513965       0.23038160964204221        1.3411443391602332E-002   4.4704811305341105E-003   3.1713173170860234     
  0.53350535536217769       0.17820485715864742        1.3411443391602332E-002   4.4704811305341105E-003   138.11109501679587     
  0.90913288049090324       0.18985622787628048        1.3411443391602332E-002   4.4704811305341105E-003   4.7685587181836748     
  0.70807254338845160       0.53780647232781498        1.3411443391602332E-002   4.4704811305341105E-003   69.690133609651042     
  0.56029783521284515       0.47604905595833630        1.3411443391602332E-002   4.4704811305341105E-003   87.531200863258633     
  0.68779279662309700       0.51377998585816986        1.3411443391602332E-002   4.4704811305341105E-003   177.96076308664135     
  0.61962018797419860       0.44365415594269841        1.3411443391602332E-002   4.4704811305341105E-003   51.561645928183125     
  0.86715456550676484       0.21785427962842571        1.3411443391602332E-002   4.4704811305341105E-003   79.117856338628442     
  0.49683155316878136       0.36939888551738748        1.3411443391602332E-002   4.4704811305341105E-003   6.2469032511517053     
  0.46918677115877938       0.12375365640532493        1.3411443391602332E-002   4.4704811305341105E-003   129.54033024652327     
  0.18137482924402629       0.15221727023657272        1.3411443391602332E-002   4.4704811305341105E-003   31.310241165044420     
  0.26764962130266845       0.13518052230070415        1.3411443391602332E-002   4.4704811305341105E-003   122.00117743322586     
  0.66499326906675993       0.54741050681355996        1.3411443391602332E-002   4.4704811305341105E-003   52.295232635501151     
  0.74036206693184892       0.64562689849443522        1.3411443391602332E-002   4.4704811305341105E-003   54.159323435994693     
  0.63184602645248478       0.39030478017226872        1.3411443391602332E-002   4.4704811305341105E-003   113.17032196744215     
  0.41617745225030894       0.50906580007197078        1.3411443391602332E-002   4.4704811305341105E-003   168.36039297801111     
  0.56724278603101130       0.27511661564746703        1.3411443391602332E-002   4.4704811305341105E-003   91.119997781794680     
  0.21374363297547597        1.7692529562462589E-002   1.3411443391602332E-002   4.4704811305341105E-003   63.855129233647780     
  0.69704601325601068       0.66180224957919909        1.3411443391602332E-002   4.4704811305341105E-003   126.40180415876844     
  0.30192770276200631       0.12572576063567048        1.3411443391602332E-002   4.4704811305341105E-003   132.85677536545606     
  0.68117335918011412       0.48961496818425632        1.3411443391602332E-002   4.4704811305341105E-003   94.576346670970977     
  0.51496125878148213       0.22246089078964357        1.3411443391602332E-002   4.4704811305341105E-003   10.145634363581685     
  0.29028048898610115        1.9922579454324411E-002   1.3411443391602332E-002   4.4704811305341105E-003   126.63596769564660     
  0.64253990472661704       0.33406470260904353        1.3411443391602332E-002   4.4704811305341105E-003   159.19859402039151     
  0.43105779882842665       0.46248310865600006        1.3411443391602332E-002   4.4704811305341105E-003   116.09477277614910     
  0.34704557040043821       0.56691026977596304        1.3411443391602332E-002   4.4704811305341105E-003   122.48755661535195     
  0.27089534555377071        7.3458896735486778E-002   1.3411443391602332E-002   4.4704811305341105E-003   136.21341335337644     
  0.41729504815272650       0.26358885095596313        1.3411443391602332E-002   4.4704811305341105E-003   9.6677702210191363     
  0.67377630848273962       0.54422096895469529        1.3411443391602332E-002   4.4704811305341105E-003   93.419843006267300     
  0.54651238769303268       0.50336018939188731        1.3411443391602332E-002   4.4704811305341105E-003   107.38114266814513     
  0.58939623508142269       0.17669000669965459        1.3411443391602332E-002   4.4704811305341105E-003   179.17242522009448     
  0.64595601154349136       0.14376883847718597        1.3411443391602332E-002   4.4704811305341105E-003   179.14830887625254     
  0.42558275310487420       0.34059294783032251        1.3411443391602332E-002   4.4704811305341105E-003   105.83438597383135     
  0.50085752415225870       0.36417035179488472        1.3411443391602332E-002   4.4704811305341105E-003   2.5110827053158520     
  0.41208076405534683       0.56322331048247998        1.3411443391602332E-002   4.4704811305341105E-003   155.98678438010469     
  0.86359423438578864       0.19060588159943936        1.3411443391602332E-002   4.4704811305341105E-003   112.04387152904138     
  0.41424729317097597       0.51494430668961821        1.3411443391602332E-002   4.4704811305341105E-003   19.361718080819337     
  0.61576705053250935       0.41744036585418343        1.3411443391602332E-002   4.4704811305341105E-003   166.87645320221705     
  0.26041042600040121       0.17119797635430845        1.3411443391602332E-002   4.4704811305341105E-003   106.40254728971824     
  0.43324306145332780       0.47399193221091901        1.3411443391602332E-002   4.4704811305341105E-003   1.5267553083941534     
  0.11405147566300548       0.78939901512459820        1.3411443391602332E-002   4.4704811305341105E-003   152.93530376604815     
  0.71457054290707334       0.53795176015996016        1.3411443391602332E-002   4.4704811305341105E-003   101.29831976809406     
  0.82054779650408227       0.49404721669605328        1.3411443391602332E-002   4.4704811305341105E-003   87.958297735292049     
  0.74359755140172834       0.39714031938449146        1.3411443391602332E-002   4.4704811305341105E-003   91.406364544313803     
  0.72917010176811470       0.63828600792662293        1.3411443391602332E-002   4.4704811305341105E-003   16.645574359630306     
  0.42215297749576863       0.17481984113601437        1.3411443391602332E-002   4.4704811305341105E-003   135.61319118906849     
   9.7200246556417777E-002  0.77156340568040371        1.3411443391602332E-002   4.4704811305341105E-003   75.099798328700771     
  0.94449449020096032       0.11382346628918766        1.3411443391602332E-002   4.4704811305341105E-003   47.551628352789223     
  0.99026108255085854       0.14544244196911504        1.3411443391602332E-002   4.4704811305341105E-003   9.4393979275356692     
  0.54620376511395630       0.33965590444074595        1.3411443391602332E-002   4.4704811305341105E-003   149.20092428362872     
  0.62739958589909650       0.42532705517888103        1.3411443391602332E-002   4.4704811305341105E-003   163.31409388556963     
  0.66563304505036969       0.45070823922516023        1.3411443391602332E-002   4.4704811305341105E-003   158.10066316372539     
  0.49989431605661638       0.40394131403555766        1.3411443391602332E-002   4.4704811305341105E-003   6.1681810060026248     
  0.81511453156912783       0.23329324865135601        1.3411443391602332E-002   4.4704811305341105E-003   30.380310020561350     
  0.43552320193486560       0.46492928650013055        1.3411443391602332E-002   4.4704811305341105E-003   132.45680295458484     
  0.57789668348622536       0.47823488356358057        1.3411443391602332E-002   4.4704811305341105E-003   8.0560249545434051     
  0.71106236882241125       0.56000963157053119        1.3411443391602332E-002   4.4704811305341105E-003   98.138122208761203     
  0.69329108557026820       0.69509369166565516        1.3411443391602332E-002   4.4704811305341105E-003   69.605300744739168     
  0.38847336007292499       0.14764103921588242        1.3411443391602332E-002   4.4704811305341105E-003   116.77590890016965     
  0.96201693802846411        9.2976161437195448E-002   1.3411443391602332E-002   4.4704811305341105E-003   61.256253875690092     
  0.43916153989644519       0.33905727817324732        1.3411443391602332E-002   4.4704811305341105E-003   43.652397337580695     
  0.67926394280268665       0.42899868880725783        1.3411443391602332E-002   4.4704811305341105E-003   29.222041290660041     
   2.1166261943466200E-002  0.24063171910756206        1.3411443391602332E-002   4.4704811305341105E-003   55.879734442931323     
  0.49886045968108872       0.44096171301680043        1.3411443391602332E-002   4.4704811305341105E-003   96.491274275471582     
  0.39138129683219108       0.19651515228756597        1.3411443391602332E-002   4.4704811305341105E-003   26.168283863134572     
  0.65528610823022160       0.41363161807589793        1.3411443391602332E-002   4.4704811305341105E-003   100.77379508445621     
  0.57416508816779110       0.16550145897547042        1.3411443391602332E-002   4.4704811305341105E-003   71.418398942594791     
  0.79909302625746936       0.11630960943045848        1.3411443391602332E-002   4.4704811305341105E-003   78.238075533758789     
  0.53130452242225268       0.22086716216184771        1.3411443391602332E-002   4.4704811305341105E-003   52.974446470768910     
   2.5417208527824808E-003  0.62177722014808645        1.3411443391602332E-002   4.4704811305341105E-003   36.764744454996425     
  0.87382999491636226       0.13771767921634676        1.3411443391602332E-002   4.4704811305341105E-003   121.46613326395000     
  0.58352675369657070       0.27131824641250618        1.3411443391602332E-002   4.4704811305341105E-003   28.404308188877021     
  0.75472044672622263       0.14435557524733839        1.3411443391602332E-002   4.4704811305341105E-003   179.20440559665383     
  0.15970020501090290       0.91716470957516605        1.3411443391602332E-002   4.4704811305341105E-003   175.13571929816888     
  0.41724282838279420       0.99391256374929637        1.3411443391602332E-002   4.4704811305341105E-003   20.733970195700667     
  0.70164942599153857       0.52419198580775916        1.3411443391602332E-002   4.4704811305341105E-003   66.816123386085906     
   1.7238020718006272E-002  0.20224522264291331        1.3411443391602332E-002   4.4704811305341105E-003   52.973755327411148     
  0.37983401840532743       0.47681265873305229        1.3411443391602332E-002   4.4704811305341105E-003   60.889808110954462     
  0.38760623132865135       0.25343637890311038        1.3411443391602332E-002   4.4704811305341105E-003   58.332406100469655     
  0.41420128790117205       0.17014873568091235        1.3411443391602332E-002   4.4704811305341105E-003   99.365625552170528     
  0.23366595098757723       0.11562786142642317        1.3411443391602332E-002   4.4704811305341105E-003   162.13936918687355     
  0.21935327452747225       0.54473682349454822        1.3411443391602332E-002   4.4704811305341105E-003   109.76537467541961     
   8.7446274949297548E-003  0.17465770386383095        1.3411443391602332E-002   4.4704811305341105E-003   73.746278112956034     
  0.72736278964618439       0.44195509775687630        1.3411443391602332E-002   4.4704811305341105E-003   63.734810287346036     
  0.40869700283333293       0.54439438689018615        1.3411443391602332E-002   4.4704811305341105E-003   94.519926420503268     
  0.20623095893620705        5.7450878632681057E-003   1.3411443391602332E-002   4.4704811305341105E-003   141.77533522034267     
  0.92901769591073757       0.17169380887132618        1.3411443391602332E-002   4.4704811305341105E-003   19.690868320513371     
  0.73125137984292399       0.61092237081229406        1.3411443391602332E-002   4.4704811305341105E-003   96.774784716245293     
  0.54916328552989691       0.25059375433689118        1.3411443391602332E-002   4.4704811305341105E-003   16.681442372464840     
  0.35619792996238114       0.11430637805944854        1.3411443391602332E-002   4.4704811305341105E-003   52.675685921652743     
  0.63438094418576252       0.50927516685363405        1.3411443391602332E-002   4.4704811305341105E-003   130.69764674701744     
  0.29877033719263324        2.4168967815843826E-002   1.3411443391602332E-002   4.4704811305341105E-003   127.99383711604217     
  0.70902117662071462       0.51181965374870830        1.3411443391602332E-002   4.4704811305341105E-003   59.587830762129798     
  0.80505107383792585       0.26360084435792336        1.3411443391602332E-002   4.4704811305341105E-003   150.94039069997743     
  0.78111865288313287       0.17550712424046935        1.3411443391602332E-002   4.4704811305341105E-003   47.136935498630322     
  0.12268661533826729       0.89801209283559036        1.3411443391602332E-002   4.4704811305341105E-003   55.003821382915937     
  0.59879091426015596       0.35706268361170118        1.3411443391602332E-002   4.4704811305341105E-003   119.11544261747618     
  0.44438000782658604       0.29164269969200307        1.3411443391602332E-002   4.4704811305341105E-003   123.65541781983818     
  0.59139984609356355       0.24710291519996141        1.3411443391602332E-002   4.4704811305341105E-003   84.724505997767338     
  0.43908166382664227       0.55440209603252433        1.3411443391602332E-002   4.4704811305341105E-003   90.512067791552411     
  0.32525901211594932       0.55985758795079166        1.3411443391602332E-002   4.4704811305341105E-003   51.820301684423086     
  0.56363371385384575       0.24924941345519777        1.3411443391602332E-002   4.4704811305341105E-003   162.88418176800766     
  0.10102622708190905       0.78956927757275419        1.3411443391602332E-002   4.4704811305341105E-003   136.32627316598467     
  0.24850617487186580        4.5912562474994811E-002   1.3411443391602332E-002   4.4704811305341105E-003   119.63266104006949     
  0.42772135218958240       0.20409293797546507        1.3411443391602332E-002   4.4704811305341105E-003   104.29647629344866     
  0.25254432948143446        9.3357304384681705E-002   1.3411443391602332E-002   4.4704811305341105E-003   45.648858845072056     
  0.76551583569796200       0.20578862732290332        1.3411443391602332E-002   4.4704811305341105E-003   151.75677979519870     
  0.22771108328083753       0.13268311526314175        1.3411443391602332E-002   4.4704811305341105E-003   136.63025883122910     
  0.49764030314476226       0.46999230916069157        1.3411443391602332E-002   4.4704811305341105E-003  0.64169071314055781     
  0.63569444793565710       0.31971988369309601        1.3411443391602332E-002   4.4704811305341105E-003   1.7503025779851547     
  0.39804356715051659       0.49072934471480434        1.3411443391602332E-002   4.4704811305341105E-003   92.092640144226564     
  0.38030683747058158       0.19608264366843733        1.3411443391602332E-002   4.4704811305341105E-003   7.4624656796497808     
  0.22329474912265621       0.51202589765885109        1.3411443391602332E-002   4.4704811305341105E-003   11.534365726132183     
  0.70573761683037162       0.55873071984562117        1.3411443391602332E-002   4.4704811305341105E-003   116.40239789136866     
  0.99683494737169365       0.20585297551132156        1.3411443391602332E-002   4.4704811305341105E-003   120.32961245696858     
  0.31715107291770539       0.54999514082531775        1.3411443391602332E-002   4.4704811305341105E-003   68.308643184245753     
  0.81066916851388171       0.56856503069440645        1.3411443391602332E-002   4.4704811305341105E-003   2.8233571757959073     
  0.73910402583135504       0.60972928346978872        1.3411443391602332E-002   4.4704811305341105E-003   65.302821769257690     
  0.63087003337670045       0.50587222032992818        1.3411443391602332E-002   4.4704811305341105E-003   120.38730852744580     
  0.24517435390604972       0.52688500677117811        1.3411443391602332E-002   4.4704811305341105E-003   4.1636187633997448     
  0.60595836113170343       0.32012508293834652        1.3411443391602332E-002   4.4704811305341105E-003   35.119523939284910     
  0.55257763157151352       0.50458653665098119        1.3411443391602332E-002   4.4704811305341105E-003   104.47585944526266     
  0.69892139916501395       0.68182757727585774        1.3411443391602332E-002   4.4704811305341105E-003   95.811490096373504     
   7.6035647668824726E-004  0.24583548345392711        1.3411443391602332E-002   4.4704811305341105E-003   151.31477721978715     
  0.60234919644818596       0.44347008293810969        1.3411443391602332E-002   4.4704811305341105E-003   113.73964046261712     
  0.54816072411147587       0.26113199374693358        1.3411443391602332E-002   4.4704811305341105E-003   42.730112738934920     
  0.12315126125676494       0.82992499474157300        1.3411443391602332E-002   4.4704811305341105E-003   99.716107577257034     
  0.49989406579794549       0.25020281762036201        1.3411443391602332E-002   4.4704811305341105E-003   8.8830644015966733     
  0.23680879887994102       0.97338553797555361        1.3411443391602332E-002   4.4704811305341105E-003   20.370249603395564     
  0.20015303760733888       0.99368058247732749        1.3411443391602332E-002   4.4704811305341105E-003   146.22497955436052     
  0.65600484419801097       0.15015988889748683        1.3411443391602332E-002   4.4704811305341105E-003   41.013452079214048     
  0.40628475467539726       0.55786764870534022        1.3411443391602332E-002   4.4704811305341105E-003   96.126310163054924     
  0.68566917206940081       0.54395389154030971        1.3411443391602332E-002   4.4704811305341105E-003   4.2780250269600852     
  0.35599246340107715       0.56629254305436572        1.3411443391602332E-002   4.4704811305341105E-003   68.351738277774828     
   5.3896561170189691E-002  0.68154079501315479        1.3411443391602332E-002   4.4704811305341105E-003   72.807756909243423     
  0.74108393075407197       0.44371482467757700        1.3411443391602332E-002   4.4704811305341105E-003   160.09157470836502     
  0.78552374212170128       0.56499815792518360        1.3411443391602332E-002   4.4704811305341105E-003   106.46854963727624     
   1.6053491282837881E-002  0.24578400760023936        1.3411443391602332E-002   4.4704811305341105E-003   32.472269849219693     
  0.68842999184208353       0.45526655033474112        1.3411443391602332E-002   4.4704811305341105E-003   26.276407431808483     
  0.25621462456567567       0.95356796984903558        1.3411443391602332E-002   4.4704811305341105E-003   67.418972489243828     
  0.34820819957623339       0.19681934682489388        1.3411443391602332E-002   4.4704811305341105E-003   37.753408003616705     
   4.8591376986426814E-003  0.36156512349900372        1.3411443391602332E-002   4.4704811305341105E-003   57.355949911640494     
  0.39227140884292727        9.3635289349409012E-002   1.3411443391602332E-002   4.4704811305341105E-003   78.490059542541601     
  0.20354507677102904       0.49546861163143935        1.3411443391602332E-002   4.4704811305341105E-003   62.343372559029021     
  0.69044197675741537       0.68251767839448130        1.3411443391602332E-002   4.4704811305341105E-003   103.56634906942001     
  0.51420210240338926       0.24390217548162282        1.3411443391602332E-002   4.4704811305341105E-003   70.603983962600239     
  0.67249918405618192       0.59819288207665022        1.3411443391602332E-002   4.4704811305341105E-003   104.97891730219503     
  0.24139672831457390        3.6964703681807487E-002   1.3411443391602332E-002   4.4704811305341105E-003   107.34753320880232     
  0.53300775758132068       0.51861875829771598        1.3411443391602332E-002   4.4704811305341105E-003   176.85957234053089     
  0.61902659057377374       0.23942982751329228        1.3411443391602332E-002   4.4704811305341105E-003   71.071193463192571     
  0.65593821377587902       0.18523769803808354        1.3411443391602332E-002   4.4704811305341105E-003   4.8945187751827799     
  0.60934711635178951       0.34941877290405954        1.3411443391602332E-002   4.4704811305341105E-003   146.87971150259281     
  0.80589564827701143       0.11915552047967581        1.3411443391602332E-002   4.4704811305341105E-003   127.25619811600876     
  0.67661195388926565       0.13923566991698372        1.3411443391602332E-002   4.4704811305341105E-003   112.65626169242061     
  0.37972920198499521       0.54430818544310755        1.3411443391602332E-002   4.4704811305341105E-003   166.86008867859252     
  0.39196717710976414       0.49085116137864371        1.3411443391602332E-002   4.4704811305341105E-003   80.415553608360582     
  0.41679503866108192       0.14668308719478435        1.3411443391602332E-002   4.4704811305341105E-003   87.713972525990940     
  0.45830593467172220       0.25227765589281387        1.3411443391602332E-002   4.4704811305341105E-003   66.627867386382064     
  0.66505735366802599       0.72078300885665159        1.3411443391602332E-002   4.4704811305341105E-003   118.61227011519613     
  0.81028389313223392       0.51569737609491251        1.3411443391602332E-002   4.4704811305341105E-003   93.452460974202793     
  0.25823566489967981       0.13483205358021577        1.3411443391602332E-002   4.4704811305341105E-003   53.305006013915360     
  0.54144659050934629       0.18178390787814869        1.3411443391602332E-002   4.4704811305341105E-003   86.334584129713022     
  0.68710366721394134       0.49205446510634698        1.3411443391602332E-002   4.4704811305341105E-003   115.56885480873881     
  0.81034764469564924       0.55330282442886558        1.3411443391602332E-002   4.4704811305341105E-003   174.28310629705129     
  0.12417213296228639       0.84987253997488099        1.3411443391602332E-002   4.4704811305341105E-003   147.36440105246061     
  0.48703860214542410       0.38851400478590359        1.3411443391602332E-002   4.4704811305341105E-003   83.620799916921143     
  0.15769614575412386       0.20267353247542466        1.3411443391602332E-002   4.4704811305341105E-003   21.896636870323494     
  0.16689390629200443        7.9518618405542973E-003   1.3411443391602332E-002   4.4704811305341105E-003   67.309269707318094     
  0.76382160099599161       0.60657408778726896        1.3411443391602332E-002   4.4704811305341105E-003   75.295653430805416     
  0.61377980621208661       0.47109478653903192        1.3411443391602332E-002   4.4704811305341105E-003   8.8372429717170213     
  0.28643923123477022       0.11443257261307538        1.3411443391602332E-002   4.4704811305341105E-003   33.931854378295462     
  0.30566369905885982       0.13183310092237455        1.3411443391602332E-002   4.4704811305341105E-003   160.26754895841773     
  0.82723272357219335       0.18423206425861799        1.3411443391602332E-002   4.4704811305341105E-003   119.07575267434073     
  0.31016647050246371       0.13743086360377643        1.3411443391602332E-002   4.4704811305341105E-003   1.4156427343049343     
  0.79704648455120919       0.21104937013711797        1.3411443391602332E-002   4.4704811305341105E-003   105.66794529476896     
  0.12438204848499611       0.78518893831849246        1.3411443391602332E-002   4.4704811305341105E-003   18.601060980274408     
  0.76000937542478875       0.91618657362811340        1.3411443391602332E-002   4.4704811305341105E-003   118.06086420229337     
  0.79207403206526805       0.16717093237916375        1.3411443391602332E-002   4.4704811305341105E-003   116.07846498497260     
  0.62446552986371884       0.39824093236531516        1.3411443391602332E-002   4.4704811305341105E-003   121.84929517618856     
  0.11868886321704934       0.76788116790950145        1.3411443391602332E-002   4.4704811305341105E-003   92.049744102045352     
  0.71533444207858443       0.67182179868529701        1.3411443391602332E-002   4.4704811305341105E-003   159.57287528631039     
  0.86178301895736875       0.15271619385424592        1.3411443391602332E-002   4.4704811305341105E-003   152.23520714579698     
   7.0690428986739592E-002  0.72296276290937356        1.3411443391602332E-002   4.4704811305341105E-003   133.08184925185367     
  0.43097194838001407       0.17605956486215102        1.3411443391602332E-002   4.4704811305341105E-003   65.880953607792392     
  0.62956445280289575       0.40188890334727240        1.3411443391602332E-002   4.4704811305341105E-003   117.42468074061817     
  0.98562920407458254       0.12902728184890638        1.3411443391602332E-002   4.4704811305341105E-003   127.75033178100244     
  0.55657530315478587       0.49001654382235904        1.3411443391602332E-002   4.4704811305341105E-003   116.65275195822313     
  0.43065270804816247       0.28348355809880332        1.3411443391602332E-002   4.4704811305341105E-003   134.92981150375451     
  0.32539354722461783        2.2674448953049046E-002   1.3411443391602332E-002   4.4704811305341105E-003   58.690614257334737     
  0.33243953541047827       0.16639501226259315        1.3411443391602332E-002   4.4704811305341105E-003   81.591024511138116     
  0.43238916567131136       0.23835852707085556        1.3411443391602332E-002   4.4704811305341105E-003   66.443816128523835     
