  0.29903299073424494       0.83550572988257110        1.1334738444463355E-002   3.7782461481544521E-003   75.386697695995366     
  0.33810032752273966        5.7299145812923953E-002   1.1334738444463355E-002   3.7782461481544521E-003   131.11248277340133     
  0.13940909779815766       0.38189492639169781        1.1334738444463355E-002   3.7782461481544521E-003   98.957032958440365     
  0.25599353469133618       0.55121025319719097        1.1334738444463355E-002   3.7782461481544521E-003   123.43076192639526     
  0.52738182653297527        5.5369627731108581E-002   1.1334738444463355E-002   3.7782461481544521E-003   92.302764535292496     
   7.2791374036839301E-002  0.99802318800135470        1.1334738444463355E-002   3.7782461481544521E-003   59.018210721690160     
  0.84589402953141857       0.40397288041441992        1.1334738444463355E-002   3.7782461481544521E-003   148.43386380159220     
  0.47935023264514587       0.62753914267030153        1.1334738444463355E-002   3.7782461481544521E-003   65.527769608358113     
  0.58372403210132928       0.61778656716064051        1.1334738444463355E-002   3.7782461481544521E-003   92.039402205892429     
   7.4184732515218915E-004  0.44045826200748855        1.1334738444463355E-002   3.7782461481544521E-003   41.617965161580138     
  0.48990977077336845       0.67310576595021931        1.1334738444463355E-002   3.7782461481544521E-003   41.618418679836019     
   2.1534801567497749E-002  0.59201939709121942        1.1334738444463355E-002   3.7782461481544521E-003   27.881189845223510     
  0.25217947223704440       0.18516997300799945        1.1334738444463355E-002   3.7782461481544521E-003   152.31450417043305     
   7.6030804809598382E-002  0.95245363793511706        1.1334738444463355E-002   3.7782461481544521E-003   34.953647684799535     
  0.52459992653905463       0.77442896021873864        1.1334738444463355E-002   3.7782461481544521E-003   150.10279139119072     
  0.18137464813063262       0.78166347123663682        1.1334738444463355E-002   3.7782461481544521E-003   84.780403526888364     
  0.89692884862223998       0.74539717592243282        1.1334738444463355E-002   3.7782461481544521E-003   17.575340172463989     
  0.91409787668937226       0.91244799664598608        1.1334738444463355E-002   3.7782461481544521E-003   132.00110157211012     
  0.43690293090907290       0.62119233265185925        1.1334738444463355E-002   3.7782461481544521E-003   80.780405515494962     
  0.53339461059146875        7.0215748068197387E-002   1.1334738444463355E-002   3.7782461481544521E-003   137.80945239951998     
  0.96712568194197268       0.97150153504331038        1.1334738444463355E-002   3.7782461481544521E-003   53.820279546186228     
  0.21394221586412207       0.41938195040468412        1.1334738444463355E-002   3.7782461481544521E-003   27.151306563923626     
  0.17884880416551693       0.66730185748056248        1.1334738444463355E-002   3.7782461481544521E-003   56.810412900468847     
  0.17003562165953628       0.44073158610524521        1.1334738444463355E-002   3.7782461481544521E-003   175.49402647255556     
  0.63378394112611325       0.60155916825144085        1.1334738444463355E-002   3.7782461481544521E-003   119.20033617039610     
  0.52092254222591605        6.3687523751346523E-002   1.1334738444463355E-002   3.7782461481544521E-003   128.59939861085678     
  0.18419350596465717       0.49847942140104751        1.1334738444463355E-002   3.7782461481544521E-003   107.83271650517402     
  0.96202296406777388       0.96111476876842272        1.1334738444463355E-002   3.7782461481544521E-003   79.534569401730948     
  0.47876003722048133       0.67448686409503766        1.1334738444463355E-002   3.7782461481544521E-003   133.52228712541722     
  0.15984777109875689       0.16344991840347209        1.1334738444463355E-002   3.7782461481544521E-003   144.59556385438091     
  0.17849058287721442       0.49634828616116289        1.1334738444463355E-002   3.7782461481544521E-003   126.91767714312419     
  0.31548772886267784       0.25280668232116565        1.1334738444463355E-002   3.7782461481544521E-003   85.624280095362977     
  0.33374097553511584       0.20644477690931975        1.1334738444463355E-002   3.7782461481544521E-003   163.76406275268891     
  0.24307137710639914       0.40049713347471266        1.1334738444463355E-002   3.7782461481544521E-003   139.17684357102576     
  0.31801823328435824       0.46029270677681972        1.1334738444463355E-002   3.7782461481544521E-003   25.471315150410774     
  0.75794566154513310       0.25027063040970127        1.1334738444463355E-002   3.7782461481544521E-003   21.594759743918935     
  0.99080462518854051       0.32270226880653441        1.1334738444463355E-002   3.7782461481544521E-003   155.05176071748124     
  0.34104225302590480       0.93270123182387421        1.1334738444463355E-002   3.7782461481544521E-003   129.14905220929970     
  0.24302317586329816       0.43920802295381550        1.1334738444463355E-002   3.7782461481544521E-003   71.775953819954779     
  0.49825388005120519       0.87015929672551018        1.1334738444463355E-002   3.7782461481544521E-003   177.99242631036611     
   6.9801041482590198E-002   1.7488367845086687E-003   1.1334738444463355E-002   3.7782461481544521E-003   47.098014165801558     
   9.1611259260212879E-002   9.5045396065726248E-002   1.1334738444463355E-002   3.7782461481544521E-003   135.74958410659556     
  0.65986352598492537       0.25989792293216019        1.1334738444463355E-002   3.7782461481544521E-003   105.79305985961581     
   7.9712803846511054E-002  0.82412208350358584        1.1334738444463355E-002   3.7782461481544521E-003   67.088387793634539     
  0.19138452767916847       0.23631591024924850        1.1334738444463355E-002   3.7782461481544521E-003   68.081411146987207     
  0.30144901183581257        7.5336216751598628E-002   1.1334738444463355E-002   3.7782461481544521E-003   98.981022226338695     
  0.63475130612891506       0.93310159816160698        1.1334738444463355E-002   3.7782461481544521E-003   133.04484787039087     
  0.97709466974951176       0.27107745593737925        1.1334738444463355E-002   3.7782461481544521E-003   114.61006219678339     
  0.66441858197070047       0.21112107588195766        1.1334738444463355E-002   3.7782461481544521E-003   154.62031727713855     
   5.7661474795019339E-002  0.63447428507603010        1.1334738444463355E-002   3.7782461481544521E-003   33.151611597923093     
  0.63612649285211764       0.44308762521369105        1.1334738444463355E-002   3.7782461481544521E-003   126.57253644297161     
   4.2386112579658519E-002  0.90606731281603992        1.1334738444463355E-002   3.7782461481544521E-003   46.817062146705702     
  0.57449510459976538       0.70655120842219765        1.1334738444463355E-002   3.7782461481544521E-003   176.81376455918416     
   9.2948969812996302E-002  0.51320492303057008        1.1334738444463355E-002   3.7782461481544521E-003   147.05132535140160     
  0.33849310904176860       0.66403528143979007        1.1334738444463355E-002   3.7782461481544521E-003   97.686424812463159     
   3.8608090572668084E-002  0.13170162630674578        1.1334738444463355E-002   3.7782461481544521E-003   155.64067955708956     
  0.27360882030869871       0.73442091951970834        1.1334738444463355E-002   3.7782461481544521E-003   103.03691705508992     
  0.91021059512816060       0.38510824255776660        1.1334738444463355E-002   3.7782461481544521E-003   70.137482344725157     
  0.31982203364208106       0.75394717004607437        1.1334738444463355E-002   3.7782461481544521E-003   73.135915001413210     
  0.17714545319665387       0.57632097351964595        1.1334738444463355E-002   3.7782461481544521E-003   24.837265345811634     
   6.7450073704771324E-003  0.68290454166576264        1.1334738444463355E-002   3.7782461481544521E-003   71.975482818398646     
  0.43594544461236312       0.98095411338184135        1.1334738444463355E-002   3.7782461481544521E-003   22.096057538252747     
   6.7958464197807100E-002  0.33824962124987801        1.1334738444463355E-002   3.7782461481544521E-003   10.330324186746754     
  0.27932390679524854       0.78508027754941545        1.1334738444463355E-002   3.7782461481544521E-003   91.660744635929959     
  0.75137126660773879       0.57292736715806725        1.1334738444463355E-002   3.7782461481544521E-003   132.44410318427194     
  0.74551237509058732       0.68843436523640855        1.1334738444463355E-002   3.7782461481544521E-003   89.467462351887633     
  0.13102765652711970        2.2169466074278863E-002   1.1334738444463355E-002   3.7782461481544521E-003   94.653495926664760     
  0.60599592822878789       0.41270248518426123        1.1334738444463355E-002   3.7782461481544521E-003   162.15818106753068     
  0.48172525475835970        5.9762854977289198E-002   1.1334738444463355E-002   3.7782461481544521E-003   166.79457072519628     
  0.71679623375073065        3.0040077095773400E-003   1.1334738444463355E-002   3.7782461481544521E-003   60.751619424618617     
  0.96357532272186763       0.72941384003226695        1.1334738444463355E-002   3.7782461481544521E-003   17.902337075536444     
  0.43598535628491958       0.13470329741943926        1.1334738444463355E-002   3.7782461481544521E-003   59.237480179493232     
  0.85789982986153746       0.84440561067759490        1.1334738444463355E-002   3.7782461481544521E-003   165.80816271863591     
  0.17010987354947552       0.44506505900544807        1.1334738444463355E-002   3.7782461481544521E-003   6.5037954714254527     
  0.37716024168675133       0.28915742144071155        1.1334738444463355E-002   3.7782461481544521E-003   159.92524829397269     
  0.60444292542292377       0.25801566762456107        1.1334738444463355E-002   3.7782461481544521E-003   163.76445695780163     
  0.60691618658909707       0.56992173930624779        1.1334738444463355E-002   3.7782461481544521E-003   46.189086940173240     
  0.27214595179824180       0.22592156784269907        1.1334738444463355E-002   3.7782461481544521E-003   50.064485180182963     
  0.65031871459976520       0.85484704391337074        1.1334738444463355E-002   3.7782461481544521E-003   166.10794742949096     
  0.49792891475128076       0.42407686775658399        1.1334738444463355E-002   3.7782461481544521E-003   135.20747389371283     
  0.66240818658212075       0.85091882664682639        1.1334738444463355E-002   3.7782461481544521E-003   164.45075938399629     
  0.98521042772590828       0.89165849164627142        1.1334738444463355E-002   3.7782461481544521E-003   27.942410593435575     
  0.26527517695502095       0.14123183124118308        1.1334738444463355E-002   3.7782461481544521E-003   57.048411027814694     
  0.38781055294546696       0.91755574136819751        1.1334738444463355E-002   3.7782461481544521E-003   51.693143549569520     
   8.6884452850203506E-002   9.1977356753549344E-002   1.1334738444463355E-002   3.7782461481544521E-003   104.56134021524987     
  0.14535906316904787       0.50110560707261764        1.1334738444463355E-002   3.7782461481544521E-003   14.477177113555395     
   5.7071093789964167E-002  0.50236932769024600        1.1334738444463355E-002   3.7782461481544521E-003   123.76126493313699     
  0.14291374778545848       0.93677786799675877        1.1334738444463355E-002   3.7782461481544521E-003   139.67127146062353     
  0.61916371929812264       0.17616485338563984        1.1334738444463355E-002   3.7782461481544521E-003   137.46899353543506     
  0.52244959578024874       0.11302039400737009        1.1334738444463355E-002   3.7782461481544521E-003   49.264915374115944     
  0.93262253865903066       0.54885957248354478        1.1334738444463355E-002   3.7782461481544521E-003   93.991976921827558     
   9.0639619587760262E-002  0.14787238345967824        1.1334738444463355E-002   3.7782461481544521E-003   65.153261629411602     
  0.20938110767251186       0.99293732860556905        1.1334738444463355E-002   3.7782461481544521E-003   161.90036956850972     
  0.26298993131631082       0.22996756044736058        1.1334738444463355E-002   3.7782461481544521E-003   43.768703912310229     
  0.64339274693029902       0.48661698810855730        1.1334738444463355E-002   3.7782461481544521E-003   63.314777569266084     
  0.65234792464707692        4.0316541502413997E-002   1.1334738444463355E-002   3.7782461481544521E-003   120.88500145646982     
  0.34625348953044399        4.6474609035728302E-002   1.1334738444463355E-002   3.7782461481544521E-003   143.65401432714015     
  0.31652654104754585       0.32821506225584113        1.1334738444463355E-002   3.7782461481544521E-003   58.761018949880537     
  0.32996781405399750        6.8408329208585847E-002   1.1334738444463355E-002   3.7782461481544521E-003   141.80891138210774     
  0.45419776750421720       0.39694328169936399        1.1334738444463355E-002   3.7782461481544521E-003   75.253768574246365     
  0.89245219682578669       0.75045219579677769        1.1334738444463355E-002   3.7782461481544521E-003   74.604803183073287     
  0.92181151476206247       0.72538376747344036        1.1334738444463355E-002   3.7782461481544521E-003   6.1063124232630024     
  0.99634025593679654       0.11522193555009898        1.1334738444463355E-002   3.7782461481544521E-003   88.614410265220741     
  0.95512394726857131       0.73317359030151119        1.1334738444463355E-002   3.7782461481544521E-003   117.78323541631690     
  0.46984494902758056       0.84816852941327969        1.1334738444463355E-002   3.7782461481544521E-003   141.12704812935513     
  0.61460272133484672       0.96140226085391045        1.1334738444463355E-002   3.7782461481544521E-003   128.63411713200617     
  0.32817629440454066        6.4382980077583446E-002   1.1334738444463355E-002   3.7782461481544521E-003   157.11298776539226     
  0.38158216495257447       0.85161546552916245        1.1334738444463355E-002   3.7782461481544521E-003   107.55539938607672     
  0.95996648900914849       0.95138927564253573        1.1334738444463355E-002   3.7782461481544521E-003   102.16481199278917     
  0.17462304293571587       0.54285797272979597        1.1334738444463355E-002   3.7782461481544521E-003   100.67708088972225     
  0.45471676535544608       0.34891813118643483        1.1334738444463355E-002   3.7782461481544521E-003   155.70189277299721     
  0.61385297862145505        1.6147698664358997E-002   1.1334738444463355E-002   3.7782461481544521E-003   131.38438797307805     
  0.87376187588423415       0.31189902637227612        1.1334738444463355E-002   3.7782461481544521E-003   138.46119026313593     
  0.13085599293251765       0.41135680445426936        1.1334738444463355E-002   3.7782461481544521E-003   152.53569410044420     
  0.81566034313874625       0.65881643406803569        1.1334738444463355E-002   3.7782461481544521E-003   50.371372387542699     
  0.10810423597979706       0.35226587085594807        1.1334738444463355E-002   3.7782461481544521E-003   123.04131268757004     
  0.73583935777466347       0.48695783870482140        1.1334738444463355E-002   3.7782461481544521E-003   96.219340936114946     
   7.3085081862393750E-002  0.68068661334075731        1.1334738444463355E-002   3.7782461481544521E-003   127.65434575761640     
   9.4860602915696243E-002  0.58318296030116668        1.1334738444463355E-002   3.7782461481544521E-003   38.636554460323950     
  0.45781031627478952       0.39513441306550878        1.1334738444463355E-002   3.7782461481544521E-003   69.046162520965453     
  0.54399827228118081       0.42722057072606012        1.1334738444463355E-002   3.7782461481544521E-003   153.18266332476696     
  0.25903856946609405       0.23237324527974476        1.1334738444463355E-002   3.7782461481544521E-003   63.387987591549269     
  0.47055832647318130       0.50409578771151708        1.1334738444463355E-002   3.7782461481544521E-003   142.90991399290161     
  0.76527536881701119       0.56874278955190627        1.1334738444463355E-002   3.7782461481544521E-003   53.749505472932000     
  0.45899291835366063       0.44466895743509671        1.1334738444463355E-002   3.7782461481544521E-003   150.74656794404527     
  0.89798316989859550       0.49864548745768311        1.1334738444463355E-002   3.7782461481544521E-003   155.53282802542222     
  0.30334587945783814       0.82676637358842264        1.1334738444463355E-002   3.7782461481544521E-003   2.3717382697378060     
  0.64891099332606095       0.69825471392623506        1.1334738444463355E-002   3.7782461481544521E-003   119.55245547879427     
   8.6216829786925978E-002  0.15363482031439496        1.1334738444463355E-002   3.7782461481544521E-003   4.7714562919334442     
  0.88561535602835106       0.99314146966564543        1.1334738444463355E-002   3.7782461481544521E-003   90.506689252130968     
  0.28213477850233487        9.7294341579334129E-002   1.1334738444463355E-002   3.7782461481544521E-003   151.81659214660075     
  0.25123577127086449        4.5534200963104982E-002   1.1334738444463355E-002   3.7782461481544521E-003   60.762940742238399     
  0.32416562466797144       0.75157081978448415        1.1334738444463355E-002   3.7782461481544521E-003   38.691042665968936     
  0.42100233362410766       0.47895368603103061        1.1334738444463355E-002   3.7782461481544521E-003   175.43209037404867     
  0.96785840472825213       0.76126558945970380        1.1334738444463355E-002   3.7782461481544521E-003   77.987960022164785     
   9.8466039836412167E-002  0.88830040549360878        1.1334738444463355E-002   3.7782461481544521E-003   129.20038744180138     
  0.71997898977623875       0.93161941363961542        1.1334738444463355E-002   3.7782461481544521E-003   31.614916347091963     
  0.53722805424632902       0.85960874071967242        1.1334738444463355E-002   3.7782461481544521E-003   42.462773430317526     
  0.99131591197639235       0.11391224315317723        1.1334738444463355E-002   3.7782461481544521E-003   93.196441507757427     
  0.12099838856692462       0.78810728755461845        1.1334738444463355E-002   3.7782461481544521E-003   178.21878400682317     
  0.39516636762519308       0.95618118300499033        1.1334738444463355E-002   3.7782461481544521E-003   56.303737684533793     
  0.39911276331551510       0.77079224562121951        1.1334738444463355E-002   3.7782461481544521E-003   131.35697686408787     
  0.27961652974882628       0.83227375397248715        1.1334738444463355E-002   3.7782461481544521E-003   142.30989579709296     
  0.30081211259884988       0.97882139183582950        1.1334738444463355E-002   3.7782461481544521E-003   146.44767833526836     
   6.3087547416627643E-002  0.18059782347799130        1.1334738444463355E-002   3.7782461481544521E-003   114.46203183348885     
  0.32392482894145641       0.58112710859785677        1.1334738444463355E-002   3.7782461481544521E-003   39.994493167396598     
  0.81606373522115017       0.33201451032143658        1.1334738444463355E-002   3.7782461481544521E-003   40.381190295285165     
  0.22891901012779900       0.32210194525492397        1.1334738444463355E-002   3.7782461481544521E-003   163.89551321026786     
  0.84895760641224938       0.88091207528343951        1.1334738444463355E-002   3.7782461481544521E-003   111.25391436372080     
  0.71373258328092426       0.65514749460007082        1.1334738444463355E-002   3.7782461481544521E-003   167.04843001934532     
  0.51533831330261981       0.77535172836138910        1.1334738444463355E-002   3.7782461481544521E-003   38.580661533566300     
  0.64441000223769540       0.43791163968162172        1.1334738444463355E-002   3.7782461481544521E-003   5.7230747423420443     
  0.10750265662543164       0.84361132192345978        1.1334738444463355E-002   3.7782461481544521E-003   97.330437820911030     
  0.55148740449355749       0.43651312431852801        1.1334738444463355E-002   3.7782461481544521E-003   160.84613726889788     
  0.66646188417639229       0.77771555583600360        1.1334738444463355E-002   3.7782461481544521E-003   68.929660891425414     
  0.39074152495292308       0.56485630126908459        1.1334738444463355E-002   3.7782461481544521E-003   170.06290478671289     
  0.43723173630786105       0.82328098021017415        1.1334738444463355E-002   3.7782461481544521E-003   7.6285450067028000     
  0.96069304135027977       0.23523005765635022        1.1334738444463355E-002   3.7782461481544521E-003   41.890724545443234     
  0.43736531628174991       0.50878856976931275        1.1334738444463355E-002   3.7782461481544521E-003   177.11423575119582     
   7.2321289215285481E-002  0.95786199234068337        1.1334738444463355E-002   3.7782461481544521E-003  0.68484576428866717     
  0.81694611885776591        4.9952634866385619E-002   1.1334738444463355E-002   3.7782461481544521E-003   172.93296867995630     
  0.89966483361144634       0.27474790196330284        1.1334738444463355E-002   3.7782461481544521E-003   75.985212250027374     
  0.47807688996216607       0.90892641237383598        1.1334738444463355E-002   3.7782461481544521E-003   162.29321345590202     
  0.89708314799274469       0.92578668810171372        1.1334738444463355E-002   3.7782461481544521E-003   133.39710220077711     
  0.54965776821766532       0.48121119226503828        1.1334738444463355E-002   3.7782461481544521E-003   111.19279028400180     
  0.30099284644360402       0.52706560887731824        1.1334738444463355E-002   3.7782461481544521E-003   31.385837067522175     
  0.47665432883233005       0.53168948191642651        1.1334738444463355E-002   3.7782461481544521E-003   178.42404775882326     
  0.16791688488469000       0.70451158888175880        1.1334738444463355E-002   3.7782461481544521E-003   67.878813956724088     
  0.80305405813349517       0.69776953940269548        1.1334738444463355E-002   3.7782461481544521E-003   85.650233201342544     
  0.45601407660021681       0.89316384816730576        1.1334738444463355E-002   3.7782461481544521E-003   172.96142812060256     
  0.16644857030417565        1.5863906740003843E-002   1.1334738444463355E-002   3.7782461481544521E-003   144.37516429037274     
  0.39085587089411244       0.23073558611977921        1.1334738444463355E-002   3.7782461481544521E-003   79.327837122541922     
  0.26990027446890108       0.73319134658890961        1.1334738444463355E-002   3.7782461481544521E-003   108.19154231892017     
  0.82105202260513532       0.21695000444871451        1.1334738444463355E-002   3.7782461481544521E-003   146.52000967236282     
  0.56050556069701862       0.51306847297377978        1.1334738444463355E-002   3.7782461481544521E-003   112.53306859164074     
  0.62116792497627682       0.78443115181996670        1.1334738444463355E-002   3.7782461481544521E-003   10.427114887304960     
  0.67478319141121523       0.78222067291427255        1.1334738444463355E-002   3.7782461481544521E-003   174.86545601676394     
   7.1734931068917623E-002   9.6416433109158525E-002   1.1334738444463355E-002   3.7782461481544521E-003   43.725662980545941     
  0.74412100754939148       0.25163829748350536        1.1334738444463355E-002   3.7782461481544521E-003   99.107881122347862     
  0.12599261480847526       0.31419730203863727        1.1334738444463355E-002   3.7782461481544521E-003   80.381817542693796     
  0.17807789598216828       0.77075001259990716        1.1334738444463355E-002   3.7782461481544521E-003   82.369109841470774     
  0.70247527087848272       0.23291915042698744        1.1334738444463355E-002   3.7782461481544521E-003   159.90077550782166     
  0.89014931203677805       0.44816730680710898        1.1334738444463355E-002   3.7782461481544521E-003   28.711389228453900     
   8.2304131798717386E-002  0.67788661671218708        1.1334738444463355E-002   3.7782461481544521E-003   26.224490886359344     
  0.50071629238783200       0.85457295987669968        1.1334738444463355E-002   3.7782461481544521E-003   4.5542740459150144     
  0.39999316990553996       0.11264758491781507        1.1334738444463355E-002   3.7782461481544521E-003   56.959739794758093     
  0.73766670624201902       0.55560402867440994        1.1334738444463355E-002   3.7782461481544521E-003   148.32288817872555     
  0.62420031161424738       0.97367363617598046        1.1334738444463355E-002   3.7782461481544521E-003   175.62088286493673     
  0.24050038262348256       0.39657972113201795        1.1334738444463355E-002   3.7782461481544521E-003   151.85742409777876     
  0.96616126950557402       0.16746466715720268        1.1334738444463355E-002   3.7782461481544521E-003   71.418003303478571     
  0.89762541152118147       0.81492119450554323        1.1334738444463355E-002   3.7782461481544521E-003   32.792536760617793     
  0.13036661836512861       0.25171332058972540        1.1334738444463355E-002   3.7782461481544521E-003   54.714880409541003     
  0.17562539582227091       0.58126416913477319        1.1334738444463355E-002   3.7782461481544521E-003   10.779438565369825     
  0.35592091680217591       0.89902726480352924        1.1334738444463355E-002   3.7782461481544521E-003   72.375502151864453     
  0.29134245181181229       0.97905544355518004        1.1334738444463355E-002   3.7782461481544521E-003  0.92655587464444489     
  0.59494668383859839       0.37938977318380923        1.1334738444463355E-002   3.7782461481544521E-003   73.483572382528166     
  0.21495833065106551        2.5271303687998157E-002   1.1334738444463355E-002   3.7782461481544521E-003   119.33154562659627     
  0.96930338418100381       0.50556356453712425        1.1334738444463355E-002   3.7782461481544521E-003   175.29137385718840     
  0.61405951137987358       0.18569582222948158        1.1334738444463355E-002   3.7782461481544521E-003   117.92340190708133     
  0.61857342571568186       0.18697489521183955        1.1334738444463355E-002   3.7782461481544521E-003   91.461661459990395     
  0.81714204569731685        4.5325144678526920E-002   1.1334738444463355E-002   3.7782461481544521E-003   11.216794623028276     
  0.44602692565622010       0.39520418904223681        1.1334738444463355E-002   3.7782461481544521E-003   139.66998278323962     
   3.1957707855937309E-002  0.62647383290308112        1.1334738444463355E-002   3.7782461481544521E-003   118.51571194540500     
  0.39518787968793068       0.63925860699537040        1.1334738444463355E-002   3.7782461481544521E-003   55.698180257037890     
  0.18362966958918309       0.76697943798412971        1.1334738444463355E-002   3.7782461481544521E-003   44.323463698380813     
  0.65501915705751990        4.6891048310996629E-002   1.1334738444463355E-002   3.7782461481544521E-003   178.68949242150728     
  0.87707116373875149       0.67641637275501776        1.1334738444463355E-002   3.7782461481544521E-003   135.36375456346153     
  0.29199655211921244       0.51981958425341002        1.1334738444463355E-002   3.7782461481544521E-003   30.768130222703824     
  0.22352626826071606       0.41742934161228873        1.1334738444463355E-002   3.7782461481544521E-003   133.51913996070013     
  0.59033756912201207       0.23788076888687579        1.1334738444463355E-002   3.7782461481544521E-003   42.389577174379518     
  0.31681187125069554       0.87039870807585895        1.1334738444463355E-002   3.7782461481544521E-003   7.1300689615569528     
  0.45131936743357287       0.54212161340550891        1.1334738444463355E-002   3.7782461481544521E-003   27.537721232839999     
  0.26606492183215091       0.40464049812963254        1.1334738444463355E-002   3.7782461481544521E-003   73.970851031142445     
  0.53173159993047225       0.86293141790104611        1.1334738444463355E-002   3.7782461481544521E-003   79.645380276188874     
  0.81899254965017487       0.73124923404997078        1.1334738444463355E-002   3.7782461481544521E-003   93.817207290307906     
  0.39738602647789850       0.55743395048598465        1.1334738444463355E-002   3.7782461481544521E-003   130.36997943951201     
  0.36838395183343298       0.76259629409582963        1.1334738444463355E-002   3.7782461481544521E-003   120.71713845313376     
  0.48732753212133362        6.7692088221232127E-002   1.1334738444463355E-002   3.7782461481544521E-003   140.79016587890877     
  0.93432127372723184       0.79960873958643308        1.1334738444463355E-002   3.7782461481544521E-003   54.446359023424115     
  0.63909164168467569       0.85407362317101032        1.1334738444463355E-002   3.7782461481544521E-003   23.442088247312928     
  0.46863618681261138       0.91685504850908506        1.1334738444463355E-002   3.7782461481544521E-003   145.08273569007056     
  0.38359365603028861       0.94429019318530305        1.1334738444463355E-002   3.7782461481544521E-003   50.451207946684519     
  0.27082783897616552       0.40019712750894648        1.1334738444463355E-002   3.7782461481544521E-003   26.976861672258575     
  0.19573849266630025        6.8961979302796322E-002   1.1334738444463355E-002   3.7782461481544521E-003   66.914945811159157     
  0.24698171637551952       0.94981164344093350        1.1334738444463355E-002   3.7782461481544521E-003   8.1707305840738584     
  0.98453787208795840       0.85626373513853837        1.1334738444463355E-002   3.7782461481544521E-003   161.89014682740088     
  0.24614808803632848       0.55770853636810558        1.1334738444463355E-002   3.7782461481544521E-003   135.26678884503292     
  0.99019737246708572        1.5756823121270601E-002   1.1334738444463355E-002   3.7782461481544521E-003   93.795058969911210     
  0.51565380620234458       0.50980618812509826        1.1334738444463355E-002   3.7782461481544521E-003   7.6534978270285370     
  0.11061247597973721       0.88818097879638469        1.1334738444463355E-002   3.7782461481544521E-003   49.103749434146422     
  0.91553254866720535       0.71075013132535236        1.1334738444463355E-002   3.7782461481544521E-003   125.35373591564947     
  0.43724667237861686       0.66597249099493128        1.1334738444463355E-002   3.7782461481544521E-003   69.996075903608670     
  0.15910920302420650       0.73925293230286304        1.1334738444463355E-002   3.7782461481544521E-003   172.22646589565539     
  0.87428014284488054       0.80866461801885148        1.1334738444463355E-002   3.7782461481544521E-003   38.181103311895285     
   6.1573306637900421E-002  0.21756211014145213        1.1334738444463355E-002   3.7782461481544521E-003   39.409296109941870     
  0.52604203699040653       0.38827598254417439        1.1334738444463355E-002   3.7782461481544521E-003   67.723529065726296     
  0.72926238122358855       0.92964030631424199        1.1334738444463355E-002   3.7782461481544521E-003   129.61423631371471     
   6.1133890341371656E-002   2.3815644652636081E-003   1.1334738444463355E-002   3.7782461481544521E-003   114.48172467781538     
  0.51440824461634704       0.15627730846107382        1.1334738444463355E-002   3.7782461481544521E-003   137.10037500249774     
   5.2292737352568744E-002  0.42529077957061800        1.1334738444463355E-002   3.7782461481544521E-003   175.39074202008223     
  0.87760162626625937       0.55102730100786701        1.1334738444463355E-002   3.7782461481544521E-003   18.150313795440212     
  0.38022849119635188       0.86281504897257733        1.1334738444463355E-002   3.7782461481544521E-003   91.752243930679143     
  0.51137134146802388        6.6329802422904621E-002   1.1334738444463355E-002   3.7782461481544521E-003   22.462624682729643     
  0.21259395123252978       0.80119751687435337        1.1334738444463355E-002   3.7782461481544521E-003   114.74001014484132     
  0.12352444357027219       0.40710602131030932        1.1334738444463355E-002   3.7782461481544521E-003   66.092760775417389     
  0.17934412118457349       0.90440394228507692        1.1334738444463355E-002   3.7782461481544521E-003   23.581374159044028     
  0.86038824194908659       0.54261685213269961        1.1334738444463355E-002   3.7782461481544521E-003   90.610474618100724     
   5.0071515087147633E-002  0.97948307256959499        1.1334738444463355E-002   3.7782461481544521E-003   60.350335505920697     
  0.60622611083410605       0.96757629958565960        1.1334738444463355E-002   3.7782461481544521E-003   136.66223933980348     
  0.24663351193408126       0.48630553149178013        1.1334738444463355E-002   3.7782461481544521E-003   169.03837817779842     
  0.36018403311690556       0.60859127057823048        1.1334738444463355E-002   3.7782461481544521E-003   64.043207865754454     
  0.39100964926643667       0.21970771270640455        1.1334738444463355E-002   3.7782461481544521E-003   113.00971953586030     
  0.61555846797787428       0.41101340823107912        1.1334738444463355E-002   3.7782461481544521E-003   22.090466042137521     
  0.41469629901718519       0.95569600315001180        1.1334738444463355E-002   3.7782461481544521E-003   150.69868187391572     
  0.39448707896938118       0.76884695610710574        1.1334738444463355E-002   3.7782461481544521E-003   96.984070987741461     
  0.53788782994082573       0.86888639636704734        1.1334738444463355E-002   3.7782461481544521E-003   173.17179627628190     
  0.93740540658594795       0.59937710482024453        1.1334738444463355E-002   3.7782461481544521E-003   133.11502691231539     
  0.50005250905688003       0.94282687046977232        1.1334738444463355E-002   3.7782461481544521E-003   129.16323367919532     
  0.26272741337393618       0.69537649058648543        1.1334738444463355E-002   3.7782461481544521E-003   9.9739265210385177     
  0.79999089433692172       0.80147040514061507        1.1334738444463355E-002   3.7782461481544521E-003   76.907199935341254     
  0.85225536792467727       0.46166827834010804        1.1334738444463355E-002   3.7782461481544521E-003   64.462466935305713     
  0.42036370524102645       0.68319016158383539        1.1334738444463355E-002   3.7782461481544521E-003   60.804302491883611     
  0.23353725767084849       0.96953487582133457        1.1334738444463355E-002   3.7782461481544521E-003   113.88149627178311     
  0.96524811587044634       0.61131470746270977        1.1334738444463355E-002   3.7782461481544521E-003   77.764317668493376     
  0.65791548039517556       0.33333859513567671        1.1334738444463355E-002   3.7782461481544521E-003   122.74000217481522     
  0.79407722262064806       0.64593205931123288        1.1334738444463355E-002   3.7782461481544521E-003   150.45889026229537     
   9.8980605332659399E-002  0.28849320130263806        1.1334738444463355E-002   3.7782461481544521E-003   110.57393899037729     
  0.43629967112068480       0.32625978480348455        1.1334738444463355E-002   3.7782461481544521E-003   84.148478381624770     
  0.81088043808590260       0.94824930372190752        1.1334738444463355E-002   3.7782461481544521E-003   57.518601818979313     
  0.48763890822963019       0.63195527220170244        1.1334738444463355E-002   3.7782461481544521E-003   159.23785263752447     
  0.64293179938257239       0.61998800151702715        1.1334738444463355E-002   3.7782461481544521E-003   75.733523399033345     
  0.15140387457036070       0.93032077180650852        1.1334738444463355E-002   3.7782461481544521E-003   128.94137170515796     
  0.96957180486892380       0.48315641372097518        1.1334738444463355E-002   3.7782461481544521E-003   126.08594515421676     
  0.64930740722593705       0.48725935483360516        1.1334738444463355E-002   3.7782461481544521E-003   111.43683948979310     
  0.49267058913018597       0.86312185128719376        1.1334738444463355E-002   3.7782461481544521E-003   91.083513011503300     
  0.94363085177029804       0.48030552046728198        1.1334738444463355E-002   3.7782461481544521E-003   42.160884444217757     
  0.64635480150199798       0.53370595491605755        1.1334738444463355E-002   3.7782461481544521E-003   23.047593226677471     
   9.7348243045181249E-002  0.57800978007448023        1.1334738444463355E-002   3.7782461481544521E-003   30.272643057245137     
  0.71408483988777571       0.10188673541633229        1.1334738444463355E-002   3.7782461481544521E-003   24.278964536130420     
  0.84425250290029807       0.48142718237646703        1.1334738444463355E-002   3.7782461481544521E-003   52.116635409143754     
  0.33033318312257293       0.74887044125964397        1.1334738444463355E-002   3.7782461481544521E-003   67.423753429213107     
  0.66779232702621905       0.15549263515296566        1.1334738444463355E-002   3.7782461481544521E-003   14.441280177100015     
  0.51967176547334160       0.91457439938890173        1.1334738444463355E-002   3.7782461481544521E-003   118.16862633770016     
  0.99536786073285677       0.21502070626890779        1.1334738444463355E-002   3.7782461481544521E-003   83.012786047340725     
  0.33832792035452758       0.70344024125625493        1.1334738444463355E-002   3.7782461481544521E-003   91.950530221124680     
   1.6390967500445202E-002   3.3792319761239975E-002   1.1334738444463355E-002   3.7782461481544521E-003   140.58882120230692     
  0.62437713662934946       0.78009223077101153        1.1334738444463355E-002   3.7782461481544521E-003   49.010271820413465     
   9.7659231300522398E-002  0.76084068735850385        1.1334738444463355E-002   3.7782461481544521E-003   6.3355624075153862     
  0.16875931408232017       0.53727459080636830        1.1334738444463355E-002   3.7782461481544521E-003   178.94277880719685     
  0.43740473232081495       0.51320379164701269        1.1334738444463355E-002   3.7782461481544521E-003   1.4503168017961627     
  0.23616734233177478       0.48294838663485762        1.1334738444463355E-002   3.7782461481544521E-003   44.524267205764865     
  0.68656824576508235       0.68407643807794605        1.1334738444463355E-002   3.7782461481544521E-003   104.81276896041138     
  0.20097562545742931       0.99049242283387862        1.1334738444463355E-002   3.7782461481544521E-003   8.8098357537929139     
   8.1606785014278968E-002  0.94886356032947272        1.1334738444463355E-002   3.7782461481544521E-003   87.112269882365567     
  0.75123379692987258       0.73330681509132056        1.1334738444463355E-002   3.7782461481544521E-003   178.29315779424198     
  0.85039635189109408       0.10025783159966667        1.1334738444463355E-002   3.7782461481544521E-003   177.00464367186405     
  0.86041185001419140       0.99350961466444565        1.1334738444463355E-002   3.7782461481544521E-003   2.8190289522136851     
  0.93179277626106150       0.33335872077752660        1.1334738444463355E-002   3.7782461481544521E-003   37.732658834325157     
  0.79197222678818802       0.79967026247081030        1.1334738444463355E-002   3.7782461481544521E-003   151.76841042531410     
  0.41676663421457222       0.72412422814875133        1.1334738444463355E-002   3.7782461481544521E-003   32.972025093679378     
  0.32299429193316442       0.12678740492273533        1.1334738444463355E-002   3.7782461481544521E-003   134.51942150022410     
  0.94992492041703991       0.41885175661719826        1.1334738444463355E-002   3.7782461481544521E-003   59.778919040322357     
  0.35802981195044403       0.90881321460271269        1.1334738444463355E-002   3.7782461481544521E-003   48.770890570257649     
  0.58343847235195945       0.76615066247321884        1.1334738444463355E-002   3.7782461481544521E-003   112.48274675106326     
  0.77232417864207648       0.90644124461803810        1.1334738444463355E-002   3.7782461481544521E-003   91.612720762882972     
  0.40439962566855436       0.58915354565394473        1.1334738444463355E-002   3.7782461481544521E-003   18.384943712372433     
  0.47502812115034954       0.52746313359707442        1.1334738444463355E-002   3.7782461481544521E-003   1.8797076091985896     
  0.53782548391394580       0.95910831694953869        1.1334738444463355E-002   3.7782461481544521E-003   41.036352016306445     
  0.50534155754027155       0.50467973214197037        1.1334738444463355E-002   3.7782461481544521E-003   30.486454753134701     
  0.41744530541046621       0.47338821482566562        1.1334738444463355E-002   3.7782461481544521E-003   115.94232799257053     
  0.80746071619909499       0.95219443893795996        1.1334738444463355E-002   3.7782461481544521E-003   39.380194663683199     
   5.0667750988648223E-002  0.17980721143747763        1.1334738444463355E-002   3.7782461481544521E-003   57.541440869691996     
  0.38624104941390253       0.63474756302430224        1.1334738444463355E-002   3.7782461481544521E-003   17.763359111214768     
  0.62938002026350226       0.53809050805472070        1.1334738444463355E-002   3.7782461481544521E-003   174.81630804896639     
  0.30642597002916616       0.83829109128390233        1.1334738444463355E-002   3.7782461481544521E-003   144.93900470962532     
  0.16729845487096795       0.71779229320581861        1.1334738444463355E-002   3.7782461481544521E-003   101.45124711788073     
  0.80985562515663678       0.69978048198263387        1.1334738444463355E-002   3.7782461481544521E-003   135.98003610936135     
  0.99121623658026647       0.40247962583819152        1.1334738444463355E-002   3.7782461481544521E-003   24.127407600092539     
  0.93154727025521411       0.59701013200707131        1.1334738444463355E-002   3.7782461481544521E-003   90.042488093539831     
  0.37789463254247979       0.52764055596082182        1.1334738444463355E-002   3.7782461481544521E-003   86.771342559281763     
  0.56572758529183109       0.80859614438084582        1.1334738444463355E-002   3.7782461481544521E-003   65.069399108364678     
  0.87874502011702116       0.99022471254348743        1.1334738444463355E-002   3.7782461481544521E-003   148.80814571454763     
  0.29823766217221387       0.92573750265602417        1.1334738444463355E-002   3.7782461481544521E-003   179.54168285780727     
  0.55193869580472732       0.24525051053534785        1.1334738444463355E-002   3.7782461481544521E-003   91.289086104869995     
  0.99390130253892117       0.90941089370150519        1.1334738444463355E-002   3.7782461481544521E-003   77.252886041763844     
  0.20470189989454624       0.22730989747756170        1.1334738444463355E-002   3.7782461481544521E-003   95.805990511322946     
  0.99962792667441569       0.52426991208728402        1.1334738444463355E-002   3.7782461481544521E-003   144.90460628312621     
  0.81208258844706049       0.66402873536454721        1.1334738444463355E-002   3.7782461481544521E-003   28.101330637984489     
  0.42666644521287234       0.61924986654925018        1.1334738444463355E-002   3.7782461481544521E-003   137.48398007761608     
  0.73746546703106475       0.86157967016968295        1.1334738444463355E-002   3.7782461481544521E-003   76.381916074530608     
  0.15277123683390911       0.73359612051713818        1.1334738444463355E-002   3.7782461481544521E-003   86.032630034151268     
  0.86121796241891457       0.96770378552274539        1.1334738444463355E-002   3.7782461481544521E-003   156.73930658113261     
   2.7582574835834216E-003  0.94487094142950989        1.1334738444463355E-002   3.7782461481544521E-003   88.911017934063736     
  0.91056498851593604       0.33768888019288784        1.1334738444463355E-002   3.7782461481544521E-003   133.68855373213395     
  0.11789599623375181       0.77931208539628638        1.1334738444463355E-002   3.7782461481544521E-003   19.729495154231365     
  0.53871786635249463       0.53717843315930458        1.1334738444463355E-002   3.7782461481544521E-003   131.59884363198731     
  0.28268399411859085       0.51592907820981049        1.1334738444463355E-002   3.7782461481544521E-003   175.21630776505273     
  0.13182136352856655       0.31657121974350189        1.1334738444463355E-002   3.7782461481544521E-003   133.13135006426123     
  0.62462088949672900       0.29441924507873352        1.1334738444463355E-002   3.7782461481544521E-003   126.50060252614843     
  0.46474698678367915       0.91386322365512140        1.1334738444463355E-002   3.7782461481544521E-003   123.98856712995479     
  0.36066281179076104       0.27702806856741846        1.1334738444463355E-002   3.7782461481544521E-003   42.885728059237294     
  0.88275255580691314       0.77835091152269964        1.1334738444463355E-002   3.7782461481544521E-003   131.10220133894450     
  0.72690015742333580       0.78063854153772638        1.1334738444463355E-002   3.7782461481544521E-003   179.24678107186983     
  0.30825471816715139       0.31970113772877101        1.1334738444463355E-002   3.7782461481544521E-003   31.148705790117390     
  0.44238176183437872       0.61886010046513718        1.1334738444463355E-002   3.7782461481544521E-003   83.388074098614197     
  0.36505472432996811       0.72519336165198311        1.1334738444463355E-002   3.7782461481544521E-003   141.06570429428712     
  0.99131474089005778       0.89962929669438996        1.1334738444463355E-002   3.7782461481544521E-003   45.289455512819679     
  0.69836263533422693       0.41208868114503233        1.1334738444463355E-002   3.7782461481544521E-003   13.176639322198152     
  0.71622945067285138        9.6940505241496069E-002   1.1334738444463355E-002   3.7782461481544521E-003   175.68587297773882     
  0.93550881702812294       0.33056290812082689        1.1334738444463355E-002   3.7782461481544521E-003   62.018079367716219     
  0.96486954930472624       0.50934686549067598        1.1334738444463355E-002   3.7782461481544521E-003   5.4725688203090552     
  0.74760030806073752       0.60454074010348702        1.1334738444463355E-002   3.7782461481544521E-003   84.139811888283134     
  0.84423532696650427       0.46472147533075098        1.1334738444463355E-002   3.7782461481544521E-003   42.365130752341869     
  0.54506043157246109       0.32577694901000354        1.1334738444463355E-002   3.7782461481544521E-003   169.72586035248739     
   5.3079463888002318E-002  0.50090411624933429        1.1334738444463355E-002   3.7782461481544521E-003   122.51692031297750     
   4.9734809572343226E-002  0.63622887025654884        1.1334738444463355E-002   3.7782461481544521E-003   115.97619013626880     
  0.27202742420808146       0.75307887321157507        1.1334738444463355E-002   3.7782461481544521E-003   30.452887934397666     
  0.76952479390365269       0.13211281677203734        1.1334738444463355E-002   3.7782461481544521E-003   71.495576806191366     
  0.62782754726480061       0.63676242748405321        1.1334738444463355E-002   3.7782461481544521E-003   163.69931293625456     
  0.88193577483423413       0.86176113092434381        1.1334738444463355E-002   3.7782461481544521E-003   135.38797571928146     
  0.34345741245616923       0.20697979191869625        1.1334738444463355E-002   3.7782461481544521E-003   177.60538277842920     
  0.50705273940435869       0.16265125881422685        1.1334738444463355E-002   3.7782461481544521E-003   168.16646958382324     
   1.4143246706365870E-002   2.8585615587961452E-002   1.1334738444463355E-002   3.7782461481544521E-003   169.50986383871103     
   9.9144738425543999E-002  0.26432426903677836        1.1334738444463355E-002   3.7782461481544521E-003   8.1064068379553866     
  0.99861831296320147       0.67876263209412202        1.1334738444463355E-002   3.7782461481544521E-003   174.86829824503764     
  0.19913658372593185       0.99481636202527224        1.1334738444463355E-002   3.7782461481544521E-003   30.902010994577289     
  0.26376321406137498       0.94267284256684769        1.1334738444463355E-002   3.7782461481544521E-003   107.84696475416051     
  0.56091563474894068       0.31869739561091964        1.1334738444463355E-002   3.7782461481544521E-003   150.82303065571827     
  0.26612128446270461       0.87437609846234632        1.1334738444463355E-002   3.7782461481544521E-003   60.406791990658874     
  0.30684927705352882       0.82227067266939913        1.1334738444463355E-002   3.7782461481544521E-003   162.74581290520456     
  0.87241091400759396       0.15098675358394284        1.1334738444463355E-002   3.7782461481544521E-003   163.19306261321083     
  0.75398241298704549        4.1313137275456255E-002   1.1334738444463355E-002   3.7782461481544521E-003   94.499360965539537     
  0.73461957301895831       0.19620314979771605        1.1334738444463355E-002   3.7782461481544521E-003   99.757856998787204     
  0.55184356096255227       0.95635407925157068        1.1334738444463355E-002   3.7782461481544521E-003   10.112771522759259     
  0.55752278192845406       0.80767318646327546        1.1334738444463355E-002   3.7782461481544521E-003   120.88304332693046     
  0.14579446898605644       0.58980860713256589        1.1334738444463355E-002   3.7782461481544521E-003   71.825251094133748     
  0.49115892183794729       0.54546713699805816        1.1334738444463355E-002   3.7782461481544521E-003   87.292835298642032     
  0.88558437095037079       0.21549782705790391        1.1334738444463355E-002   3.7782461481544521E-003   149.36001664381541     
  0.16898046224628144       0.89958530867872677        1.1334738444463355E-002   3.7782461481544521E-003   35.247421216699671     
   3.6378831791505396E-002  0.62906678814560835        1.1334738444463355E-002   3.7782461481544521E-003   122.07070496306287     
  0.57705493833493637       0.71201261032498597        1.1334738444463355E-002   3.7782461481544521E-003   128.13973007531698     
  0.36311479879529390       0.77138863179000661        1.1334738444463355E-002   3.7782461481544521E-003   99.691499142571061     
  0.59955435480784414       0.48742546984884461        1.1334738444463355E-002   3.7782461481544521E-003   54.066930568632259     
  0.52778363575264498       0.20548162856119412        1.1334738444463355E-002   3.7782461481544521E-003   73.042011110377942     
  0.31651427239653712       0.15433597072505892        1.1334738444463355E-002   3.7782461481544521E-003   127.24890936359638     
  0.53770885355325782       0.74550610252304250        1.1334738444463355E-002   3.7782461481544521E-003   63.875268534011127     
  0.11168357687943166        4.1402151515028671E-002   1.1334738444463355E-002   3.7782461481544521E-003   44.875165047072350     
  0.69911582053677179       0.40717465609996839        1.1334738444463355E-002   3.7782461481544521E-003  0.32679010661186680     
  0.54103043525144268       0.94978014651582343        1.1334738444463355E-002   3.7782461481544521E-003   25.561796116061817     
  0.98146355896920523       0.27125126403987831        1.1334738444463355E-002   3.7782461481544521E-003   95.835185766914307     
  0.45471781907971554       0.25107198280824217        1.1334738444463355E-002   3.7782461481544521E-003   70.266288753195923     
  0.92802819105134682       0.54880326878532026        1.1334738444463355E-002   3.7782461481544521E-003   104.04299631489191     
  0.43778071939436775       0.31523584434539531        1.1334738444463355E-002   3.7782461481544521E-003   108.24686505085951     
  0.58354999107233008       0.60218480625561854        1.1334738444463355E-002   3.7782461481544521E-003   98.221325087273797     
  0.84052235993617397       0.88967065201411366        1.1334738444463355E-002   3.7782461481544521E-003   142.27567733937531     
  0.80112802958091955       0.31168407580627511        1.1334738444463355E-002   3.7782461481544521E-003   133.70091489007589     
  0.62520457997098067       0.96965639249018010        1.1334738444463355E-002   3.7782461481544521E-003   5.2976557101592121     
  0.12547595025657776        2.2686491474453833E-002   1.1334738444463355E-002   3.7782461481544521E-003   85.996565963471355     
  0.60933394157677612        1.4288211627435123E-002   1.1334738444463355E-002   3.7782461481544521E-003   109.92027802845634     
  0.80871856187303326       0.33463716016615885        1.1334738444463355E-002   3.7782461481544521E-003   103.00237454250539     
  0.23894428528555972       0.82099690596107666        1.1334738444463355E-002   3.7782461481544521E-003   1.0513384502212091     
  0.33845992585226492       0.96972341804470075        1.1334738444463355E-002   3.7782461481544521E-003   52.426276125588217     
  0.77875441014431346       0.91119586649092610        1.1334738444463355E-002   3.7782461481544521E-003   169.00129843368677     
  0.34512149077389631       0.71379504804329896        1.1334738444463355E-002   3.7782461481544521E-003   57.179909397285577     
  0.19889906993327106       0.69807209182062457        1.1334738444463355E-002   3.7782461481544521E-003   89.028149812432360     
  0.92153539522975270       0.72040120534900798        1.1334738444463355E-002   3.7782461481544521E-003   160.19765723417555     
  0.44530065697686727       0.35278266131258929        1.1334738444463355E-002   3.7782461481544521E-003   130.58660698000415     
   7.2837755748140470E-002  0.33299361751348411        1.1334738444463355E-002   3.7782461481544521E-003   77.810819023484171     
  0.13046013818441002       0.62205626666696356        1.1334738444463355E-002   3.7782461481544521E-003   61.853616860721921     
  0.16840733521480877       0.35988250837246033        1.1334738444463355E-002   3.7782461481544521E-003   80.824133179640029     
  0.52363281384497984       0.20883734213958891        1.1334738444463355E-002   3.7782461481544521E-003   42.201058730292132     
   5.0624216399201810E-002  0.74133218321730454        1.1334738444463355E-002   3.7782461481544521E-003   127.72959197546136     
  0.58528845532989271        6.3978496696283998E-002   1.1334738444463355E-002   3.7782461481544521E-003   125.45747651340696     
   6.4373931478145935E-002  0.68663429574797519        1.1334738444463355E-002   3.7782461481544521E-003   145.93554221560296     
  0.77287930374424585       0.39581424524627407        1.1334738444463355E-002   3.7782461481544521E-003   103.39626649892081     
  0.60164472801422342       0.31018873076316150        1.1334738444463355E-002   3.7782461481544521E-003   44.375070307581211     
  0.42778864843260106        7.1285606169899887E-002   1.1334738444463355E-002   3.7782461481544521E-003   152.63342132248954     
  0.24679523226475805       0.43618384077071459        1.1334738444463355E-002   3.7782461481544521E-003   54.573055183379765     
  0.36158749997097223       0.90662291420723462        1.1334738444463355E-002   3.7782461481544521E-003   66.860341265857684     
  0.17282437650405610       0.65961502129526262        1.1334738444463355E-002   3.7782461481544521E-003   20.575164031185647     
  0.39175889453578244       0.92655670429425074        1.1334738444463355E-002   3.7782461481544521E-003   56.787298912611043     
  0.24294565237820001        4.1321725152755472E-002   1.1334738444463355E-002   3.7782461481544521E-003   23.529214359346412     
  0.10842425110630233       0.83232586787284912        1.1334738444463355E-002   3.7782461481544521E-003   80.596303592289701     
  0.76513174577865617       0.64484539176520350        1.1334738444463355E-002   3.7782461481544521E-003   51.199218748339263     
  0.20844836591146498        7.9025708854100790E-002   1.1334738444463355E-002   3.7782461481544521E-003   8.2846329401684002     
  0.47268819579903248       0.61814044181160233        1.1334738444463355E-002   3.7782461481544521E-003   56.763569883491584     
  0.73869738456847533       0.27050954278188516        1.1334738444463355E-002   3.7782461481544521E-003   122.38395028381410     
  0.17265918754736076       0.58537037751532162        1.1334738444463355E-002   3.7782461481544521E-003   42.985600501194618     
  0.70054759363504215       0.22491636192439154        1.1334738444463355E-002   3.7782461481544521E-003   175.07474584684397     
  0.86785510284525214       0.55332984707776178        1.1334738444463355E-002   3.7782461481544521E-003   152.74684828216306     
  0.23712329362315032       0.95460171250624648        1.1334738444463355E-002   3.7782461481544521E-003   107.65529544497844     
  0.61002890667796716       0.31887045111366735        1.1334738444463355E-002   3.7782461481544521E-003   78.846081486864449     
  0.86692243458240148       0.54798218355735229        1.1334738444463355E-002   3.7782461481544521E-003   164.75889205280961     
  0.97427085036824224       0.48548242538730646        1.1334738444463355E-002   3.7782461481544521E-003   91.767364629183888     
  0.84667048081367036       0.79011402595246127        1.1334738444463355E-002   3.7782461481544521E-003   163.89724476461566     
  0.61524344814129861       0.25444305587198340        1.1334738444463355E-002   3.7782461481544521E-003   159.52461864407761     
  0.34252854513049052       0.66494045505597077        1.1334738444463355E-002   3.7782461481544521E-003   92.214177934781247     
  0.75187971127131370       0.73838865683104504        1.1334738444463355E-002   3.7782461481544521E-003   143.53824211016791     
  0.83902204314955053       0.88607231893389604        1.1334738444463355E-002   3.7782461481544521E-003   148.20808822390973     
  0.33039940245633442       0.11949913283015123        1.1334738444463355E-002   3.7782461481544521E-003   118.89652452720543     
  0.94249714857705458       0.80120894977792545        1.1334738444463355E-002   3.7782461481544521E-003   130.88656074104719     
  0.42996570879492502       0.52107865345557047        1.1334738444463355E-002   3.7782461481544521E-003   96.047065840568663     
  0.25231216478383856       0.54856867514510999        1.1334738444463355E-002   3.7782461481544521E-003   134.64699891512043     
  0.44065038119310834       0.67547009814834891        1.1334738444463355E-002   3.7782461481544521E-003   48.244393717857768     
   6.4484285211086137E-002   5.4324155006092723E-002   1.1334738444463355E-002   3.7782461481544521E-003   170.21674422171120     
  0.53794344348228207       0.33119553329835277        1.1334738444463355E-002   3.7782461481544521E-003   149.21105809390542     
  0.12822199192925218       0.83001681527093818        1.1334738444463355E-002   3.7782461481544521E-003   176.09004712368082     
  0.33258878858125068       0.96007141037038146        1.1334738444463355E-002   3.7782461481544521E-003   58.876103631671882     
  0.82767938202261704       0.35983002322075508        1.1334738444463355E-002   3.7782461481544521E-003   127.99027453277883     
   4.6355099551492029E-002  0.26450506250788453        1.1334738444463355E-002   3.7782461481544521E-003   68.487753946315038     
  0.65824519275575066       0.31364873473341520        1.1334738444463355E-002   3.7782461481544521E-003   59.090374579272165     
  0.24332630279833978       0.24469208895752276        1.1334738444463355E-002   3.7782461481544521E-003   165.56447963112998     
  0.26589859794808990       0.15395780741968726        1.1334738444463355E-002   3.7782461481544521E-003   98.022313275093495     
  0.85766599920903586       0.98948781227882698        1.1334738444463355E-002   3.7782461481544521E-003   155.35900458787353     
   6.0553736410219564E-002  0.82778946046849977        1.1334738444463355E-002   3.7782461481544521E-003   71.218364896514032     
  0.19754599357936642       0.62099754290294884        1.1334738444463355E-002   3.7782461481544521E-003   73.224880129618015     
  0.29273334655350486        9.7392051479952071E-002   1.1334738444463355E-002   3.7782461481544521E-003   30.084494217150848     
  0.21592100403931622       0.11776462175752361        1.1334738444463355E-002   3.7782461481544521E-003   30.037518984726230     
   8.0432524566512273E-002  0.81376866558771688        1.1334738444463355E-002   3.7782461481544521E-003   102.43759845369303     
  0.44903987918211091        3.8730567231511429E-002   1.1334738444463355E-002   3.7782461481544521E-003   30.069052813048238     
  0.59843362168394920       0.31439481698797517        1.1334738444463355E-002   3.7782461481544521E-003   57.586558736794395     
  0.80486853000958825       0.18997755901769070        1.1334738444463355E-002   3.7782461481544521E-003   169.55287860333672     
  0.33977815546045548       0.71538511812534700        1.1334738444463355E-002   3.7782461481544521E-003   95.727493672090105     
  0.90553136392631506       0.91828588845783232        1.1334738444463355E-002   3.7782461481544521E-003   138.34199267745456     
  0.50447926701495061       0.60163005760221921        1.1334738444463355E-002   3.7782461481544521E-003   89.601619574538248     
  0.72511499594309636       0.78501416733845419        1.1334738444463355E-002   3.7782461481544521E-003   28.092576684834913     
  0.12066956614921039        3.9445158652407677E-002   1.1334738444463355E-002   3.7782461481544521E-003   116.21539741931893     
  0.52573918236574868        6.6102438069423841E-002   1.1334738444463355E-002   3.7782461481544521E-003   92.530323534308707     
  0.56597735753736855       0.71533641257667591        1.1334738444463355E-002   3.7782461481544521E-003   10.177115209193342     
  0.14675505123419885       0.49674335604775194        1.1334738444463355E-002   3.7782461481544521E-003   169.56604705104326     
  0.41828348503045926        7.5378658280045044E-002   1.1334738444463355E-002   3.7782461481544521E-003   134.90278871508178     
  0.49129588979037037       0.94857886230368493        1.1334738444463355E-002   3.7782461481544521E-003   148.25997558124266     
  0.79103575340872201       0.31539292059825191        1.1334738444463355E-002   3.7782461481544521E-003   1.4510324258998759     
  0.88435635821812941       0.45086522708880022        1.1334738444463355E-002   3.7782461481544521E-003   78.168776818712246     
  0.54440530798638875       0.53840665969543700        1.1334738444463355E-002   3.7782461481544521E-003   93.518238861835712     
  0.46277542596008109       0.44984900157267255        1.1334738444463355E-002   3.7782461481544521E-003   124.97252295080779     
  0.84786581329951827        9.4925203270133471E-002   1.1334738444463355E-002   3.7782461481544521E-003   146.05923716190046     
  0.86436756363451983       0.63827092607170899        1.1334738444463355E-002   3.7782461481544521E-003   119.79966383798580     
  0.56344695242184151       0.16427074554288756        1.1334738444463355E-002   3.7782461481544521E-003   31.159889663844666     
  0.57790326711806428       0.22016723763239696        1.1334738444463355E-002   3.7782461481544521E-003   77.731247685223877     
   9.7558456413140315E-002  0.76588639590653929        1.1334738444463355E-002   3.7782461481544521E-003   157.53008216063353     
  0.57620394555280252       0.76834143861092907        1.1334738444463355E-002   3.7782461481544521E-003   40.680642581244292     
  0.73442663804551778       0.44817292168985529        1.1334738444463355E-002   3.7782461481544521E-003   6.2156498859777294     
   5.5902844179301407E-002  0.17774402191303845        1.1334738444463355E-002   3.7782461481544521E-003   88.805521209011459     
  0.31135149188905098       0.97656379791626724        1.1334738444463355E-002   3.7782461481544521E-003   166.96093102110510     
  0.22548788525635677        2.2953849750536971E-002   1.1334738444463355E-002   3.7782461481544521E-003   31.585105883532204     
  0.96284529042617084       0.76104698528630388        1.1334738444463355E-002   3.7782461481544521E-003   109.53583467684031     
   3.3314016000547862E-002  0.89928858244106435        1.1334738444463355E-002   3.7782461481544521E-003   34.760798684632348     
  0.95158708168349593        3.7822673506906893E-002   1.1334738444463355E-002   3.7782461481544521E-003   21.193168899239669     
   5.4274294125139406E-002  0.74389633462280347        1.1334738444463355E-002   3.7782461481544521E-003   123.15115650480068     
  0.40532210769708227       0.95841012491805511        1.1334738444463355E-002   3.7782461481544521E-003   152.24541825282412     
  0.25150819400282226       0.69483447429689549        1.1334738444463355E-002   3.7782461481544521E-003   9.7807492531666949     
   9.4927490515702123E-002  0.88624976190882931        1.1334738444463355E-002   3.7782461481544521E-003   126.42977165804739     
  0.59846069766611754        1.7227139914752367E-002   1.1334738444463355E-002   3.7782461481544521E-003   14.371895677694646     
  0.48367615004982090       0.34711358044265245        1.1334738444463355E-002   3.7782461481544521E-003   137.07931667042050     
  0.20036875341118074       0.23692311048555639        1.1334738444463355E-002   3.7782461481544521E-003   115.24494650835192     
  0.12130249383759076       0.61914872350134742        1.1334738444463355E-002   3.7782461481544521E-003   151.70482573397928     
  0.43532725119802612       0.55734937087001402        1.1334738444463355E-002   3.7782461481544521E-003   34.623188929851651     
  0.62131984654522343       0.28895056645240291        1.1334738444463355E-002   3.7782461481544521E-003   176.62488668207794     
  0.16764210193213377        2.0406579472704925E-002   1.1334738444463355E-002   3.7782461481544521E-003   173.31482400803830     
  0.94713009712252916       0.42446620678499453        1.1334738444463355E-002   3.7782461481544521E-003   6.7257700432978824     
  0.67420362908313947       0.21263722771609059        1.1334738444463355E-002   3.7782461481544521E-003   57.855244010312383     
   8.7938902655060741E-002  0.65584736715942604        1.1334738444463355E-002   3.7782461481544521E-003   147.46942447261003     
  0.11623762411854609       0.78304696640672034        1.1334738444463355E-002   3.7782461481544521E-003   20.663769376194288     
  0.92313766663782104       0.64799806938495552        1.1334738444463355E-002   3.7782461481544521E-003   168.33478275521495     
  0.53237836314520459       0.77865437887970756        1.1334738444463355E-002   3.7782461481544521E-003   6.0816959272810163     
  0.79348160812191648       0.16792642211242215        1.1334738444463355E-002   3.7782461481544521E-003   54.553947921882198     
  0.24605217669348195        5.1641330892355057E-002   1.1334738444463355E-002   3.7782461481544521E-003   5.0445077238991631     
  0.46516164186370212       0.84522796635699182        1.1334738444463355E-002   3.7782461481544521E-003   118.61492874206462     
  0.11650529007623818       0.35158388961108189        1.1334738444463355E-002   3.7782461481544521E-003   48.717873171213654     
   2.4420988017083756E-002  0.56093078613237457        1.1334738444463355E-002   3.7782461481544521E-003   151.04673712256951     
  0.90853839221293164       0.81789414067991983        1.1334738444463355E-002   3.7782461481544521E-003   175.88747905261616     
  0.59102862157378044       0.38156383435911617        1.1334738444463355E-002   3.7782461481544521E-003   48.654706732905510     
  0.98962831265585594       0.21337496372806825        1.1334738444463355E-002   3.7782461481544521E-003   130.70255752593155     
  0.31169084058943997       0.47466524122283449        1.1334738444463355E-002   3.7782461481544521E-003   82.456630694593144     
  0.25547371137786740       0.44455924242665673        1.1334738444463355E-002   3.7782461481544521E-003   25.458802838808968     
  0.44024065320299238        3.9493248149868265E-002   1.1334738444463355E-002   3.7782461481544521E-003   119.48110936926412     
   1.5390051147850170E-003  0.22329760317487271        1.1334738444463355E-002   3.7782461481544521E-003   46.777011168676403     
  0.56488488893417232       0.51551829677926631        1.1334738444463355E-002   3.7782461481544521E-003   126.79705247341163     
  0.15463043038367194       0.15526981934803219        1.1334738444463355E-002   3.7782461481544521E-003   156.88277358423721     
  0.51521512569115435        5.6647237275255754E-003   1.1334738444463355E-002   3.7782461481544521E-003   8.6001083029011287     
  0.22615365187256156       0.92282743231241660        1.1334738444463355E-002   3.7782461481544521E-003   139.47209299478115     
  0.98549108763454363       0.37787765145710200        1.1334738444463355E-002   3.7782461481544521E-003   73.619399191881044     
  0.14021080951506051       0.29442301725872455        1.1334738444463355E-002   3.7782461481544521E-003   120.93340943443580     
  0.54815012432368071       0.33118799644374503        1.1334738444463355E-002   3.7782461481544521E-003   15.258888390150627     
  0.23428975170680294        2.1403791372431862E-002   1.1334738444463355E-002   3.7782461481544521E-003   124.68042298538423     
  0.17837983827964707       0.90977646699741199        1.1334738444463355E-002   3.7782461481544521E-003   179.17817918241269     
  0.69775952898381211       0.30923954685867544        1.1334738444463355E-002   3.7782461481544521E-003   177.67594134968476     
  0.49280684783946743       0.70547509601723901        1.1334738444463355E-002   3.7782461481544521E-003   172.27494391024587     
  0.65253562892190409       0.26768858642521254        1.1334738444463355E-002   3.7782461481544521E-003   135.03622177363323     
  0.47369584139440674        1.3326974482222410E-002   1.1334738444463355E-002   3.7782461481544521E-003   38.654364649495555     
  0.19311602111700168       0.70298987281053904        1.1334738444463355E-002   3.7782461481544521E-003   14.602787596051090     
  0.23325150161772631       0.24349165498569469        1.1334738444463355E-002   3.7782461481544521E-003   49.290798117973772     
  0.59260693858572489        5.6003419362038169E-002   1.1334738444463355E-002   3.7782461481544521E-003   108.92950533936171     
  0.76137135547600898       0.57134296185463684        1.1334738444463355E-002   3.7782461481544521E-003   37.439030214127882     
  0.51065055676473048       0.60226561360518660        1.1334738444463355E-002   3.7782461481544521E-003   124.79441204901086     
  0.53314302323585161       0.74656592993665749        1.1334738444463355E-002   3.7782461481544521E-003   92.080781968713964     
  0.99361199698072655       0.95120331535309621        1.1334738444463355E-002   3.7782461481544521E-003   16.292978816387798     
  0.77807405124851581       0.90482047573220359        1.1334738444463355E-002   3.7782461481544521E-003   43.051645108912993     
  0.20255455777224146       0.61858146701697259        1.1334738444463355E-002   3.7782461481544521E-003   42.110242265682011     
   7.2056339700201047E-002  0.21969819104484056        1.1334738444463355E-002   3.7782461481544521E-003   161.71477927628729     
  0.98213384850319252       0.10944242619102099        1.1334738444463355E-002   3.7782461481544521E-003   109.45911027981172     
  0.17342582460197836       0.71666874326790853        1.1334738444463355E-002   3.7782461481544521E-003   53.129305635341893     
  0.13989757219454771       0.25412185440867574        1.1334738444463355E-002   3.7782461481544521E-003   161.31611463654306     
  0.36801164677583698       0.28592788718068463        1.1334738444463355E-002   3.7782461481544521E-003   57.118704592385278     
  0.29961581735205656        6.4547660312206087E-002   1.1334738444463355E-002   3.7782461481544521E-003   65.650613643136893     
   1.3773510252153922E-002  0.46864334220553522        1.1334738444463355E-002   3.7782461481544521E-003   36.136616265453569     
  0.48766954662877349       0.86524152148114641        1.1334738444463355E-002   3.7782461481544521E-003   52.984047988263924     
   5.4674052298508226E-002   5.0599337614924668E-002   1.1334738444463355E-002   3.7782461481544521E-003   29.487797744089182     
  0.30434578588243327        9.7336379792380745E-002   1.1334738444463355E-002   3.7782461481544521E-003   152.94720386295222     
  0.20860108814566267        7.4098810941922555E-002   1.1334738444463355E-002   3.7782461481544521E-003   156.56475900905414     
  0.44040071868263347       0.32504734743117941        1.1334738444463355E-002   3.7782461481544521E-003   73.925916233427301     
  0.48469276183361026        6.4301503269402871E-002   1.1334738444463355E-002   3.7782461481544521E-003   139.48996471387659     
  0.58231228151490033       0.23061812469503240        1.1334738444463355E-002   3.7782461481544521E-003   65.244358798614940     
   5.5184331459330764E-002  0.97897868449335623        1.1334738444463355E-002   3.7782461481544521E-003   96.299951998515013     
  0.32851044559885212       0.17850276302427123        1.1334738444463355E-002   3.7782461481544521E-003   57.301839207837510     
   4.0711813244819484E-002  0.26998476745256383        1.1334738444463355E-002   3.7782461481544521E-003   18.274941012668418     
  0.47574445373006347       0.67129371890123524        1.1334738444463355E-002   3.7782461481544521E-003   123.06825344674360     
  0.83701770936867281        1.0158476251031409E-002   1.1334738444463355E-002   3.7782461481544521E-003   120.46862943625707     
  0.98586081378076651       0.11208784493000495        1.1334738444463355E-002   3.7782461481544521E-003   132.31997803188773     
  0.14571863968214949       0.28394034743138519        1.1334738444463355E-002   3.7782461481544521E-003   114.39854329027057     
  0.33878651489881800       0.80340748170443044        1.1334738444463355E-002   3.7782461481544521E-003   72.818490902460979     
  0.15646072937985969       0.15879085723610395        1.1334738444463355E-002   3.7782461481544521E-003   147.81009132222167     
  0.75777393418249528       0.97110285487758519        1.1334738444463355E-002   3.7782461481544521E-003   20.866174644383058     
  0.17820346268427356        1.7555373369423134E-002   1.1334738444463355E-002   3.7782461481544521E-003   168.41688937201891     
  0.43510847207301168        7.4808202933783180E-002   1.1334738444463355E-002   3.7782461481544521E-003   74.418919795941648     
  0.49625207933532878       0.24884586067645681        1.1334738444463355E-002   3.7782461481544521E-003   127.22130802288238     
  0.88673883804473885        7.3322443045684596E-002   1.1334738444463355E-002   3.7782461481544521E-003   95.777165339355847     
  0.39967195586086957       0.58170630111555111        1.1334738444463355E-002   3.7782461481544521E-003   58.195419612392158     
  0.77715584545970862       0.39699103616699127        1.1334738444463355E-002   3.7782461481544521E-003   127.04605141417795     
  0.85119943400549858       0.97261170859879631        1.1334738444463355E-002   3.7782461481544521E-003   132.80355835510534     
  0.62439113894628306       0.87723258730973686        1.1334738444463355E-002   3.7782461481544521E-003   25.116334193101334     
  0.29647829475345494       0.92042952807407730        1.1334738444463355E-002   3.7782461481544521E-003   147.50525028675156     
  0.68447754994787913       0.50605152130048803        1.1334738444463355E-002   3.7782461481544521E-003   142.92228884105316     
  0.62993515142394019       0.93131379351746602        1.1334738444463355E-002   3.7782461481544521E-003   110.98814945714207     
  0.35341756210864628       0.71252693286560620        1.1334738444463355E-002   3.7782461481544521E-003   129.90567289175564     
  0.42537923845459991       0.73003730617476958        1.1334738444463355E-002   3.7782461481544521E-003   16.379033549557370     
  0.96125590975080111       0.93961881666184355        1.1334738444463355E-002   3.7782461481544521E-003   92.104376903442699     
  0.52611666476212693        7.9338791755991286E-003   1.1334738444463355E-002   3.7782461481544521E-003   6.0320139351399540     
  0.80384279269894854       0.64141212737584929        1.1334738444463355E-002   3.7782461481544521E-003   171.88549272984585     
  0.27545758938493214       0.29758112237016870        1.1334738444463355E-002   3.7782461481544521E-003   148.47114059470914     
  0.68165397824448659       0.95861616772774627        1.1334738444463355E-002   3.7782461481544521E-003   94.905077861822932     
  0.96060849235725343       0.61673540464414700        1.1334738444463355E-002   3.7782461481544521E-003   18.240349491326935     
  0.75975475211847787        4.4593929636484730E-002   1.1334738444463355E-002   3.7782461481544521E-003   114.22617831720281     
  0.75432708411613558       0.72785315359043001        1.1334738444463355E-002   3.7782461481544521E-003   15.098878504198360     
  0.20745110053152588       0.81152257476914225        1.1334738444463355E-002   3.7782461481544521E-003   111.38157725237963     
  0.84215878861672822        9.0070706992335214E-002   1.1334738444463355E-002   3.7782461481544521E-003   3.4639154453449015     
  0.67819299821093482       0.74690203091411900        1.1334738444463355E-002   3.7782461481544521E-003   162.87991589414554     
   3.6789478410282773E-002  0.16040274133155535        1.1334738444463355E-002   3.7782461481544521E-003   39.679792320254407     
  0.35429035685339266       0.35735846124163351        1.1334738444463355E-002   3.7782461481544521E-003   92.531398522513385     
  0.98062098950195964       0.32785704764761942        1.1334738444463355E-002   3.7782461481544521E-003   145.55218929841001     
  0.58872670024768137       0.60392444957654623        1.1334738444463355E-002   3.7782461481544521E-003   113.67223817070024     
  0.62034458201799192       0.94479246233932346        1.1334738444463355E-002   3.7782461481544521E-003   2.0180054248918156     
  0.23742614406997103       0.82763344841785125        1.1334738444463355E-002   3.7782461481544521E-003   145.82183397857276     
  0.68234916130380807       0.75273628173537710        1.1334738444463355E-002   3.7782461481544521E-003   120.05291411513356     
  0.93207062365698290       0.53512703032664932        1.1334738444463355E-002   3.7782461481544521E-003   85.908294949543233     
  0.90683520850900601       0.49365413903446331        1.1334738444463355E-002   3.7782461481544521E-003   125.42166782838375     
  0.84687666221737812       0.97045217736143174        1.1334738444463355E-002   3.7782461481544521E-003   121.52540749132616     
  0.35887383144148971       0.36566197464251576        1.1334738444463355E-002   3.7782461481544521E-003   58.698137524464023     
  0.14983866687399483       0.58760855565536441        1.1334738444463355E-002   3.7782461481544521E-003   60.902953859535543     
  0.12825934783850793       0.82501520796457772        1.1334738444463355E-002   3.7782461481544521E-003   16.884636310019570     
  0.83595071409633881       0.48236119826832474        1.1334738444463355E-002   3.7782461481544521E-003   130.96390599009209     
  0.86097980706009203       0.52653604357051287        1.1334738444463355E-002   3.7782461481544521E-003   132.89547964703092     
  0.81870387845040993        5.6372922981698194E-002   1.1334738444463355E-002   3.7782461481544521E-003   131.97481747081477     
  0.49288079572278165       0.24583464437197461        1.1334738444463355E-002   3.7782461481544521E-003   122.00628702181130     
  0.63980243893460642       0.53760608288985368        1.1334738444463355E-002   3.7782461481544521E-003   160.04757068028837     
  0.44140264644888638       0.82745408410113963        1.1334738444463355E-002   3.7782461481544521E-003   156.94073089815777     
  0.39937718522695437       0.89963165346284835        1.1334738444463355E-002   3.7782461481544521E-003   129.91654956103616     
  0.70244234381223825       0.47359760875116591        1.1334738444463355E-002   3.7782461481544521E-003   62.348550950701743     
  0.72238275041541156       0.74215303608643846        1.1334738444463355E-002   3.7782461481544521E-003   78.679251023911064     
  0.27341682241015391       0.87542877356522453        1.1334738444463355E-002   3.7782461481544521E-003   129.27252688662372     
  0.24235227892608893       0.95602642240474767        1.1334738444463355E-002   3.7782461481544521E-003   77.624185004996008     
  0.91760289762264313       0.60869009056865897        1.1334738444463355E-002   3.7782461481544521E-003   47.159113077691103     
  0.97763374503851663       0.63798438414474234        1.1334738444463355E-002   3.7782461481544521E-003   155.48400103935973     
  0.81411978114720296       0.18420957100690269        1.1334738444463355E-002   3.7782461481544521E-003   135.21232328612703     
  0.92436326121749735       0.65376788022523480        1.1334738444463355E-002   3.7782461481544521E-003   21.600910638727903     
  0.75053539919430867       0.68932769812829142        1.1334738444463355E-002   3.7782461481544521E-003   123.62138924064026     
  0.44587211013461320       0.89455790469662733        1.1334738444463355E-002   3.7782461481544521E-003   133.40625945293905     
  0.65877414972506743       0.32336511064972001        1.1334738444463355E-002   3.7782461481544521E-003   89.661110438031329     
  0.59782203628134323       0.56345625607422012        1.1334738444463355E-002   3.7782461481544521E-003   31.896112204142632     
  0.78226060071664016       0.20345980270134642        1.1334738444463355E-002   3.7782461481544521E-003   118.24514944587726     
  0.17031559351918668       0.95053374832338022        1.1334738444463355E-002   3.7782461481544521E-003   178.72560117075963     
  0.75829239939928916       0.64637246150863903        1.1334738444463355E-002   3.7782461481544521E-003   110.82802072045477     
  0.89554605320671810       0.27870057978270468        1.1334738444463355E-002   3.7782461481544521E-003   36.483856577252880     
  0.99152851374361106       0.43873850646451368        1.1334738444463355E-002   3.7782461481544521E-003   147.09794721720999     
  0.85000898137229475       0.40859251747968628        1.1334738444463355E-002   3.7782461481544521E-003   123.00019356259909     
  0.63849056863148701       0.60322228123961363        1.1334738444463355E-002   3.7782461481544521E-003   90.534366076775399     
  0.82432768448359850       0.72876707337391433        1.1334738444463355E-002   3.7782461481544521E-003   53.227391873639213     
  0.27029085295500693       0.75974958632033263        1.1334738444463355E-002   3.7782461481544521E-003  0.15206632573421075     
  0.39505654325502271       0.42937145200932814        1.1334738444463355E-002   3.7782461481544521E-003   28.899248930828755     
  0.24969310440971940       0.62756978656691031        1.1334738444463355E-002   3.7782461481544521E-003   27.901812715993294     
  0.46329937581247199       0.14801172415995739        1.1334738444463355E-002   3.7782461481544521E-003   41.228195589918926     
  0.53920035806446998       0.95427256942493133        1.1334738444463355E-002   3.7782461481544521E-003   9.6084381270768304     
  0.51907306332840575       0.11667067454423727        1.1334738444463355E-002   3.7782461481544521E-003   49.546693182768728     
   5.2794740167426898E-002  0.78289118317502859        1.1334738444463355E-002   3.7782461481544521E-003   137.48212978592196     
  0.83445222302259325       0.88207710778421855        1.1334738444463355E-002   3.7782461481544521E-003   96.298002921198616     
   2.7077279853635061E-002  0.56538870694624455        1.1334738444463355E-002   3.7782461481544521E-003   1.6545821862013486     
  0.54749375586368454       0.43067044720218217        1.1334738444463355E-002   3.7782461481544521E-003   122.70690653174509     
  0.27478671163125740       0.78226302685988325        1.1334738444463355E-002   3.7782461481544521E-003   127.82779028958741     
  0.74933242178208004       0.61621012367396988        1.1334738444463355E-002   3.7782461481544521E-003   73.006130822711214     
   9.7134807564215345E-002  0.64884982052463880        1.1334738444463355E-002   3.7782461481544521E-003   132.14271401200941     
  0.63370060495121483       0.64120527327931187        1.1334738444463355E-002   3.7782461481544521E-003   96.568390887842156     
  0.74356677975583196       0.86065759007265163        1.1334738444463355E-002   3.7782461481544521E-003   77.402534765058874     
  0.23925373931677352       0.81619607512950931        1.1334738444463355E-002   3.7782461481544521E-003   13.969550246098905     
   7.5348175787788726E-002  0.22554334592060946        1.1334738444463355E-002   3.7782461481544521E-003   18.077149610993320     
  0.68123404158799428       0.50117621896539077        1.1334738444463355E-002   3.7782461481544521E-003   154.61791496724950     
  0.30680740666697948       0.15836469108521178        1.1334738444463355E-002   3.7782461481544521E-003   2.7826474313740768     
  0.44552347350783433       0.54540512158901222        1.1334738444463355E-002   3.7782461481544521E-003   82.596067138559036     
  0.23023657721033949       0.92541567858386908        1.1334738444463355E-002   3.7782461481544521E-003   119.88837250019965     
  0.64131952667442893        8.9408900568028332E-002   1.1334738444463355E-002   3.7782461481544521E-003   146.57621603853920     
  0.76612264847756451       0.36850716877372908        1.1334738444463355E-002   3.7782461481544521E-003   63.788321722069455     
  0.34639768481725680       0.96916602398383500        1.1334738444463355E-002   3.7782461481544521E-003   135.76275296385126     
  0.92676638289706192       0.60801704478005936        1.1334738444463355E-002   3.7782461481544521E-003   143.01979544627602     
  0.38475789793700427       0.22867992530281184        1.1334738444463355E-002   3.7782461481544521E-003   126.19186821943558     
  0.60172307386858459        5.3194826039358017E-002   1.1334738444463355E-002   3.7782461481544521E-003   36.890736446349230     
  0.45861001825725456       0.84130926358336400        1.1334738444463355E-002   3.7782461481544521E-003   133.91849987188934     
  0.77614761039273938       0.21242010869998684        1.1334738444463355E-002   3.7782461481544521E-003   145.36338005815040     
  0.46287327688833824       0.25518133975584861        1.1334738444463355E-002   3.7782461481544521E-003   167.69582655404008     
  0.31502767766277467       0.57442771779298396        1.1334738444463355E-002   3.7782461481544521E-003   50.346570048461871     
  0.86833848383018097       0.83999197067885534        1.1334738444463355E-002   3.7782461481544521E-003   134.19164669387504     
  0.50205034924831571       0.84814931534584048        1.1334738444463355E-002   3.7782461481544521E-003   158.01137510755413     
  0.31168365094614875       0.46333894650581964        1.1334738444463355E-002   3.7782461481544521E-003   91.602286530516267     
  0.71299711588490000       0.99248912834978176        1.1334738444463355E-002   3.7782461481544521E-003   92.326387746372703     
  0.95875884387446453       0.67561112110721844        1.1334738444463355E-002   3.7782461481544521E-003   40.757872565844629     
  0.68349692148630192       0.78641059035319760        1.1334738444463355E-002   3.7782461481544521E-003   73.713384789944499     
  0.10398926986874701       0.28930528295378205        1.1334738444463355E-002   3.7782461481544521E-003   78.331300456850087     
  0.83535355410626300       0.39354211213778734        1.1334738444463355E-002   3.7782461481544521E-003  0.85009204561720797     
  0.50013682001035153       0.42882706111391167        1.1334738444463355E-002   3.7782461481544521E-003   162.88463083081584     
  0.49963007590017006       0.85963320358114759        1.1334738444463355E-002   3.7782461481544521E-003   27.469166818484279     
   5.6898089163176117E-002  0.31128476196999133        1.1334738444463355E-002   3.7782461481544521E-003   48.502936008735361     
  0.44501139780590920       0.14106753923085691        1.1334738444463355E-002   3.7782461481544521E-003   23.544168347378406     
  0.32368395193236027       0.76511468023644125        1.1334738444463355E-002   3.7782461481544521E-003   71.882378677838588     
  0.63266201801757305       0.28728784462170048        1.1334738444463355E-002   3.7782461481544521E-003   172.56863269807479     
  0.74875598692359668       0.25427111677954001        1.1334738444463355E-002   3.7782461481544521E-003   136.06034934200798     
  0.99079056140836219       0.37317451115552641        1.1334738444463355E-002   3.7782461481544521E-003   6.3092362118349774     
  0.40318441597636484       0.90219626186389923        1.1334738444463355E-002   3.7782461481544521E-003   122.00739712367242     
  0.89755280497142620       0.44442637360793963        1.1334738444463355E-002   3.7782461481544521E-003   102.64323897621377     
   9.8423771177780062E-002  0.26863572279471759        1.1334738444463355E-002   3.7782461481544521E-003   5.2529285417399016     
  0.32932308679134409       0.57830061210474271        1.1334738444463355E-002   3.7782461481544521E-003   88.023713860202434     
  0.70757339367468841       0.31338773179111140        1.1334738444463355E-002   3.7782461481544521E-003   35.337934975151185     
  0.10621522409686572       0.44322522653696339        1.1334738444463355E-002   3.7782461481544521E-003   93.151081377333895     
  0.79745749132643007       0.55842411535467928        1.1334738444463355E-002   3.7782461481544521E-003   3.0723554220284459     
  0.27778788013578570       0.30102876128336653        1.1334738444463355E-002   3.7782461481544521E-003   132.47997735361477     
  0.87074842128159813       0.62890056824538376        1.1334738444463355E-002   3.7782461481544521E-003   131.33894530092849     
  0.80113161886866824       0.16947424621123600        1.1334738444463355E-002   3.7782461481544521E-003   129.33269327449565     
  0.57490494049664087       0.98348418917467317        1.1334738444463355E-002   3.7782461481544521E-003   77.084515346765428     
  0.49208375732689325       0.70143592632209173        1.1334738444463355E-002   3.7782461481544521E-003   7.0090553948049035     
  0.88374959798911967        6.3030867554374564E-002   1.1334738444463355E-002   3.7782461481544521E-003   64.186999618958197     
  0.84111264838112110       0.46743749980993915        1.1334738444463355E-002   3.7782461481544521E-003   28.821370706575227     
  0.34153512153137561        7.2365126520988129E-002   1.1334738444463355E-002   3.7782461481544521E-003   62.761941651471460     
  0.58269599339024469       0.37275155165713125        1.1334738444463355E-002   3.7782461481544521E-003   33.933239724172914     
  0.68024900276954758       0.69049508927934999        1.1334738444463355E-002   3.7782461481544521E-003   1.4185804245431610     
  0.62585684329362978       0.93973415559693685        1.1334738444463355E-002   3.7782461481544521E-003   74.300129147484427     
  0.24562176637780286       0.24949696716854716        1.1334738444463355E-002   3.7782461481544521E-003   150.31114585182974     
  0.27990356161264240       0.22614788038630160        1.1334738444463355E-002   3.7782461481544521E-003   124.42038829030143     
  0.55163821169217964       0.25439476516846032        1.1334738444463355E-002   3.7782461481544521E-003   58.318237388529894     
  0.77503273816753693       0.12964428580365062        1.1334738444463355E-002   3.7782461481544521E-003   78.584161040910388     
  0.98123247456052654       0.40323052340643428        1.1334738444463355E-002   3.7782461481544521E-003   131.27075612848355     
  0.35489292280964368       0.60997393711775327        1.1334738444463355E-002   3.7782461481544521E-003   83.403132467654657     
  0.14596412809931797       0.75200492515159145        1.1334738444463355E-002   3.7782461481544521E-003   130.87161614121283     
