          50   48.291381038554547     
         100   40.723265536248341     
         150   35.912899762023486     
         200   31.050509943007405     
         250   24.851969843148577     
         300   18.624899340831707     
         350   12.510891469225498     
         400   6.6321956265686914     
         450  0.61645865413311307     
         500  -7.0416699467688497     
         550  -14.371071795338015     
         600  -21.194821602273809     
         650  -28.496834149710029     
         700  -36.236122601360293     
         750  -43.542827586806517     
         800  -50.508609236033834     
         850  -57.185894332245546     
         900  -63.744219220510161     
         950  -70.595080698159009     
        1000  -77.231716017000224     
        1050  -83.657570616562964     
        1100  -90.920352997478517     
        1150  -97.866579668476916     
        1200  -104.81910812725714     
        1250  -111.62679016116665     
        1300  -118.26501686676023     
        1350  -124.89623149939692     
        1400  -131.57901367846293     
        1450  -138.59681840080324     
        1500  -145.42918087183338     
        1550  -152.33774268285762     
        1600  -159.16997334390979     
        1650  -165.71037726228954     
        1700  -172.13060870427444     
        1750  -178.40242331509614     
        1800  -184.45374668597555     
        1850  -190.41013570432975     
        1900  -196.35598353520834     
        1950  -202.04308395235356     
        2000  -207.92374962936989     
        2050  -213.91642323862658     
        2100  -219.89834677524874     
        2150  -225.67270414073900     
        2200  -231.37769040445690     
        2250  -237.35844697894763     
        2300  -243.23780725322538     
        2350  -249.02993834183235     
        2400  -254.71306889042029     
        2450  -260.35886015253692     
        2500  -266.26625836314548     
        2550  -272.13690137674212     
        2600  -278.18923487092928     
        2650  -284.19291337938893     
        2700  -290.12222955419065     
        2750  -295.86911841749571     
        2800  -301.45396802719728     
        2850  -307.08034375835655     
        2900  -312.89451764693467     
        2950  -318.79870578318128     
        3000  -324.63282161859979     
        3050  -330.37717141810970     
        3100  -336.02503205144143     
        3150  -341.54132991272530     
        3200  -346.92009955509707     
        3250  -352.35152308461375     
        3300  -357.74077938337081     
        3350  -363.18976212741256     
        3400  -368.68600744820446     
        3450  -374.21192170161720     
        3500  -379.70598137282445     
        3550  -385.09115894345098     
        3600  -390.45623112818157     
        3650  -395.80607340096594     
        3700  -401.07316117082399     
        3750  -406.27170102104162     
        3800  -411.46726297990602     
        3850  -416.80262521907144     
        3900  -422.20836189128522     
        3950  -427.54335910541130     
        4000  -432.84353610053881     
        4050  -438.05709677599492     
        4100  -443.25511092973386     
        4150  -448.40615967650325     
        4200  -453.56301748182767     
        4250  -458.72617740183045     
        4300  -463.81227442087447     
        4350  -468.85785161992237     
        4400  -473.94005851417086     
        4450  -479.08554337562634     
        4500  -484.24208079166874     
        4550  -489.51356102366697     
        4600  -494.89129034804432     
        4650  -500.38512247217420     
        4700  -505.79724963934927     
        4750  -511.15558371792588     
        4800  -516.47935339338051     
        4850  -521.80641237992245     
        4900  -527.05293245768451     
        4950  -532.22451360115463     
        5000  -537.35843762725278     
        5050  -542.52180815718100     
        5100  -547.66595141964899     
        5150  -552.75807854690868     
        5200  -557.78144729145754     
        5250  -562.77651836953373     
        5300  -567.75687925539444     
        5350  -572.77507795601264     
        5400  -577.77237936419067     
        5450  -582.71024733743582     
        5500  -587.62790604561701     
        5550  -592.50607814703835     
        5600  -597.38404138602493     
        5650  -602.28640518599866     
        5700  -607.15529377953737     
        5750  -611.98379770952613     
        5800  -616.82582676463380     
        5850  -621.68431274629882     
        5900  -626.73760422442660     
        5950  -631.87924444520377     
        6000  -636.99608105039033     
        6050  -642.25793237829589     
        6100  -647.64558482240795     
        6150  -652.98128139981179     
        6200  -658.28004610914570     
        6250  -663.54294692805627     
        6300  -668.79385072200171     
        6350  -674.02018201764315     
        6400  -679.23705912866922     
        6450  -684.42914530533972     
        6500  -689.67237598207532     
        6550  -694.94750723997947     
        6600  -700.29741701419402     
        6650  -705.65373062950266     
        6700  -711.05163123025181     
        6750  -716.52078248174291     
        6800  -721.97202519076939     
        6850  -727.36804043403777     
        6900  -732.69267091060510     
        6950  -737.95182972365899     
        7000  -743.21604987889657     
        7050  -748.54296742822180     
        7100  -753.88476477531015     
        7150  -759.32076754855086     
        7200  -764.69919022510669     
        7250  -770.02121999931421     
        7300  -775.30695464899679     
        7350  -780.55952270099647     
        7400  -785.84614016195997     
        7450  -791.22404850378166     
        7500  -796.56257280121872     
        7550  -801.84890359070494     
        7600  -807.12068474781290     
        7650  -812.43300783458733     
        7700  -817.70996331854553     
        7750  -822.93185241164542     
        7800  -828.11092726373931     
        7850  -833.29381141057593     
        7900  -838.47909158038124     
        7950  -843.70752804037022     
        8000  -848.91988785954538     
        8050  -854.17974121193049     
        8100  -859.45331392718401     
        8150  -864.67600907907342     
        8200  -869.86761812026191     
        8250  -875.02760656882015     
        8300  -880.15953233969867     
        8350  -885.25627956515359     
        8400  -890.32111646206852     
        8450  -895.38155725783918     
        8500  -900.47374382178862     
        8550  -905.53439434196264     
        8600  -910.64036532127329     
        8650  -915.77671037242567     
        8700  -920.92468736793933     
        8750  -926.01704499610867     
        8800  -931.05962367181758     
        8850  -936.08880428975101     
        8900  -941.14519231947077     
        8950  -946.15709923025406     
        9000  -951.14292562865273     
        9050  -956.08658258502840     
        9100  -960.99504257340618     
        9150  -965.89866043552695     
        9200  -970.75311703450814     
        9250  -975.56722796080066     
        9300  -980.46674859830148     
        9350  -985.45265457509549     
        9400  -990.45421736988908     
        9450  -995.42845361523632     
        9500  -1000.3761841817686     
        9550  -1005.2983965658648     
        9600  -1010.2199751998584     
        9650  -1015.1744614008164     
        9700  -1020.2836275712497     
        9750  -1025.3862940071472     
        9800  -1030.4694611401219     
        9850  -1035.5234782820937     
        9900  -1040.5381038891630     
        9950  -1045.5241972210631     
       10000  -1050.4964974267727     
       10050  -1055.4460188806759     
       10100  -1060.3548656413325     
       10150  -1065.2185955058123     
       10200  -1070.0440784218597     
       10250  -1074.8351805457000     
       10300  -1079.5836577658092     
       10350  -1084.2997329617938     
       10400  -1089.0235100850252     
       10450  -1093.8105033460163     
       10500  -1098.5972606320315     
       10550  -1103.3804753919287     
       10600  -1108.1440635644710     
       10650  -1112.8927627472372     
       10700  -1117.6193279766615     
       10750  -1122.3480607681458     
       10800  -1127.0479000766857     
       10850  -1131.7920532382800     
       10900  -1136.6036551358793     
       10950  -1141.4014042060269     
       11000  -1146.2047171515635     
       11050  -1150.9943532441766     
       11100  -1155.8275906909976     
       11150  -1160.7464137407121     
       11200  -1165.6738215629223     
       11250  -1170.5885657675306     
       11300  -1175.5017294621098     
       11350  -1180.3782753117032     
       11400  -1185.2292432408351     
       11450  -1190.0500193524585     
       11500  -1194.8425325051946     
       11550  -1199.6034739259130     
       11600  -1204.3431534240365     
       11650  -1209.1076660810083     
       11700  -1213.8438032818185     
       11750  -1218.5582080571260     
       11800  -1223.2448749934899     
       11850  -1227.9032622412356     
       11900  -1232.5574323752489     
       11950  -1237.2007968786911     
       12000  -1241.8168033248862     
       12050  -1246.4055751818942     
       12100  -1250.9581936068550     
       12150  -1255.5088394636618     
       12200  -1260.0760239522531     
       12250  -1264.6519268305231     
       12300  -1269.2029747228942     
       12350  -1273.7418698689510     
       12400  -1278.2615988438197     
       12450  -1282.7771958755516     
       12500  -1287.2765892654761     
       12550  -1291.7504318508395     
       12600  -1296.2243079951361     
       12650  -1300.6701605699020     
       12700  -1305.0933386183187     
       12750  -1309.5071073862739     
       12800  -1313.9251550006293     
       12850  -1318.3383898290363     
       12900  -1322.7595250170273     
       12950  -1327.1613739006104     
       13000  -1331.5376478373935     
       13050  -1335.9214399792852     
       13100  -1340.2845207904145     
       13150  -1344.7064968438176     
       13200  -1349.1845825527857     
       13250  -1353.7223601872968     
       13300  -1358.2851363738812     
       13350  -1362.8487850013416     
       13400  -1367.4184344066919     
       13450  -1371.9659369071192     
       13500  -1376.4832682591395     
       13550  -1380.9856180749680     
       13600  -1385.5076364542731     
       13650  -1390.0310350625643     
       13700  -1394.5305503682075     
       13750  -1398.9989952099174     
       13800  -1403.4591587581149     
       13850  -1407.9152518414553     
       13900  -1412.3630219240360     
       13950  -1416.8130885454266     
       14000  -1421.2493979075282     
       14050  -1425.6611984423698     
       14100  -1430.0821687951259     
       14150  -1434.5059903741164     
       14200  -1438.9549908186980     
       14250  -1443.4375941622166     
       14300  -1447.9041241724153     
       14350  -1452.3508007838175     
       14400  -1456.7811996728169     
       14450  -1461.2054696069672     
       14500  -1465.6161984547653     
       14550  -1470.0665886277841     
       14600  -1474.5261261569995     
       14650  -1478.9665291135236     
       14700  -1483.3991507110693     
       14750  -1487.8213250993183     
       14800  -1492.2225943590256     
       14850  -1496.6090025997648     
       14900  -1500.9788050085867     
       14950  -1505.3423845486027     
       15000  -1509.7004299790231     
       15050  -1514.0335207996607     
       15100  -1518.3412945581433     
       15150  -1522.6206352461832     
       15200  -1526.8726389592207     
       15250  -1531.1057967475865     
       15300  -1535.3149167239551     
       15350  -1539.5034780016765     
       15400  -1543.6665095475987     
       15450  -1547.8047969417564     
       15500  -1551.9282937599387     
       15550  -1556.0358149775682     
       15600  -1560.1297913841449     
       15650  -1564.2005646773614     
       15700  -1568.2804920785277     
       15750  -1572.3650447308730     
       15800  -1576.4274144810727     
       15850  -1580.4769228073840     
       15900  -1584.5077598918429     
       15950  -1588.5256098115315     
       16000  -1592.5197746338683     
       16050  -1596.4916168397508     
       16100  -1600.4553105219968     
       16150  -1604.4026055693150     
       16200  -1608.3422164454134     
       16250  -1612.3065024977884     
       16300  -1616.2551977370140     
       16350  -1620.1836587039522     
       16400  -1624.0932460239114     
       16450  -1627.9839827394987     
       16500  -1631.8639895127847     
       16550  -1635.7242171558462     
       16600  -1639.5753196320568     
       16650  -1643.4056192793025     
       16700  -1647.2206075607057     
       16750  -1651.0262765364046     
       16800  -1654.8140698174025     
       16850  -1658.5920339666816     
       16900  -1662.3538868253570     
       16950  -1666.0941783644460     
       17000  -1669.8304263398461     
       17050  -1673.5839086775225     
       17100  -1677.3573386890389     
       17150  -1681.1142215974496     
       17200  -1684.8522630878042     
       17250  -1688.6200360140442     
       17300  -1692.3969317862031     
       17350  -1696.1654827619675     
       17400  -1699.9191045998359     
       17450  -1703.6827144626823     
       17500  -1707.4348882114248     
       17550  -1711.2010864855963     
       17600  -1715.0232485677670     
       17650  -1718.8308490133886     
       17700  -1722.6206681245603     
       17750  -1726.3895663190090     
       17800  -1730.1412634651438     
       17850  -1733.8802545143531     
       17900  -1737.6109307256204     
       17950  -1741.3509058405753     
       18000  -1745.0868950484667     
       18050  -1748.8170529238521     
       18100  -1752.5367877874198     
       18150  -1756.2445638037975     
       18200  -1759.9445524683413     
       18250  -1763.6454158308591     
       18300  -1767.3459079432027     
       18350  -1771.0327093096469     
       18400  -1774.7634000901728     
       18450  -1778.5697984075139     
       18500  -1782.3820922261605     
       18550  -1786.1759940728705     
       18600  -1789.9659685569356     
       18650  -1793.8027488623327     
       18700  -1797.6695174429501     
       18750  -1801.5196352921753     
       18800  -1805.3561924018086     
       18850  -1809.1751426196599     
       18900  -1812.9955884002241     
       18950  -1816.7991173764412     
       19000  -1820.5836863744105     
       19050  -1824.3519385004752     
       19100  -1828.1244744160565     
       19150  -1831.9056607860293     
       19200  -1835.7383547414956     
       19250  -1839.5562078293005     
       19300  -1843.3659207431965     
       19350  -1847.1724483287232     
       19400  -1850.9710715311639     
       19450  -1854.7683305813293     
       19500  -1858.5689192299399     
       19550  -1862.3545606032098     
       19600  -1866.1442238328298     
       19650  -1869.9381096335428     
       19700  -1873.7308114933458     
       19750  -1877.5128658892459     
       19800  -1881.2805015231695     
       19850  -1885.0314828082376     
       19900  -1888.7659152625818     
       19950  -1892.4829538420615     
       20000  -1896.1824464747253     
       20050  -1899.8744874407071     
       20100  -1903.5545326140043     
       20150  -1907.2455032105058     
       20200  -1910.9444814479004     
       20250  -1914.6447253630984     
       20300  -1918.3638265053569     
       20350  -1922.0732384102032     
       20400  -1925.7698836184793     
       20450  -1929.4710074680700     
       20500  -1933.1607007232642     
       20550  -1936.8332045372963     
       20600  -1940.4914582449376     
       20650  -1944.1412925211475     
       20700  -1947.7792675661542     
       20750  -1951.4023685882435     
       20800  -1955.0153163198506     
       20850  -1958.6209102886351     
       20900  -1962.2254049582966     
       20950  -1965.8311098668325     
       21000  -1969.4244133611728     
       21050  -1973.0056164932214     
       21100  -1976.5765530075605     
       21150  -1980.1399917673291     
       21200  -1983.6872022572513     
       21250  -1987.2303268725343     
       21300  -1990.7711887044379     
       21350  -1994.3000185244287     
       21400  -1997.8161456815244     
       21450  -2001.3197003425410     
       21500  -2004.8145506551691     
       21550  -2008.3208975862153     
       21600  -2011.8156540786611     
       21650  -2015.2951507044631     
       21700  -2018.7625943011733     
       21750  -2022.2209826557601     
       21800  -2025.6660317124683     
       21850  -2029.1047264344893     
       21900  -2032.5482943913305     
       21950  -2036.0066994544936     
       22000  -2039.4495148650449     
       22050  -2042.8840667378738     
       22100  -2046.3073727440305     
       22150  -2049.7152236440643     
       22200  -2053.1131251333609     
       22250  -2056.5001706989619     
       22300  -2059.8736765312183     
       22350  -2063.2322162958249     
       22400  -2066.5839476025085     
       22450  -2069.9319884152983     
       22500  -2073.2692449465899     
       22550  -2076.5950228735946     
       22600  -2079.9072329993160     
       22650  -2083.2064414476108     
       22700  -2086.5146219829026     
       22750  -2089.8169837432570     
       22800  -2093.1137477432171     
       22850  -2096.4018090392105     
       22900  -2099.6888240187318     
       22950  -2102.9689359260615     
       23000  -2106.2601569482449     
       23050  -2109.5606342464034     
       23100  -2112.8716420297287     
       23150  -2116.1734001629497     
       23200  -2119.4615259024572     
       23250  -2122.7385621074300     
       23300  -2126.0046471187898     
       23350  -2129.2596761802483     
       23400  -2132.5162832848714     
       23450  -2135.7901982033914     
       23500  -2139.0566039042801     
       23550  -2142.3160123058774     
       23600  -2145.5711179840600     
       23650  -2148.8326831642526     
       23700  -2152.0993851976577     
       23750  -2155.3543925812219     
       23800  -2158.5969821074177     
       23850  -2161.8290784008941     
       23900  -2165.0568033561017     
       23950  -2168.2712678166390     
       24000  -2171.4756959648380     
       24050  -2174.6687123464708     
       24100  -2177.8492457825687     
       24150  -2181.0334452945167     
       24200  -2184.2147164281350     
       24250  -2187.3928747316359     
       24300  -2190.5743466412414     
       24350  -2193.7508523604056     
       24400  -2196.9162933282782     
       24450  -2200.0696810081072     
       24500  -2203.2109765677069     
       24550  -2206.3456689760606     
       24600  -2209.5004163606964     
       24650  -2212.6483310972744     
       24700  -2215.7837233434557     
       24750  -2218.9081923726503     
       24800  -2222.0279837436692     
       24850  -2225.1475477472568     
       24900  -2228.2559469066900     
       24950  -2231.3521152126268     
       25000  -2234.4463388750319     
       25050  -2237.5449050851935     
       25100  -2240.6509495861951     
       25150  -2243.7461548104179     
       25200  -2246.8778864374262     
       25250  -2250.0007307177025     
       25300  -2253.1167037188779     
       25350  -2256.2337489759657     
       25400  -2259.3430376870388     
       25450  -2262.4435340168552     
       25500  -2265.5410579562954     
       25550  -2268.6431492557676     
       25600  -2271.7425343334517     
       25650  -2274.8401874697643     
       25700  -2277.9319470686364     
       25750  -2281.0196922635014     
       25800  -2284.0969951446755     
       25850  -2287.1644546383254     
       25900  -2290.2386603960808     
       25950  -2293.3012004990846     
       26000  -2296.3522161672663     
       26050  -2299.4122592660860     
       26100  -2302.4814655226983     
       26150  -2305.5424377187005     
       26200  -2308.6150409367751     
       26250  -2311.6871602575407     
       26300  -2314.7530039926237     
       26350  -2317.8085623961829     
       26400  -2320.8737753619871     
       26450  -2323.9367218073007     
       26500  -2326.9982294543961     
       26550  -2330.0537459414363     
       26600  -2333.1099751045117     
       26650  -2336.1674328886420     
       26700  -2339.2158232242909     
       26750  -2342.2545095167334     
       26800  -2345.2959577948704     
       26850  -2348.3460855213493     
       26900  -2351.3926927864004     
       26950  -2354.4313773117333     
       27000  -2357.4675696510722     
       27050  -2360.4930413921170     
       27100  -2363.5082721739709     
       27150  -2366.5128844408896     
       27200  -2369.5069682784087     
       27250  -2372.4904390235638     
       27300  -2375.4658364374727     
       27350  -2378.4369180595954     
       27400  -2381.3993406518553     
       27450  -2384.3538062636649     
       27500  -2387.3033380899760     
       27550  -2390.2456620930338     
       27600  -2393.1791964493041     
       27650  -2396.1501940921589     
       27700  -2399.1245975351098     
       27750  -2402.0958647814705     
       27800  -2405.0627821121616     
       27850  -2408.0191020856278     
       27900  -2410.9694610497613     
       27950  -2413.9125570325186     
       28000  -2416.8500497155796     
       28050  -2419.7822661306186     
       28100  -2422.7138621390945     
       28150  -2425.6355859793430     
       28200  -2428.5602739527549     
       28250  -2431.5109708771070     
       28300  -2434.4597417903487     
       28350  -2437.4109954231267     
       28400  -2440.3579026227089     
       28450  -2443.3187944550859     
       28500  -2446.2821840508609     
       28550  -2449.2463986008179     
       28600  -2452.2002709710864     
       28650  -2455.1513931926374     
       28700  -2458.1276683872970     
       28750  -2461.0994078046651     
       28800  -2464.0782131504070     
       28850  -2467.0606943475168     
       28900  -2470.0582993795060     
       28950  -2473.0476429035230     
       29000  -2476.0319073505680     
       29050  -2479.0225761887195     
       29100  -2482.0071974419243     
       29150  -2484.9850276918473     
       29200  -2487.9586390384552     
       29250  -2490.9276402083383     
       29300  -2493.8870790006749     
       29350  -2496.8539774763790     
       29400  -2499.8446973195728     
       29450  -2502.8360488626668     
       29500  -2505.8204142490185     
       29550  -2508.7982747876176     
       29600  -2511.7833093449594     
       29650  -2514.7640756858264     
       29700  -2517.7385900823601     
       29750  -2520.7058226888230     
       29800  -2523.6649803213377     
       29850  -2526.6159961230096     
       29900  -2529.5625366810264     
       29950  -2532.4998142672548     
       30001  -2535.4870081451941     
       30050  -2538.2739920480794     
       30100  -2540.9417599809717     
       30150  -2543.3556069835254     
       30200  -2545.6276206021407     
       30250  -2547.7847422387813     
       30300  -2549.7438679069742     
       30350  -2551.6062370475493     
       30400  -2553.3606307828591     
       30450  -2554.9307269921151     
       30500  -2556.3949978824503     
       30550  -2557.7698001817835     
       30600  -2558.9563661828461     
       30650  -2559.9642489407693     
       30700  -2560.8580186387107     
       30750  -2561.6783834442049     
       30800  -2562.4695388260461     
       30850  -2563.2658330906534     
       30900  -2563.9574847881927     
       30950  -2564.5116304976841     
       31000  -2564.9151193884559     
       31050  -2565.3043597251344     
       31100  -2565.6434472001361     
       31150  -2565.8576475349350     
       31200  -2565.9882739543082     
       31250  -2566.0318118623240     
       31300  -2566.0329481852987     
       31350  -2565.9945108215602     
       31400  -2565.8780674744967     
       31450  -2565.6338699471498     
       31500  -2565.2461262595966     
       31550  -2564.8654165616190     
       31600  -2564.5196522216761     
       31650  -2564.1550504407705     
       31700  -2563.7551986639573     
       31750  -2563.2954923710681     
       31800  -2562.7491208261754     
       31850  -2562.1355459391325     
       31900  -2561.5142019542691     
       31950  -2560.8640422951917     
       32000  -2560.1697800819752     
       32050  -2559.4012631368132     
       32100  -2558.5879647806109     
       32150  -2557.7069359190668     
       32200  -2556.8332395014436     
       32250  -2555.9100684348709     
       32300  -2554.9225606901769     
       32350  -2553.8697366117431     
       32400  -2552.8061952592184     
       32450  -2551.6795952525376     
       32500  -2550.5105804858977     
       32550  -2549.3545409336953     
       32600  -2548.1720722986652     
       32650  -2547.0157506703431     
       32700  -2545.8116137439224     
       32750  -2544.5141047713955     
       32800  -2543.2107070912289     
       32850  -2541.9535827690279     
       32900  -2540.6891572099898     
       32950  -2539.3707275535471     
       33000  -2537.9916766177635     
       33050  -2536.6205187421851     
       33100  -2535.2320324459224     
       33150  -2533.8301155632007     
       33200  -2532.4030766430888     
       33250  -2530.8181229896381     
       33300  -2529.2059466229048     
       33350  -2527.5485940795002     
       33400  -2525.8331374496370     
       33450  -2524.0734922709503     
       33500  -2522.3143355759994     
       33550  -2520.5342735396603     
       33600  -2518.7528849530263     
       33650  -2516.9933691479832     
       33700  -2515.1908108761377     
       33750  -2513.2947742566371     
       33800  -2511.3547382742031     
       33850  -2509.3953801285902     
       33900  -2507.3203651972435     
       33950  -2505.2310070797926     
       34000  -2503.1319173601428     
       34050  -2501.0620628875581     
       34100  -2498.9574483650044     
       34150  -2496.8287884359065     
       34200  -2494.7228569282506     
       34250  -2492.6966100018526     
       34300  -2490.6568022972920     
       34350  -2488.5791709208106     
       34400  -2486.4513071178326     
       34450  -2484.2474028553993     
       34500  -2482.0420723980237     
       34550  -2479.8799636085450     
       34600  -2477.7586064883762     
       34650  -2475.6628564694688     
       34700  -2473.5368617607533     
       34750  -2471.3973545486010     
       34800  -2469.2245380669633     
       34850  -2467.0218090802714     
       34900  -2464.8110361615527     
       34950  -2462.5534398363675     
       35000  -2460.2400167264868     
       35050  -2457.9197338855911     
       35100  -2455.5733832298047     
       35150  -2453.2170301434849     
       35200  -2450.7624339056620     
       35250  -2448.2484124375428     
       35300  -2445.7228447754278     
       35350  -2443.1784350190592     
       35400  -2440.6022925904399     
       35450  -2438.0354679119000     
       35500  -2435.4655922299908     
       35550  -2432.9025614106476     
       35600  -2430.3409084659065     
       35650  -2427.7659510658127     
       35700  -2425.1839359711998     
       35750  -2422.6312665929449     
       35800  -2420.0269829132635     
       35850  -2417.3437111660846     
       35900  -2414.6517531970412     
       35950  -2411.9543870624830     
       36000  -2409.2622691189576     
       36050  -2406.5493378638948     
       36100  -2403.8137038292825     
       36150  -2401.0578816905863     
       36200  -2398.3513397064839     
       36250  -2395.6916580377160     
       36300  -2393.0593378364019     
       36350  -2390.4288894514539     
       36400  -2387.8177910717409     
       36450  -2385.2149120001432     
       36500  -2382.5803037398287     
       36550  -2379.9855769518176     
       36600  -2377.4331262537917     
       36650  -2374.8631027264050     
       36700  -2372.3037042512210     
       36750  -2369.7804921947595     
       36800  -2367.2156592659185     
       36850  -2364.5914603615147     
       36900  -2361.9672247158678     
       36950  -2359.3464763203301     
       37000  -2356.7079598164614     
       37050  -2354.1001393220859     
       37100  -2351.4962260583247     
       37150  -2348.8764950268501     
       37200  -2346.2039783245982     
       37250  -2343.5845990747903     
       37300  -2340.9620992374671     
       37350  -2338.3620161986132     
       37400  -2335.7442215262631     
       37450  -2333.0980309913111     
       37500  -2330.4391556542491     
       37550  -2327.7544027478771     
       37600  -2325.0905224542867     
       37650  -2322.4040197769277     
       37700  -2319.7244623200600     
       37750  -2317.0959107033618     
       37800  -2314.4975301409731     
       37850  -2311.9688266255907     
       37900  -2309.4907021464537     
       37950  -2307.0516519288553     
       38000  -2304.6087534837061     
       38050  -2302.1457274332629     
       38100  -2299.6167758488305     
       38150  -2297.0426498615843     
       38200  -2294.3936839225535     
       38250  -2291.7629072682466     
       38300  -2289.1343846711748     
       38350  -2286.4787080872961     
       38400  -2283.8218011713784     
       38450  -2281.1302352529997     
       38500  -2278.4673182191291     
       38550  -2275.8386346437210     
       38600  -2273.1892172407247     
       38650  -2270.5452481134348     
       38700  -2267.8514288234751     
       38750  -2265.1421176872291     
       38800  -2262.4393641068818     
       38850  -2259.7052073050763     
       38900  -2256.9527916178581     
       38950  -2254.2209578978486     
       39000  -2251.4876673973936     
       39050  -2248.7454461761049     
       39100  -2246.0181423038425     
       39150  -2243.2917015996768     
       39200  -2240.6082746542547     
       39250  -2237.9044674790844     
       39300  -2235.1591493196520     
       39350  -2232.4144244605891     
       39400  -2229.6704865464480     
       39450  -2226.9354302695451     
       39500  -2224.1839205024025     
       39550  -2221.4542013942655     
       39600  -2218.7254917463442     
       39650  -2215.9694807583064     
       39700  -2213.1995401666763     
       39750  -2210.4326477478885     
       39800  -2207.6692353455305     
       39850  -2204.8978001980686     
       39900  -2202.1057309699249     
       39950  -2199.3240561882430     
       40000  -2196.5943458131233     
       40050  -2193.8448429159507     
       40100  -2191.0894718749337     
       40150  -2188.3744969880854     
       40200  -2185.6814770578180     
       40250  -2183.0031049209474     
       40300  -2180.3362811278193     
       40350  -2177.6526357875164     
       40400  -2174.9914517044372     
       40450  -2172.3608201614575     
       40500  -2169.7101240644765     
       40550  -2167.0736549651215     
       40600  -2164.4624159734644     
       40650  -2161.8809190545785     
       40700  -2159.3151386391246     
       40750  -2156.7660597552958     
       40800  -2154.2707424502501     
       40850  -2151.7663477948477     
       40900  -2149.2778424832441     
       40950  -2146.8191603076352     
       41000  -2144.3569369345296     
       41050  -2141.9364755494307     
       41100  -2139.5554638851431     
       41150  -2137.1530842163725     
       41200  -2134.6992637094204     
       41250  -2132.2412378926279     
       41300  -2129.7581703878968     
       41350  -2127.2697500725862     
       41400  -2124.7966429477519     
       41450  -2122.3247933753046     
       41500  -2119.8841316493749     
       41550  -2117.4751196555862     
       41600  -2115.1133633396689     
       41650  -2112.7276520682522     
       41700  -2110.3114321199450     
       41750  -2107.9196286027236     
       41800  -2105.5220043027716     
       41850  -2103.1093307901920     
       41900  -2100.6985828277761     
       41950  -2098.3296152884373     
       42000  -2095.9698014772280     
       42050  -2093.6264548506715     
       42100  -2091.3271583080036     
       42150  -2089.0390166964385     
       42200  -2086.7610525374985     
       42250  -2084.4929333277719     
       42300  -2082.1927081141253     
       42350  -2079.8575513923279     
       42400  -2077.5487121487199     
       42450  -2075.2352728413202     
       42500  -2072.9367315828240     
       42550  -2070.6147605077590     
       42600  -2068.2682752954088     
       42650  -2065.9070044065284     
       42700  -2063.5412949695651     
       42750  -2061.1432947983922     
       42800  -2058.7098656091698     
       42850  -2056.2709588336511     
       42900  -2053.7894399635552     
       42950  -2051.2984186600779     
       43000  -2048.8241512534291     
       43050  -2046.3626847565981     
       43100  -2043.8944383686708     
       43150  -2041.4211953220815     
       43200  -2038.9570105160037     
       43250  -2036.5039915200921     
       43300  -2034.0483273391317     
       43350  -2031.5936495672406     
       43400  -2029.1100854007523     
       43450  -2026.6114993143069     
       43500  -2024.1245541739268     
       43550  -2021.6572621267258     
       43600  -2019.1983081671558     
       43650  -2016.7194983127365     
       43700  -2014.2348402417772     
       43750  -2011.7523349909216     
       43800  -2009.2691363430247     
       43850  -2006.8101050969294     
       43900  -2004.3340489674017     
       43950  -2001.8570441257134     
       44000  -1999.4344184599559     
       44050  -1996.9970302981912     
       44100  -1994.5673385884290     
       44150  -1992.1279305455269     
       44200  -1989.7211809235710     
       44250  -1987.3284032634667     
       44300  -1984.9063986562014     
       44350  -1982.4866003777631     
       44400  -1980.0535262019641     
       44450  -1977.6018166643912     
       44500  -1975.1304702587486     
       44550  -1972.6616666211503     
       44600  -1970.2276601925698     
       44650  -1967.7940588281806     
       44700  -1965.3966219923273     
       44750  -1963.0126315430407     
       44800  -1960.6621194205584     
       44850  -1958.2798448920742     
       44900  -1955.8823933260260     
       44950  -1953.4786946728905     
       45000  -1951.0841013568722     
       45050  -1948.6795128686006     
       45100  -1946.2865146236961     
       45150  -1943.9076872680223     
       45200  -1941.5488590861917     
       45250  -1939.1660626147423     
       45300  -1936.7843306975551     
       45350  -1934.4343909876241     
       45400  -1932.1253449554385     
       45450  -1929.8285213688946     
       45500  -1927.5543458960155     
       45550  -1925.3113637378526     
       45600  -1923.0678466175023     
       45650  -1920.8127034718937     
       45700  -1918.5476335624387     
       45750  -1916.2648975893526     
       45800  -1914.0437274519113     
       45850  -1911.8396444312061     
       45900  -1909.6302630437956     
       45950  -1907.4226568918880     
       46000  -1905.2328494848105     
       46050  -1903.0636539466282     
       46100  -1900.9549574018386     
       46150  -1898.8419754629822     
       46200  -1896.7423488239594     
       46250  -1894.6461769486707     
       46300  -1892.5418545546599     
       46350  -1890.4317848834419     
       46400  -1888.3261604686754     
       46450  -1886.2419178491516     
       46500  -1884.1854764652765     
       46550  -1882.1079235519242     
       46600  -1880.0293251826679     
       46650  -1877.9341778909179     
       46700  -1875.8339689469281     
       46750  -1873.7443604155410     
       46800  -1871.6377728164628     
       46850  -1869.5345301024993     
       46900  -1867.4231199024198     
       46950  -1865.3741029339947     
       47000  -1863.3408046542097     
       47050  -1861.3183538048766     
       47100  -1859.2787151387674     
       47150  -1857.2454744949955     
       47200  -1855.2254936541597     
       47250  -1853.2213250987429     
       47300  -1851.2027280734505     
       47350  -1849.1434123703466     
       47400  -1847.0676671531360     
       47450  -1844.9782279415906     
       47500  -1842.8828885033734     
       47550  -1840.7877960769547     
       47600  -1838.6827635847117     
       47650  -1836.5971004837484     
       47700  -1834.4897031131527     
       47750  -1832.3774636959963     
       47800  -1830.2399169393452     
       47850  -1828.0775895644795     
       47900  -1825.9120069495091     
       47950  -1823.7424875565716     
       48000  -1821.5565355593608     
       48050  -1819.3456035620809     
       48100  -1817.1339147067567     
       48150  -1814.9399412715543     
       48200  -1812.7056284452767     
       48250  -1810.4903058077314     
       48300  -1808.2865677739114     
       48350  -1806.0738288376690     
       48400  -1803.8836983432334     
       48450  -1801.6913398239481     
       48500  -1799.4977164596582     
       48550  -1797.3298629914925     
       48600  -1795.1407306571327     
       48650  -1792.9541762393155     
       48700  -1790.7837744833819     
       48750  -1788.6329854066792     
       48800  -1786.4941241468323     
       48850  -1784.3629077998869     
       48900  -1782.2424536641915     
       48950  -1780.1557320360100     
       49000  -1778.0597695817089     
       49050  -1775.9790817327012     
       49100  -1773.8849193407634     
       49150  -1771.7871472652589     
       49200  -1769.6977586596702     
       49250  -1767.6013921929618     
       49300  -1765.5180019040624     
       49350  -1763.4126245818325     
       49400  -1761.2898729334479     
       49450  -1759.1759778262438     
       49500  -1757.0890127162072     
       49550  -1754.9632482319926     
       49600  -1752.8542441297886     
       49650  -1750.7368588718114     
       49700  -1748.6188735084800     
       49750  -1746.5220154336885     
       49800  -1744.4065182985876     
       49850  -1742.2899174075519     
       49900  -1740.1894259950616     
       49950  -1738.0418962163576     
       50000  -1735.8847402174074     
       50050  -1733.7063029535811     
       50100  -1731.5401299485061     
       50150  -1729.3816268069875     
       50200  -1727.2448283873289     
       50250  -1725.1001968102562     
       50300  -1722.9574393452649     
       50350  -1720.8114124290119     
       50400  -1718.6986012570471     
       50450  -1716.5938456814492     
       50500  -1714.5046025565939     
       50550  -1712.4463623845404     
       50600  -1710.3752297099986     
       50650  -1708.3254282251839     
       50700  -1706.2627824953365     
       50750  -1704.1923716424094     
       50800  -1702.1056295006022     
       50850  -1700.0391115513567     
       50900  -1697.9856350386701     
       50950  -1695.9537964498074     
       51000  -1693.9397959184441     
       51050  -1691.9283796861223     
       51100  -1689.9522421110951     
       51150  -1687.9909415146315     
       51200  -1686.0427748752134     
       51250  -1684.0889031020884     
       51300  -1682.1460041075877     
       51350  -1680.2055317579679     
       51400  -1678.2807836197464     
       51450  -1676.3748506586273     
       51500  -1674.4698849051781     
       51550  -1672.5420969714371     
       51600  -1670.5978067425372     
       51650  -1668.6715872308246     
       51700  -1666.8102980738020     
       51750  -1664.9538809512994     
       51800  -1663.0758030053182     
       51850  -1661.1893305626920     
       51900  -1659.3106955657024     
       51950  -1657.4579181526992     
       52000  -1655.6111062361579     
       52050  -1653.7638933278779     
       52100  -1651.9018210307070     
       52150  -1650.0488784997353     
       52200  -1648.2104816607125     
       52250  -1646.3851386589356     
       52300  -1644.5645117467682     
       52350  -1642.7208412367547     
       52400  -1640.8772626322550     
       52450  -1639.0218302662984     
       52500  -1637.1435645769852     
       52550  -1635.3063533304958     
       52600  -1633.4860347539584     
       52650  -1631.6481123785566     
       52700  -1629.7897432898119     
       52750  -1627.9113261478390     
       52800  -1625.9850610042777     
       52850  -1624.0247294237702     
       52900  -1622.0930200492519     
       52950  -1620.1630647180127     
       53000  -1618.2348052800551     
       53050  -1616.3113502985661     
       53100  -1614.3948400301454     
       53150  -1612.4751672658929     
       53200  -1610.5442423678589     
       53250  -1608.6562576985609     
       53300  -1606.7753789228439     
       53350  -1604.8994052963412     
       53400  -1603.0367778834395     
       53450  -1601.1745604437210     
       53500  -1599.3285912433371     
       53550  -1597.4661102407229     
       53600  -1595.5844381977372     
       53650  -1593.7137242345298     
       53700  -1591.8455795252589     
       53750  -1589.9763572255586     
       53800  -1588.1525264361601     
       53850  -1586.3513752770045     
       53900  -1584.5592091125332     
       53950  -1582.7695609171180     
       54000  -1580.9782198140629     
       54050  -1579.1577298164063     
       54100  -1577.3405935363332     
       54150  -1575.5628612882174     
       54200  -1573.7775579916415     
       54250  -1572.0106959349273     
       54300  -1570.2434456316685     
       54350  -1568.4931260025583     
       54400  -1566.7786387479591     
       54450  -1565.0725092599405     
       54500  -1563.3792174060518     
       54550  -1561.7114115837544     
       54600  -1560.0455388580665     
       54650  -1558.3574993244997     
       54700  -1556.6697515801720     
       54750  -1554.9834274858820     
       54800  -1553.3149093453364     
       54850  -1551.6391144347967     
       54900  -1549.9563035830665     
       54950  -1548.2956018961008     
       55000  -1546.6617136004534     
       55050  -1545.0414675147288     
       55100  -1543.4211227059375     
       55150  -1541.8029484392107     
       55200  -1540.1694914350287     
       55250  -1538.5228937522311     
       55300  -1536.8588138024868     
       55350  -1535.2000385096385     
       55400  -1533.5124165412249     
       55450  -1531.8853386481201     
       55500  -1530.2514626651489     
       55550  -1528.6124221768980     
       55600  -1526.9921081681127     
       55650  -1525.3626807288042     
       55700  -1523.7227239798392     
       55750  -1522.0768719263008     
       55800  -1520.4643637488127     
       55850  -1518.8665649037596     
       55900  -1517.2761894838150     
       55950  -1515.6584441240836     
       56000  -1514.0447114377175     
       56050  -1512.4364189889043     
       56100  -1510.8453288817848     
       56150  -1509.2625378641483     
       56200  -1507.6711884096626     
       56250  -1506.0769908934776     
       56300  -1504.4602122974659     
       56350  -1502.8379203071036     
       56400  -1501.1968713662632     
       56450  -1499.5296799161322     
       56500  -1497.8927225569566     
       56550  -1496.2593846704992     
       56600  -1494.6487977508837     
       56650  -1493.0416539614814     
       56700  -1491.4291292499058     
       56750  -1489.8059151631803     
       56800  -1488.1664848564913     
       56850  -1486.5125670336088     
       56900  -1484.8629587289176     
       56950  -1483.2054174473392     
       57000  -1481.5518328649964     
       57050  -1479.8930184202800     
       57100  -1478.2564539676387     
       57150  -1476.6541801114392     
       57200  -1475.0695101401034     
       57250  -1473.4844459559577     
       57300  -1471.9007816955850     
       57350  -1470.3510713965075     
       57400  -1468.8060550456148     
       57450  -1467.2523517232241     
       57500  -1465.7250637520872     
       57550  -1464.1991217490709     
       57600  -1462.6381966336382     
       57650  -1461.0494247204206     
       57700  -1459.4676168404762     
       57750  -1457.8733444830941     
       57800  -1456.2752440227089     
       57850  -1454.6817827053042     
       57900  -1453.0801449570695     
       57950  -1451.4768311652172     
       58000  -1449.8448567833775     
       58050  -1448.2525265745733     
       58100  -1446.6466833724228     
       58150  -1445.0467985585276     
       58200  -1443.4377449227911     
       58250  -1441.8303670017483     
       58300  -1440.2019563940471     
       58350  -1438.5612529103339     
       58400  -1436.9251391854777     
       58450  -1435.2909582979332     
       58500  -1433.6728347851442     
       58550  -1432.0607819545776     
       58600  -1430.4677370234779     
       58650  -1428.8703834615524     
       58700  -1427.3039081704626     
       58750  -1425.7611268222302     
       58800  -1424.2181626610620     
       58850  -1422.7092744939200     
       58900  -1421.2255348581441     
       58950  -1419.7674088052725     
       59000  -1418.3165533910590     
       59050  -1416.8590097528340     
       59100  -1415.3685569357178     
       59150  -1413.8738172214796     
       59200  -1412.3940294986680     
       59250  -1410.9338386621976     
       59300  -1409.4908416210496     
       59350  -1408.0546734688726     
       59400  -1406.6426581756730     
       59450  -1405.2517284253654     
       59500  -1403.8583889343292     
       59550  -1402.4362872556608     
       59600  -1401.0106932724154     
       59650  -1399.6014764620388     
       59700  -1398.2037080733005     
       59750  -1396.8178494897816     
       59800  -1395.4136844120187     
       59850  -1394.0260807714767     
       59900  -1392.6271987930015     
       59950  -1391.2187671226645     
       60000  -1389.8057909421618     
       60050  -1388.3990435132562     
       60100  -1387.0429519306040     
       60150  -1385.6910441546745     
       60200  -1384.3517113136222     
       60250  -1383.0307640847459     
       60300  -1381.7191390243408     
       60350  -1380.4052282527125     
       60400  -1379.0765917437245     
       60450  -1377.7212413725483     
       60500  -1376.3712261928777     
       60550  -1375.0334948513507     
       60600  -1373.6780377834159     
       60650  -1372.2962450550253     
       60700  -1370.8929559276428     
       60750  -1369.4904830265548     
       60800  -1368.0929731323931     
       60850  -1366.7070243975777     
       60900  -1365.3216084290609     
       60950  -1363.9495363916728     
       61000  -1362.5602349212013     
       61050  -1361.1744135355859     
       61100  -1359.7967045359881     
       61150  -1358.4114077861054     
       61200  -1357.0418000489474     
       61250  -1355.6925915065265     
       61300  -1354.3348260468458     
       61350  -1352.9766177764684     
       61400  -1351.5873444696892     
       61450  -1350.1659820257612     
       61500  -1348.7346318457473     
       61550  -1347.2809243817585     
       61600  -1345.8143833780671     
       61650  -1344.3673131370876     
       61700  -1342.9360844520129     
       61750  -1341.4792895883907     
       61800  -1340.0228495697068     
       61850  -1338.5718718975784     
       61900  -1337.1145321155279     
       61950  -1335.6496421622185     
       62000  -1334.2000521826008     
       62050  -1332.7645059034180     
       62100  -1331.3155208332139     
       62150  -1329.8640269229563     
       62200  -1328.4126385646446     
       62250  -1326.9581777156393     
       62300  -1325.5159197446976     
       62350  -1324.1161616070453     
       62400  -1322.7190076101344     
       62450  -1321.3212008379696     
       62500  -1319.9394468927198     
       62550  -1318.5481733366296     
       62600  -1317.1368202488829     
       62650  -1315.7134818374041     
       62700  -1314.3073010915425     
       62750  -1312.9062839488947     
       62800  -1311.5027936532604     
       62850  -1310.0803888812991     
       62900  -1308.6654682266944     
       62950  -1307.2574570754080     
       63000  -1305.8490409005854     
       63050  -1304.4505447931449     
       63100  -1303.0636168240917     
       63150  -1301.6899714633464     
       63200  -1300.2801233218054     
       63250  -1298.8641421623854     
       63300  -1297.4847546401329     
       63350  -1296.1031237129466     
       63400  -1294.7145613753817     
       63450  -1293.3181127561722     
       63500  -1291.9220642583743     
       63550  -1290.5175347584418     
       63600  -1289.1358109019782     
       63650  -1287.7732151200537     
       63700  -1286.4105818154089     
       63750  -1285.0499491046162     
       63800  -1283.7191942073302     
       63850  -1282.3972723779382     
       63900  -1281.0743323948002     
       63950  -1279.7613482559518     
       64000  -1278.4463019402533     
       64050  -1277.1178794355408     
       64100  -1275.8011515513961     
       64150  -1274.5099284082976     
       64200  -1273.1893443045844     
       64250  -1271.8465796975970     
       64300  -1270.5191906233558     
       64350  -1269.2179108112605     
       64400  -1267.9284698431873     
       64450  -1266.6154563323837     
       64500  -1265.3271000737948     
       64550  -1264.0532199304153     
       64600  -1262.7797351393763     
       64650  -1261.5128196329654     
       64700  -1260.2490562327362     
       64750  -1258.9835389492989     
       64800  -1257.7160882304386     
       64850  -1256.4399364885796     
       64900  -1255.1774707487593     
       64950  -1253.9246122286927     
       65000  -1252.6875183207185     
       65050  -1251.4421687451090     
       65100  -1250.2016911198314     
       65150  -1248.9576591337391     
       65200  -1247.7580453789251     
       65250  -1246.6454443738439     
       65300  -1245.5493472905096     
       65350  -1244.4294114522741     
       65400  -1243.3037027115529     
       65450  -1242.2023710641804     
       65500  -1241.1047750747293     
       65550  -1240.0024958104952     
       65600  -1238.9027788362559     
       65650  -1237.7954529443550     
       65700  -1236.6671164773832     
       65750  -1235.5520568981192     
       65800  -1234.4475483118499     
       65850  -1233.3330791130561     
       65900  -1232.2105916365367     
       65950  -1231.0803347208871     
       66000  -1229.9530336935379     
       66050  -1228.7965482183470     
       66100  -1227.6275948643367     
       66150  -1226.4755290248497     
       66200  -1225.3184634983656     
       66250  -1224.1792076832830     
       66300  -1223.0328652249827     
       66350  -1221.8863968526234     
       66400  -1220.7336452688494     
       66450  -1219.5711625104395     
       66500  -1218.4064009287988     
       66550  -1217.2504828940607     
       66600  -1216.0925688719476     
       66650  -1214.9251726818343     
       66700  -1213.7559408980580     
       66750  -1212.5662585655032     
       66800  -1211.3723064444819     
       66850  -1210.1731292553577     
       66900  -1209.0033255830003     
       66950  -1207.8871969088400     
       67000  -1206.7961116149711     
       67050  -1205.7099955605095     
       67100  -1204.6124902156421     
       67150  -1203.5193518678327     
       67200  -1202.4196682814047     
       67250  -1201.3320658576683     
       67300  -1200.2454474380097     
       67350  -1199.1708086020294     
       67400  -1198.0868109162780     
       67450  -1196.9854104913102     
       67500  -1195.8664120061640     
       67550  -1194.7281143769633     
       67600  -1193.5699968471581     
       67650  -1192.4257163300163     
       67700  -1191.2658589960281     
       67750  -1190.1015975418820     
       67800  -1188.9367958454111     
       67850  -1187.7928276932048     
       67900  -1186.6314023254570     
       67950  -1185.4559922284038     
       68000  -1184.2870496994483     
       68050  -1183.1311992627723     
       68100  -1181.9824681531588     
       68150  -1180.8225721828148     
       68200  -1179.6606210800996     
       68250  -1178.5038942742378     
       68300  -1177.3549716081011     
       68350  -1176.2217100137520     
       68400  -1175.0908555050069     
       68450  -1173.9591782446873     
       68500  -1172.8573282451653     
       68550  -1171.7565198750990     
       68600  -1170.6714736436143     
       68650  -1169.5977575430122     
       68700  -1168.5347793824853     
       68750  -1167.4752803736071     
       68800  -1166.4284250143805     
       68850  -1165.3894727568124     
       68900  -1164.3387163730990     
       68950  -1163.2715974760372     
       69000  -1162.1905115500315     
       69050  -1161.1118475258941     
       69100  -1160.0331404205890     
       69150  -1158.9667849037678     
       69200  -1157.8902955606222     
       69250  -1156.8194133329423     
       69300  -1155.7328875352266     
       69350  -1154.6790457156451     
       69400  -1153.6264668393396     
       69450  -1152.5583254497255     
       69500  -1151.4848017191953     
       69550  -1150.4271831866918     
       69600  -1149.3689185745777     
       69650  -1148.3246057896758     
       69700  -1147.2836452967799     
       69750  -1146.2431340076159     
       69800  -1145.2018278137054     
       69850  -1144.1998823123472     
       69900  -1143.2130617191106     
       69950  -1142.2016345749269     
       70000  -1141.1611152566832     
       70050  -1140.1248255838318     
       70100  -1139.0848245331777     
       70150  -1138.0521970942484     
       70200  -1137.0312456657014     
       70250  -1136.0138885943693     
       70300  -1134.9967493821405     
       70350  -1133.9853128716602     
       70400  -1132.9828655901706     
       70450  -1131.9870160808075     
       70500  -1131.0135993758156     
       70550  -1130.0538583225566     
       70600  -1129.0566996950145     
       70650  -1128.0779362245935     
       70700  -1127.1221264364497     
       70750  -1126.1689250946149     
       70800  -1125.2144533413677     
       70850  -1124.2555669067879     
       70900  -1123.2840887022301     
       70950  -1122.2908820082689     
       71000  -1121.2929494495224     
       71050  -1120.2683784787960     
       71100  -1119.2359159716691     
       71150  -1118.2228826619250     
       71200  -1117.1955477796641     
       71250  -1116.1487729534776     
       71300  -1115.1022030500269     
       71350  -1114.0475461922756     
       71400  -1112.9819271114254     
       71450  -1111.9260862642404     
       71500  -1110.8530842156192     
       71550  -1109.7788789641409     
       71600  -1108.6962498240484     
       71650  -1107.6120375123060     
       71700  -1106.5276614030267     
       71750  -1105.4275915008336     
       71800  -1104.3238785338920     
       71850  -1103.2145709507308     
       71900  -1102.0997708742209     
       71950  -1100.9890349193088     
       72000  -1099.8725366900551     
       72050  -1098.7496214285979     
       72100  -1097.6449833387339     
       72150  -1096.5380558421145     
       72200  -1095.4284006242804     
       72250  -1094.3476864463676     
       72300  -1093.2557790676972     
       72350  -1092.1638639773182     
       72400  -1091.0615605560722     
       72450  -1089.9544671302090     
       72500  -1088.8604593611872     
       72550  -1087.7769246081082     
       72600  -1086.6911523303138     
       72650  -1085.5981946276856     
       72700  -1084.4704367538563     
       72750  -1083.3395850051202     
       72800  -1082.2077488841642     
       72850  -1081.0743731179443     
       72900  -1079.9500264918231     
       72950  -1078.8464430904507     
       73000  -1077.7244004873646     
       73050  -1076.6115563365515     
       73100  -1075.5255437648912     
       73150  -1074.4614832754050     
       73200  -1073.4154429184366     
       73250  -1072.3845717372651     
       73300  -1071.3472547516601     
       73350  -1070.3008920407451     
       73400  -1069.2746113533597     
       73450  -1068.2775561874980     
       73500  -1067.2908384012787     
       73550  -1066.3041931653624     
       73600  -1065.3089655492859     
       73650  -1064.3116327835889     
       73700  -1063.3069698401932     
       73750  -1062.3042331185752     
       73800  -1061.3196601929344     
       73850  -1060.3337627962439     
       73900  -1059.3694328912259     
       73950  -1058.4359818894543     
       74000  -1057.5188997537894     
       74050  -1056.5983895454183     
       74100  -1055.6715376462471     
       74150  -1054.7445236497065     
       74200  -1053.8043823963853     
       74250  -1052.8843187751918     
       74300  -1051.9964044814735     
       74350  -1051.1144359278908     
       74400  -1050.2258297868682     
       74450  -1049.3474536845056     
       74500  -1048.4627086348889     
       74550  -1047.5635076343040     
       74600  -1046.6373691569543     
       74650  -1045.7134898954855     
       74700  -1044.7725104674491     
       74750  -1043.8160112406263     
       74800  -1042.8741442052903     
       74850  -1041.9479992979630     
       74900  -1041.0375817337897     
       74950  -1040.1177735439142     
       75000  -1039.1900029485423     
       75050  -1038.2435022682610     
       75100  -1037.2894443522428     
       75150  -1036.3423089835126     
       75200  -1035.3890377599566     
       75250  -1034.4197377255871     
       75300  -1033.4492363401664     
       75350  -1032.4793352597571     
       75400  -1031.4926927170300     
       75450  -1030.5105571714043     
       75500  -1029.5675681557525     
       75550  -1028.6184294315572     
       75600  -1027.6870336997781     
       75650  -1026.7551442781021     
       75700  -1025.8334646739518     
       75750  -1024.9203975611820     
       75800  -1024.0250334934192     
       75850  -1023.1303766618514     
       75900  -1022.2382607622455     
       75950  -1021.3489749204061     
       76000  -1020.4598263143976     
       76050  -1019.5796659430333     
       76100  -1018.7129393601176     
       76150  -1017.8188599653733     
       76200  -1016.9197296325376     
       76250  -1016.0124163094426     
       76300  -1015.0985438082572     
       76350  -1014.1760259822489     
       76400  -1013.2639728939067     
       76450  -1012.3577153652968     
       76500  -1011.4323118355310     
       76550  -1010.5140413726674     
       76600  -1009.6046274988031     
       76650  -1008.6878570531534     
       76700  -1007.7631206771611     
       76750  -1006.8690911677386     
       76800  -1006.0077985649182     
       76850  -1005.1489783192305     
       76900  -1004.2800141803472     
       76950  -1003.3959124412731     
       77000  -1002.5351044984238     
       77050  -1001.6784406943019     
       77100  -1000.8097843479279     
       77150  -999.93882538043397     
       77200  -999.05920371228137     
       77250  -998.19603527028869     
       77300  -997.33866242649344     
       77350  -996.46770349990823     
       77400  -995.60640614680165     
       77450  -994.73603628909268     
       77500  -993.87204802242650     
       77550  -993.03066823112431     
       77600  -992.21591758781824     
       77650  -991.40626232086595     
       77700  -990.60229580484565     
       77750  -989.79091214352354     
       77800  -988.98005090837773     
       77850  -988.14388497223899     
       77900  -987.30097389606146     
       77950  -986.46466924903507     
       78000  -985.62785291164960     
       78050  -984.80515535745383     
       78100  -983.98348175997364     
       78150  -983.12978449105094     
       78200  -982.27981557747989     
       78250  -981.43328404545002     
       78300  -980.58222400441207     
       78350  -979.74085488205867     
       78400  -978.89102026340652     
       78450  -978.01351276613241     
       78500  -977.12529720041323     
       78550  -976.23457208615866     
       78600  -975.33325270988257     
       78650  -974.43102238024437     
       78700  -973.54270445060968     
       78750  -972.65556375611766     
       78800  -971.75386445686945     
       78850  -970.83912013688962     
       78900  -969.92586425107220     
       78950  -969.00874198548183     
       79000  -968.09062298714855     
       79050  -967.18041022440207     
       79100  -966.28012780421250     
       79150  -965.36594937757593     
       79200  -964.44000345736856     
       79250  -963.51330530357632     
       79300  -962.59306276189261     
       79350  -961.65589208540177     
       79400  -960.71508709066552     
       79450  -959.77636176254066     
       79500  -958.84387865000133     
       79550  -957.91535227383565     
       79600  -956.98774792611380     
       79650  -956.06270778535372     
       79700  -955.13308486496032     
       79750  -954.20349354720202     
       79800  -953.28931747386525     
       79850  -952.38035181462203     
       79900  -951.48011505237844     
       79950  -950.59004404618531     
       80000  -949.70691050476250     
